2090
2116
2116
2117
2115
2115
2101
2102
2086
2079
2070
2076
2079
2088
2098
2097
2086
2078
2056
2059
2059
2089
2124
2144
2124
2043
1912
1777
1664
1621
1656
1763
1887
1997
2055
2067
2035
2009
2022
2067
2179
2328
2442
2519
2570
2578
2563
2555
2574
2640
2742
2833
2937
2981
2977
2931
2874
2828
2804
2826
2870
2967
3046
3109
3110
3073
2991
2898
2858
2855
2929
3006
3079
3135
3131
3074
2974
2840
2722
2620
2558
2488
2420
2360
2287
2226
2185
2169
2188
2206
2245
2255
2228
2172
2131
2108
2082
2117
2170
2192
2210
2241
2269
2275
2284
2304
2329
2351
2392
2441
2458
2491
2510
2510
2512
2524
2496
2486
2479
2489
2520
2545
2595
2646
2683
2712
2729
2736
2732
2728
2739
2745
2760
2742
2721
2669
2635
2554
2492
2448
2409
2383
2400
2412
2427
2417
2426
2448
2445
2454
2465
2455
2452
2424
2388
2351
2298
2270
2251
2240
2227
2214
2180
2150
2114
2082
2045
2002
1964
1929
1884
1839
1799
1777
1744
1718
1697
1676
1627
1604
1572
1551
1541
1546
1547
1555
1574
1570
1576
1578
1581
1581
1591
1609
1624
1645
1661
1682
1683
1672
1697
1713
1747
1784
1808
1843
1872
1883
1873
1857
1843
1814
1809
1772
1784
1788
1769
1758
1763
1763
1781
1768
1750
1738
1716
1700
1674
1657
1663
1645
1631
1617
1585
1579
1555
1535
1519
1509
1487
1470
1453
1449
1455
1443
1414
1397
1388
1369
1336
1316
1285
1264
1220
1191
1126
1082
1032
987
952
933
903
851
798
747
686
643
593
549
513
482
441
413
391
348
309
262
225
228
207
187
186
191
188
187
182
185
183
186
193
187
188
173
165
156
145
143
136
135
129
126
122
122
119
114
112
112
108
108
106
105
105
104
103
102
102
102
103
102
103
103
103
103
103
103
103
105
104
105
104
103
104
102
104
103
103
102
102
102
99
100
99
99
99
99
100
99
99
99
100
99
99
101
101
104
105
106
108
109
110
110
112
115
116
120
124
128
128
133
138
140
146
160
174
191
228
272
323
366
418
467
511
562
625
692
767
850
923
1008
1085
1145
1209
1276
1341
1397
1466
1554
1616
1646
1674
1693
1717
1752
1787
1852
1915
1960
2022
2053
2086
2155
2212
2297
2387
2457
2524
2622
2682
2752
2828
2883
2968
3034
3133
3233
3326
3431
3532
3641
3740
3847
3943
4053
4094
4094
4094
4094
4094
4094
4094
4094
4094
4095
4094
4094
4095
4094
4094
4094
4094
4094
4094
4094
4094
4094
4094
4094
4095
4095
4094
4094
4094
4094
4094
4094
4094
4094
4094
4094
4094
4094
4094
4094
4094
4094
4095
4094
4094
4094
4094
4095
4094
4094
4094
4094
4094
4094
4094
4094
4094
4095
4094
4095
4094
4094
4095
4094
4094
4095
4094
4094
4094
4094
4094
4094
4094
4095
4094
4094
4094
4094
4094
4094
4094
4095
4094
4094
4094
4094
4095
4094
4095
4094
4095
4094
4094
4094
4094
4094
4095
4094
4095
4095
4094
4094
4095
4094
4094
4094
4094
4094
4095
4094
4094
4094
4094
4094
4094
4094
4094
4095
4094
4094
4094
4094
4094
4094
4094
4094
4094
4094
4094
4094
4094
4094
4094
4094
4094
4095
4094
4094
3955
3784
3646
3528
3434
3336
3251
3151
3064
2979
2889
2798
2695
2620
2559
2482
2432
2380
2313
2249
2204
2148
2100
2057
2016
1971
1923
1881
1828
1786
1734
1670
1610
1545
1480
1424
1376
1310
1259
1204
1122
1070
1003
951
881
827
762
714
676
638
590
543
498
460
435
416
373
367
351
328
303
278
264
250
256
248
268
264
273
282
289
273
277
258
272
276
285
289
290
269
252
240
244
220
210
199
201
188
194
183
181
177
167
163
167
159
162
156
150
152
147
144
142
138
140
139
134
136
135
132
132
130
130
131
129
129
132
129
131
129
129
133
133
136
140
142
141
141
148
151
163
168
171
179
192
198
211
229
225
249
259
263
277
285
284
297
314
328
334
332
331
337
340
347
368
388
389
423
444
448
463
492
528
555
584
615
651
679
724
753
782
817
861
912
947
980
1032
1076
1102
1142
1184
1223
1264
1304
1315
1348
1384
1421
1453
1489
1525
1555
1597
1652
1695
1712
1743
1767
1787
1820
1842
1871
1906
1940
1969
1993
2010
2055
2089
2126
2163
2172
2208
2217
2241
2278
2305
2330
2372
2411
2427
2459
2472
2491
2529
2558
2588
2623
2667
2710
2739
2779
2820
2847
2884
2904
2945
2992
3028
3050
3091
3120
3166
3191
3226
3252
3276
3308
3347
3379
3395
3442
3469
3477
3514
3548
3575
3584
3625
3648
3673
3706
3736
3769
3788
3808
3831
3847
3886
3902
3924
3948
3997
4044
4083
4093
4094
4095
4094
4094
4094
4094
4095
4094
4094
4094
4094
4094
4094
4095
4094
4094
4094
4095
4094
4094
4094
4094
4094
4094
4094
4094
4094
4095
4094
4094
4095
4094
4094
4094
4094
4095
4094
4094
4094
4094
4094
4094
4094
4094
4094
4094
4094
4094
4094
4094
4094
4094
4095
4094
4094
4094
4094
4094
4094
4095
4094
4094
4095
4094
4094
4094
4094
4094
4094
4095
4094
4094
4094
4095
4094
4094
4094
4094
4095
4094
4095
4094
4094
4094
4094
4094
4094
4094
4094
4094
4094
4094
4095
4094
4094
4094
4095
4095
4091
4094
3974
3888
3977
4047
4060
4030
3987
3924
3888
3848
3651
3462
3386
3313
3264
3260
3313
3228
3176
3296
3356
3375
3356
3335
3283
3232
3181
3142
3074
3028
2966
2904
2840
2784
2712
2656
2579
2510
2431
2363
2279
2201
2127
2049
1964
1899
1827
1759
1689
1608
1539
1452
1382
1334
1279
1226
1157
1098
1039
960
888
835
787
764
702
645
603
556
505
458
401
359
315
259
229
204
169
164
154
146
142
134
132
128
123
120
118
115
112
108
107
103
102
101
98
97
95
93
93
90
90
88
86
86
85
84
83
82
81
80
79
79
79
78
78
76
76
76
75
74
73
73
73
73
72
72
71
71
71
71
71
70
70
70
70
70
69
69
69
68
68
68
68
68
68
68
68
68
68
68
68
67
68
68
68
67
67
67
67
68
101
67
69
68
68
68
69
69
69
69
69
70
71
70
71
71
71
71
72
72
72
73
73
74
75
75
76
76
76
78
78
79
79
80
81
82
83
84
84
87
88
89
91
92
94
95
97
98
101
103
106
111
113
116
121
126
132
138
149
161
181
211
275
352
426
517
601
715
802
916
1020
1115
1211
1316
1408
1512
1598
1686
1779
1856
1943
2031
2112
2183
2256
2324
2395
2462
2528
2596
2664
2722
2802
2863
2923
2977
3036
3082
3124
3179
3218
3280
3331
3369
3416
3461
3499
3526
3569
3618
3665
3715
3770
3813
3855
3886
3916
3952
3993
4063
4093
4094
4094
4095
4094
4094
4094
4094
4094
4094
4094
4094
4094
4094
4094
4094
4094
4094
4094
4094
4094
4094
4094
4095
4094
4094
4094
4094
4095
4094
4095
4094
4094
4094
4094
4094
4094
4094
4094
4095
4094
4094
4094
4094
4094
4094
4094
4094
4094
4094
4095
4094
4094
4095
4095
4095
4095
4094
4094
4094
4094
4095
4094
4095
4094
4094
4094
4094
4094
4094
4094
4095
4094
4094
4094
4094
4094
4094
4094
4094
4093
4008
3906
3843
3767
3708
3655
3577
3505
3431
3407
3359
3322
3287
3239
3183
3132
3083
3034
2993
2951
2901
2849
2793
2743
2679
2639
2588
2531
2475
2426
2367
2321
2272
2203
2149
2096
2041
1995
1938
1889
1823
1746
1697
1630
1583
1526
1486
1431
1381
1330
1257
1208
1161
1096
1052
1003
935
877
824
792
742
677
626
588
541
488
445
392
344
297
261
224
208
190
179
169
165
153
150
145
139
138
136
135
132
130
126
125
124
123
120
119
118
118
119
117
116
115
115
115
115
112
112
111
112
111
109
109
108
107
107
108
107
106
105
105
105
103
104
103
103
104
103
103
102
102
102
101
102
102
102
103
103
103
104
103
103
104
105
106
108
107
108
110
109
110
111
111
112
112
117
119
119
119
122
126
127
127
131
132
136
141
142
151
150
158
165
175
181
194
224
244
285
322
377
412
463
500
554
600
648
725
771
815
883
926
977
1009
1044
1111
1169
1216
1279
1316
1389
1443
1487
1528
1589
1653
1708
1764
1823
1863
1911
1971
2025
2083
2112
2174
2232
2283
2324
2376
2427
2483
2529
2557
2603
2642
2678
2745
2767
2802
2833
2873
2902
2949
2972
2996
3032
3068
3122
3150
3198
3221
3241
3274
3309
3358
3388
3413
3468
3504
3520
3553
3564
3600
3642
3666
3703
3739
3782
3809
3840
3874
3888
3916
3953
3978
4015
4060
4092
4095
4094
4094
4094
4094
4095
4094
4094
4095
4094
4094
4094
4094
4095
4094
4094
4094
4094
4094
4094
4094
4094
4095
4095
4094
4094
4094
4094
4094
4094
4094
4094
4094
4094
4094
4094
4094
4095
4094
4094
4094
4095
4095
4095
4094
4094
4094
4094
4094
4094
4094
4095
4094
4094
4095
4094
4094
4094
4094
4094
4094
4094
4095
4094
4094
4094
4094
4094
4094
4094
4094
4094
4094
4094
4094
4094
4094
4092
4007
3925
3880
3844
3817
3790
3762
3743
3710
3692
3665
3644
3612
3578
3537
3518
3492
3451
3420
3395
3368
3356
3311
3288
3266
3227
3199
3190
3158
3135
3116
3095
3069
3051
3026
2982
2936
2913
2892
2868
2824
2789
2775
2738
2712
2686
2655
2641
2622
2593
2566
2522
2447
2420
2391
2367
2338
2307
2268
2228
2204
2171
2168
2137
2103
2080
2055
2028
2018
1998
1959
1904
1873
1849
1823
1792
1750
1729
1707
1675
1649
1625
1586
1552
1536
1504
1472
1439
1403
1387
1348
1311
1283
1247
1219
1179
1151
1116
1088
1054
1016
982
958
940
900
880
844
800
782
736
705
669
648
624
586
555
521
495
466
451
430
413
395
370
336
313
284
257
247
233
224
196
188
190
180
169
167
166
163
163
162
157
152
150
150
146
149
144
143
142
141
139
136
136
136
135
136
132
133
131
167
127
131
132
126
171
127
129
140
187
127
135
130
130
134
130
136
132
137
134
136
138
142
140
138
143
140
147
146
149
152
153
156
155
166
176
175
176
185
193
201
216
223
224
246
262
270
296
339
365
383
412
453
487
514
546
591
641
673
707
742
773
808
836
876
920
951
995
1047
1088
1128
1166
1188
1245
1290
1327
1377
1415
1465
1488
1535
1580
1552
1578
1551
1678
1760
1825
1841
1888
1928
1983
2049
2077
2040
1878
1843
1827
1856
1886
2102
2191
2176
2144
2359
2521
2606
2648
2685
2714
2739
2778
2812
2828
2860
2884
2931
2944
2952
2978
3000
3016
3032
3059
3088
3100
3132
3150
3148
3164
3188
3211
3235
3258
3281
3306
3339
3356
3269
3319
3264
3339
3393
3433
3471
3476
3499
3508
3513
3516
3528
3516
3534
3543
3562
3574
3585
3596
3591
3592
3603
3616
3640
3648
3666
3659
3660
3667
3672
3663
3670
3673
3668
3671
3683
3680
3682
3680
3678
3681
3674
3684
3676
3679
3684
3684
3675
3660
3669
3664
3646
3648
3631
3635
3648
3625
3624
3617
3587
3603
3592
3572
3572
3572
3564
3564
3536
3532
3528
3523
3511
3491
3490
3485
3461
3449
3434
3420
3414
3406
3387
3374
3372
3371
3347
3326
3307
3292
3270
3240
3243
3232
3217
3200
3185
3180
3159
3134
3105
3078
3065
3043
3021
3006
3002
2983
2960
2927
2902
2861
2859
2823
2799
2780
2761
2722
2705
2673
2666
2641
2608
2589
2558
2540
2524
2492
2463
2443
2413
2385
2362
2327
2292
2259
2245
2196
2176
2151
2134
2096
2085
2046
2026
2001
1953
1926
1892
1867
1827
1805
1774
1747
1731
1693
1645
1626
1602
1563
1519
1504
1465
1423
1394
1385
1348
1332
1308
1288
1243
1203
1177
1128
1105
1081
1049
1011
1002
981
961
937
895
876
832
810
782
750
730
705
686
648
639
613
588
556
537
521
505
478
473
443
438
412
390
370
352
342
315
293
279
266
253
243
233
226
219
203
206
192
189
182
185
183
176
176
179
176
178
171
170
173
168
174
166
167
165
169
168
169
166
165
159
163
158
169
161
169
166
164
169
172
165
173
178
170
177
179
184
188
195
200
196
207
212
215
225
232
249
253
283
304
331
348
364
382
408
405
426
443
476
498
528
555
584
606
631
663
693
714
736
785
812
823
846
863
879
927
938
965
1013
1048
1076
1095
1115
1137
1163
1210
1265
1293
1312
1356
1395
1409
1446
1462
1499
1522
1563
1601
1625
1650
1700
1731
1768
1796
1828
1855
1886
1920
1970
2000
2035
2067
2104
2131
2158
2188
2228
2259
2291
2328
2358
2384
2415
2454
2499
2504
2552
2566
2599
2631
2668
2693
2720
2748
2774
2784
2803
2822
2852
2883
2904
2915
2947
2963
2979
3011
3017
3043
3066
3081
3097
3120
3128
3151
3164
3170
3182
3198
3216
3241
3248
3281
3279
3286
3306
3295
3305
3328
3345
3352
3383
3407
3412
3419
3419
3427
3427
3424
3440
3452
3433
3436
3431
3424
3422
3422
3427
3420
3433
3435
3424
3422
3420
3440
3428
3401
3398
3406
3396
3407
3409
3398
3380
3379
3357
3337
3325
3308
3319
3292
3278
3270
3256
3223
3222
3201
3187
3180
3160
3163
3148
3140
3121
3096
3083
3084
3069
3043
3032
3032
3012
2989
2981
2959
2942
2928
2911
2886
2856
2824
2813
2799
2787
2752
2729
2721
2695
2697
2699
2675
2659
2638
2592
2575
2553
2550
2536
2512
2504
2496
2474
2445
2419
2406
2377
2376
2364
2345
2319
2319
2316
2303
2295
2264
2240
2199
2186
2177
2159
2157
2159
2160
2140
2121
2103
2084
2067
2052
2044
2044
2031
2024
2004
1969
1944
1932
1901
1902
1889
1899
1883
1855
1844
1831
1814
1803
1801
1787
1766
1752
1717
1689
1663
1652
1649
1633
1638
1638
1644
1629
1608
1599
1586
1553
1529
1542
1521
1511
1516
1508
1516
1509
1497
1476
1461
1457
1451
1452
1464
1447
1448
1464
1449
1454
1431
1410
1415
1419
1417
1409
1395
1393
1388
1382
1378
1360
1354
1356
1369
1368
1370
1358
1365
1354
1355
1360
1360
1361
1350
1344
1339
1340
1343
1336
1336
1348
1364
1378
1385
1389
1390
1376
1372
1380
1377
1387
1395
1412
1419
1414
1403
1411
1408
1409
1428
1423
1439
1452
1459
1455
1446
1447
1459
1460
1471
1469
1468
1458
1454
1463
1465
1498
1512
1517
1521
1539
1555
1543
1545
1538
1528
1537
1537
1554
1572
1575
1593
1589
1594
1601
1604
1599
1600
1607
1617
1625
1645
1646
1655
1648
1671
1671
1687
1684
1712
1724
1733
1743
1757
1762
1766
1772
1769
1777
1795
1810
1811
1821
1829
1840
1844
1847
1863
1866
1863
1870
1875
1895
1904
1910
1907
1916
1917
1916
1944
1950
1976
1979
1975
1979
1976
1994
2002
2016
2032
2030
2039
2030
2025
2015
2028
2025
2046
2039
2055
2079
2096
2104
2110
2109
2113
2115
2119
2135
2148
2151
2155
2155
2174
2173
2174
2168
2166
2174
2186
2192
2215
2222
2233
2225
2223
2227
2232
2231
2231
2238
2238
2261
2266
2257
2254
2267
2254
2259
2271
2272
2274
2296
2290
2294
2303
2286
2304
2291
2308
2301
2313
2300
2313
2323
2324
2335
2322
2335
2336
2356
2368
2375
2387
2389
2386
2393
2397
2393
2399
2409
2409
2411
2418
2418
2414
2417
2419
2440
2448
2460
2470
2463
2451
2441
2443
2425
2428
2432
2427
2424
2455
2455
2462
2449
2457
2447
2449
2442
2447
2466
2488
2495
2480
2489
2479
2453
2468
2464
2460
2473
2479
2477
2470
2460
2449
2432
2440
2448
2444
2446
2471
2451
2444
2417
2419
2411
2403
2407
2411
2422
2403
2394
2394
2372
2362
2365
2365
2361
2366
2380
2371
2363
2356
2334
2314
2307
2295
2283
2303
2317
2317
2328
2301
2293
2296
2280
2264
2275
2298
2315
2327
2322
2310
2286
2278
2264
2255
2255
2268
2284
2282
2278
2274
2267
2247
2232
2211
2226
2238
2099
2128
2177
2193
2204
2204
2192
2195
2202
2203
2190
2175
2163
2160
2145
2148
2149
2140
2156
2157
2163
2145
2127
2124
2113
2093
2102
2115
2113
2104
2107
2104
2097
2108
2080
2046
2041
2060
2081
2092
2083
2062
2047
2059
2044
2040
2030
2018
2029
2032
2044
2035
2028
2027
2007
1995
2003
