2023
2028
2021
2009
2009
1992
1988
2009
2007
2016
2007
2006
2000
1984
1985
1956
1961
1990
2031
2064
2088
2069
2004
1928
1843
1777
1753
1760
1790
1824
1835
1815
1790
1742
1716
1721
1765
1837
1917
2008
2068
2075
2074
2068
2075
2108
2157
2240
2324
2380
2401
2412
2419
2430
2476
2535
2595
2620
2677
2687
2663
2639
2599
2595
2583
2595
2595
2573
2576
2567
2544
2542
2563
2577
2612
2626
2624
2601
2582
2548
2515
2490
2454
2449
2441
2454
2455
2470
2484
2457
2414
2362
2295
2244
2213
2198
2191
2206
2219
2179
2144
2086
2006
1960
1934
1934
1957
1979
1995
2023
2009
2007
1982
1969
1944
1960
1978
1992
1987
1991
1961
1935
1914
1915
1912
1907
1905
1898
1888
1876
1875
1881
1865
1851
1823
1816
1795
1777
1752
1737
1736
1727
1726
1729
1715
1716
1714
1721
1714
1705
1685
1675
1663
1641
1637
1658
1660
1670
1685
1692
1689
1701
1691
1665
1649
1645
1644
1636
1650
1679
1684
1684
1705
1691
1704
1721
1741
1765
1805
1836
1878
1907
1933
1965
1999
2053
2080
2105
2137
2151
2170
2195
2228
2236
2240
2247
2258
2262
2262
2283
2280
2283
2292
2310
2301
2320
2323
2338
2334
2343
2356
2365
2363
2355
2367
2380
2405
2440
2463
2457
2445
2447
2438
2444
2475
2494
2548
2604
2657
2706
2732
2748
2743
2754
2776
2805
2841
2864
2876
2876
2869
2868
2848
2862
2860
2876
2880
2879
2855
2843
2829
2822
2809
2798
2799
2780
2764
2756
2736
2723
2709
2701
2689
2669
2662
2636
2632
2632
2580
2621
2628
2648
2630
2608
2594
2599
2593
2590
2572
2575
2550
2549
2528
2507
2488
2464
2420
2403
2377
2342
2303
2243
2205
2156
2091
2033
1972
1923
1868
1812
1753
1686
1626
1572
1522
1459
1392
1338
1286
1246
1190
1139
1080
1039
986
925
881
793
667
679
654
601
550
531
496
448
386
259
213
210
199
174
178
172
160
154
148
143
140
136
131
128
127
126
122
119
118
115
115
116
113
113
112
111
110
109
107
106
107
107
144
104
107
104
105
105
143
102
102
103
103
103
102
100
101
100
99
99
99
99
100
100
99
100
100
100
103
102
103
103
104
104
104
105
106
107
108
111
111
112
113
116
117
119
124
124
128
132
139
145
154
175
188
224
252
287
352
418
489
563
628
710
775
863
933
998
1080
1161
1235
1322
1395
1460
1526
1599
1670
1737
1794
1867
1934
2015
2067
2127
2186
2246
2302
2379
2450
2516
2573
2644
2714
2789
2856
2926
3006
3064
3132
3218
3287
3369
3451
3524
3600
3656
3714
3776
3827
3906
3984
4056
4094
4094
4095
4094
4094
4094
4094
4094
4094
4095
4095
4094
4094
4095
4095
4094
4094
4095
4094
4094
4094
4094
4094
4095
4094
4094
4094
4094
4094
4094
4094
4095
4094
4094
4095
4094
4094
4094
4094
4094
4094
4094
4094
4094
4094
4094
4095
4094
4095
4094
4095
4094
4094
4094
4094
4094
4094
4094
4094
4094
4094
4094
4094
4094
4094
4094
4095
4094
4094
4094
4094
4094
4094
4094
4094
4094
4094
4094
4094
4094
4094
4094
4094
4094
4094
4094
4095
4094
4095
4095
4094
4094
4095
4094
4094
4094
4095
4094
4094
4094
4094
4094
4094
4091
3941
3846
3759
3698
3651
3588
3537
3487
3428
3373
3319
3284
3221
3178
3121
3065
3035
2987
2945
2903
2868
2812
2755
2709
2657
2604
2549
2503
2457
2404
2356
2311
2245
2187
2135
2103
2048
2015
1972
1945
1915
1862
1828
1778
1722
1696
1673
1648
1620
1607
1576
1550
1504
1475
1441
1417
1376
1363
1351
1340
1316
1269
1239
1215
1192
1171
1158
1127
1114
1081
1059
1021
1002
974
932
918
896
867
833
803
779
752
733
704
679
649
647
638
635
612
599
561
545
529
508
495
498
503
500
479
454
456
454
438
425
416
423
397
400
398
396
401
379
360
361
344
350
352
360
353
351
346
336
337
325
324
332
354
344
342
342
324
323
324
329
343
351
366
375
378
391
415
419
423
462
486
509
527
544
557
553
568
583
583
613
624
638
662
671
688
710
723
723
743
763
774
788
806
822
843
850
845
836
856
844
859
872
896
883
895
898
903
902
896
905
903
910
924
928
917
919
944
948
959
958
968
982
1001
1020
1034
1059
1068
1071
1077
1097
1110
1132
1145
1151
1168
1187
1192
1181
1194
1224
1252
1276
1311
1317
1334
1359
1365
1373
1397
1435
1457
1492
1506
1526
1548
1583
1599
1612
1635
1669
1700
1725
1737
1777
1804
1827
1838
1870
1884
1897
1923
1950
1976
1999
2011
2015
2044
2053
2087
2121
2136
2163
2191
2204
2215
2225
2265
2288
2298
2314
2340
2359
2366
2387
2383
2409
2428
2456
2478
2503
2524
2548
2578
2604
2603
2599
2639
2644
2660
2696
2713
2718
2749
2760
2782
2787
2805
2811
2836
2843
2856
2885
2881
2878
2894
2908
2918
2915
2925
2954
2967
2984
2972
2972
2974
2997
3016
3042
3053
3070
3081
3079
3097
3097
3103
3132
3149
3156
3162
3171
3164
3175
3181
3192
3207
3226
3238
3244
3256
3274
3305
3327
3335
3314
3328
3345
3355
3367
3397
3417
3429
3427
3457
3484
3504
3498
3519
3546
3556
3568
3593
3619
3623
3638
3655
3653
3649
3662
3672
3683
3706
3703
3720
3735
3716
3740
3728
3710
3742
3754
3758
3748
3735
3736
3726
3718
3711
3695
3683
3666
3667
3660
3644
3624
3620
3614
3600
3595
3580
3561
3532
3520
3494
3473
3449
3423
3384
3367
3354
3347
3295
3264
3240
3210
3177
3153
3122
3102
3066
3040
3019
2986
2959
2935
2916
2891
2876
2855
2838
2806
2772
2756
2756
2742
2720
2710
2672
2648
2641
2604
2575
2552
2532
2509
2463
2442
2412
2383
2345
2313
2286
2262
2228
2180
2150
2110
2095
2044
2015
1982
1935
1890
1863
1818
1786
1754
1718
1664
1627
1608
1557
1523
1482
1447
1421
1397
1360
1332
1310
1276
1232
1193
1160
1140
1106
1098
1084
1063
1015
994
975
950
920
905
884
868
819
804
780
761
742
730
699
668
648
624
600
584
573
548
529
510
504
474
476
443
424
409
391
363
333
316
293
291
282
275
267
251
233
230
227
227
232
227
204
211
204
200
203
210
207
209
206
208
214
234
222
236
246
250
256
259
280
293
316
316
338
355
371
396
416
430
459
480
521
551
568
591
610
637
664
693
722
744
776
814
848
870
890
922
936
960
1001
1039
1074
1113
1155
1198
1212
1244
1281
1312
1349
1398
1433
1469
1464
1487
1515
1536
1569
1596
1638
1678
1724
1761
1818
1845
1872
1912
1935
1968
2011
2049
2073
2105
2124
2142
2173
2186
2220
2245
2268
2309
2352
2372
2398
2410
2412
2444
2455
2486
2511
2561
2581
2586
2594
2607
2620
2630
2660
2674
2703
2709
2736
2741
2758
2775
2814
2851
2865
2883
2901
2908
2915
2934
2949
2963
2993
3020
3052
3074
3098
3129
3163
3176
3190
3204
3204
3228
3235
3251
3260
3283
3290
3298
3308
3324
3335
3346
3359
3377
3383
3404
3411
3408
3414
3406
3419
3426
3416
3438
3452
3454
3479
3475
3419
3452
3465
3479
3484
3503
3515
3522
3537
3547
3556
3558
3576
3584
3569
3564
3562
3579
3575
3567
3561
3552
3560
3545
3542
3539
3531
3529
3515
3514
3504
3499
3485
3479
3454
3431
3417
3391
3376
3361
3342
3335
3301
3286
3262
3233
3210
3190
3174
3160
3000
3044
3083
3089
3086
3060
3054
3037
3026
2968
2869
2822
2856
2784
2820
2851
2849
2848
2871
2844
2785
2750
2728
2706
2691
2653
2618
2605
2571
2530
2511
2482
2450
2443
2401
2379
2348
2322
2257
2159
2163
2143
2123
2072
2046
2026
1992
1959
1828
1745
1750
1775
1760
1607
1503
1562
1611
1638
1617
1592
1558
1527
1477
1457
1423
1391
1365
1327
1290
1253
1220
1174
1140
1097
1071
1044
1010
983
950
905
883
849
816
783
741
702
671
636
611
579
560
535
493
453
422
399
382
341
304
281
265
230
213
193
186
179
172
170
167
164
162
156
155
146
150
145
139
143
143
138
138
135
137
131
132
128
132
131
135
134
134
135
134
132
132
130
135
133
133
134
132
138
132
134
136
139
142
143
144
150
151
153
151
158
163
157
166
171
180
182
204
199
211
221
236
262
295
321
370
405
435
479
483
484
516
549
585
631
693
723
759
795
833
870
922
952
996
1042
1096
1148
1179
1228
1255
1313
1338
1372
1408
1444
1483
1535
1587
1625
1664
1702
1735
1771
1788
1839
1873
1907
1940
1976
2001
2036
2068
2107
2131
2164
2201
2199
2240
2259
2289
2315
2337
2377
2411
2439
2467
2496
2511
2530
2569
2590
2623
2663
2662
2701
2725
2763
2790
2816
2845
2866
2894
2902
2920
2950
2979
3008
3016
3046
3068
3076
3109
3118
3137
3159
3171
3186
3209
3220
3224
3239
3250
3246
3248
3263
3274
3300
3303
3299
3310
3311
3316
3324
3327
3344
3347
3363
3370
3351
3360
3357
3361
3372
3374
3377
3396
3395
3379
3396
3384
3372
3367
3356
3347
3342
3339
3337
3322
3307
3278
3259
3247
3248
3251
3228
3227
3194
3183
3161
3149
3130
3102
3089
3065
3079
3079
3080
3051
3034
3012
2996
2984
2978
2961
2942
2938
2930
2916
2901
2887
2882
2854
2845
2835
2826
2817
2803
2796
2770
2753
2730
2736
2708
2708
2700
2691
2673
2658
2635
2603
2587
2562
2553
2559
2557
2550
2538
2533
2526
2492
2469
2458
2430
2427
2425
2409
2388
2371
2365
2343
2327
2311
2292
2304
2291
2283
2279
2266
2250
2234
2230
2214
2211
2192
2187
2184
2164
2152
2140
2152
2140
2122
2116
2115
2094
2097
2091
2083
2060
2072
2041
2055
2049
2038
2030
2013
1985
1986
1968
1964
1958
1965
1975
1971
1980
1956
1937
1904
1882
1873
1870
1873
1854
1855
1845
1831
1816
1819
1794
1789
1784
1771
1771
1766
1748
1750
1742
1727
1720
1696
1677
1657
1655
1644
1620
1612
1606
1596
1584
1569
1572
1578
1573
1552
1538
1539
1515
1508
1503
1494
1495
1473
1474
1456
1441
1418
1414
1414
1398
1392
1383
1393
1367
1353
1346
1350
1348
1342
1322
1319
1328
1309
1289
1279
1294
1286
1276
1267
1261
1248
1242
1241
1250
1236
1214
1215
1204
1202
1187
1207
1203
1208
1200
1205
1189
1192
1202
1201
1203
1209
1207
1216
1221
1209
1218
1229
1209
1214
1214
1216
1208
1218
1220
1237
1248
1265
1259
1267
1252
1243
1254
1265
1265
1278
1287
1304
1323
1336
1328
1336
1343
1353
1383
1386
1409
1412
1425
1444
1457
1469
1492
1520
1531
1535
1548
1562
1572
1600
1620
1636
1654
1676
1695
1703
1712
1740
1756
1764
1776
1787
1803
1835
1851
1875
1880
1888
1901
1925
1927
1952
1966
2000
1997
2007
2032
2032
2058
2063
2072
2096
2123
2146
2169
2193
2221
2227
2236
2247
2275
2295
2310
2335
2359
2378
2406
2430
2430
2430
2439
2457
2483
2514
2537
2549
2554
2552
2554
2572
2569
2596
2612
2622
2642
2656
2669
2689
2701
2721
2732
2765
2767
2780
2784
2794
2801
2799
2816
2817
2830
2833
2852
2865
2860
2859
2869
2864
2868
2883
2906
2915
2912
2911
2926
2925
2924
2916
2926
2911
2920
2913
2921
2932
2935
2943
2945
2936
2936
2956
2962
2962
2976
2970
2959
2941
2938
2933
2945
2965
2956
2959
2950
2930
2935
2932
2918
2924
2931
2910
2915
2916
2924
2920
2908
2904
2900
2889
2899
2900
2884
2890
2907
2901
2895
2895
2897
2881
2879
2875
2873
2872
2869
2861
2864
2845
2833
2835
2834
2811
2804
2800
2806
2812
2803
2808
2794
2787
2779
2771
2762
2752
2746
2753
2754
2739
2741
2732
2721
2722
2716
2721
2712
2691
2683
2671
2679
2653
2643
2635
2623
2603
2600
2598
2577
2577
2573
2560
2552
2544
2537
2522
2508
2486
2479
2452
2434
2409
2395
2382
2380
2368
2344
2326
2294
2288
2281
2272
2262
2248
2240
2224
2203
2165
2157
2163
2154
2132
2119
2110
2099
2073
2068
2058
2028
2010
1986
1981
1972
1947
1938
1915
1913
1895
1890
1875
1848
1830
1819
1806
1793
1788
1786
1789
1775
1760
1736
1716
1704
1683
1672
1675
1666
1674
1665
1647
1618
1614
1592
1578
1581
1576
1580
1570
1552
1556
1536
1517
1495
1488
1468
1468
1468
1456
1454
1448
1423
1402
1392
1389
1384
1368
1376
1362
1356
1356
1336
1319
1311
1315
1293
1282
1266
1256
1251
1235
1220
1212
1213
1196
1176
1169
1182
1189
1190
1181
1171
1159
1137
1136
1126
1127
1124
1147
1145
1138
1144
1126
1117
1092
1102
1107
1114
1124
1139
1130
1105
1098
1082
1088
1088
1094
1115
1122
1115
1120
1132
1132
1136
1134
1139
1145
1159
1167
1176
1174
1172
1179
1177
1180
1191
1210
1219
1251
1258
1248
1239
1235
1230
1247
1254
1259
1283
1303
1325
1311
1315
1323
1318
1313
1324
1347
1363
1376
1388
1395
1402
1383
1396
1390
1403
1422
1384
1420
1441
1454
1468
1475
1475
1478
1485
1496
1525
1524
1534
1556
1573
1576
1590
1609
1626
1646
1656
1674
1673
1679
1692
1699
1701
1708
1722
1742
1766
1800
1803
1812
1828
1835
1865
1879
1891
1920
1954
1966
1973
1972
1977
1983
1995
2019
2025
2055
2071
2001
1898
2021
2071
2091
2123
2144
2175
2203
2218
2184
2105
2074
2124
2195
2144
2166
2231
2281
2320
2334
2352
2352
2370
2371
2371
2371
2366
2384
2396
2396
2387
2385
2407
2400
2399
2413
2431
2422
2440
2446
2457
2460
2451
2318
2375
2436
2317
2383
2428
2469
2465
2473
2485
2494
2487
2490
2490
2496
2496
2500
2502
2475
2491
2486
2489
2495
2484
2496
2506
2497
2490
2484
2471
2470
2460
2454
2450
2462
2465
2472
2463
2476
2472
2454
2442
2427
2422
2428
2416
2408
2431
2417
2396
2396
2400
2399
2403
2413
2407
2416
2409
2390
2375
2382
2358
2350
2344
2342
2344
2351
2334
2325
2340
2329
2329
2328
2308
2301
2275
2278
2264
2257
2236
2235
2222
2220
2215
2214
2214
2196
2188
2173
2159
2153
2139
2135
2128
2119
2114
2100
2087
2087
2072
2068
2052
2040
2023
2016
2009
2003
1990
1973
1974
1959
1960
1942
1933
1910
1903
1892
1881
1710
1546
1574
1718
1784
1815
1820
1818
1809
1828
1829
1817
1824
1805
1792
1776
1762
1763
1764
1747
1749
1742
1738
1729
1731
1732
1729
1715
1719
1712
1719
1715
1718
1715
1719
1703
1725
1718
1708
1709
1714
1716
1722
1735
1732
1734
1734
1741
1747
1760
1753
1754
1740
1736
1749
1743
1752
1756
1752
1752
1760
1775
1769
1769
1767
1766
1776
1772
1777
1799
1820
1822
1821
1816
1804
1793
1801
1815
1834
1834
1843
1853
1867
1865
1840
1845
1855
1883
1884
1870
1887
1879
1874
1890
1895
1902
1918
1912
1934
1928
1949
1949
1943
1961
1971
1972
1968
1995
1999
1991
2003
2002
2016
2026
2032
2033
2047
2053
2063
2064
2094
2072
2081
2087
2097
2083
2092
2119
2152
2153
2165
2173
2166
2152
2160
2159
2163
2173
2189
2199
2201
2216
2211
2200
2198
2193
2211
2217
2225
2220
2209
2224
2215
2223
2215
2219
2226
2239
2239
2233
2222
2223
2224
2208
2196
2185
2202
2215
2225
2213
2216
2200
2186
2171
2164
2166
2157
2172
2180
2171
2144
2123
2121
2109
2094
2116
2102
2102
2099
2089
2082
2095
2080
2069
2054
2074
2068
2059
2047
2043
2034
2040
2041
2030
2038
2015
2032
2029
2020
2017
2000
2023
2007
1979
1974
1996
1998
2002
2004
2011
1991
1986
1962
1972
1978
1978
1987
1976
1980
1984
1980
1976
1965
1968
1958
1964
1971
1963
1970
1978
1973
1964
1968
1954
1963
1979
1973
1970
1966
1966
1977
1969
1979
1986
1977
1976
1976
1976
1982
1983
1963
1951
1946
1937
1954
1956
1951
1946
1947
1953
1958
1960
1945
1958
1954
1939
1951
1952
1954
1981
1978
1977
1980
1977
1970
1950
1944
1959
1957
1960
1958
1959
1969
1971
1967
1970
1957
1963
1984
1989
1998
1991
2003
1988
1988
1999
1998
1999
1999
2018
2029
2015
2011
2032
2032
2032
2037
2025
2017
2030
2051
2054
2058
2045
2046
2063
2079
2087
2080
2079
2073
2080
2083
2082
2071
2073
2088
2089
2101
2112
2120
2113
2111
2110
2116
2115
2108
2115
2122
2136
2137
2132
2112
2110
2120
2124
2114
2110
2112
2100
2102
2098
2114
2110
2097
2098
2096
2110
2112
2117
2111
2113
2111
2129
2126
2097
2095
2103
2115
2110
2117
2119
2115
2094
2099
2099
2096
2096
2094
2092
2084
2084
2072
2061
2062
2075
2079
2082
2095
2083
2083
2062
2064
2047
2043
2045
2053
2060
2068
2075
2063
2067
2052
2047
2053
2040
2055
2061
2054
2056
2052
2048
2040
2049
2047
2059
2059
2065
2068
2051
2042
2040
2044
2027
2024
2031
2035
2045
2041
2032
2036
2057
2040
2054
2064
2064
2065
2037
2039
2047
2059
2064
2054
2048
2048
2056
2065
2065
2082
2073
2066
2063
2067
2073
2078
2083
2086
2080
2096
2096
2096
2099
2095
2092
2094
2079
2080
2092
2082
2095
2096
2105
2083
2096
2105
2096
2101
2116
2119
2112
2105
2111
2111
2120
2112
2127
2121
2119
2121
2116
2106
2118
2126
2115
2119
2123
2127
2126
2118
2101
2107
2107
2124
2123
2124
2135
2137
2138
2149
2139
2118
2117
2113
2115
2135
2137
2132
2123
2124
2115
2136
2121
2113
2101
2089
2094
2108
2111
2104
2096
2081
2073
2073
2059
2063
2062
2066
2044
2032
2028
2016
2031
2031
2034
2016
2014
2014
2001
1999
1994
1989
1974
1972
1969
1969
1968
1952
1960
1941
1943
1927
1923
1924
1930
1928
1924
1917
1906
1895
1871
1868
1872
1880
1868
1886
1883
1880
1893
1886
1867
1880
1886
1873
1863
1872
1865
1862
1862
1860
1866
1867
1871
1864
1851
1856
1856
1871
1871
1857
1863
1858
1863
1863
1858
1881
1887
1878
1885
1890
1896
1877
1883
1884
1904
1904
1911
1920
1917
1897
1905
1897
1909
1911
1916
1908
1907
1905
1900
1897
1879
1892
1884
1895
1910
1922
1922
1938
1930
1934
1946
1927
1931
1931
1951
1944
1959
1950
1953
1954
1968
1967
1974
1976
1974
1967
1976
1978
1987
1980
1984
1988
2004
2000
2008
2002
2020
2016
2024
2040
2052
2060
2054
2058
2081
2077
2076
2072
2078
2092
2094
2111
2137
2164
2165
2167
2158
2153
2160
2181
2197
2183
2211
2208
2215
2212
2204
2227
2252
2232
2244
2238
2230
2232
2250
2237
2250
2256
2264
2252
2257
2267
2257
2268
2265
2268
2267
2266
2260
2251
2236
2233
2236
2240
2216
2223
2236
2222
2224
2230
2230
2216
2215
2199
2183
2176
2179
2171
2166
2168
2162
2164
2159
2161
2137
2131
2144
2133
2117
2116
2113
2092
2083
2079
2067
2067
2073
2070
2063
2068
2055
2061
2051
2037
2027
2018
2029
2035
2014
2022
2017
2020
2030
2027
2012
2025
2024
2004
1971
1976
1987
2006
1999
2000
2008
2022
2023
2019
2022
2007
1998
1993
2000
1992
1985
1995
1996
1987
1966
1972
1968
1968
1967
1963
1970
1976
1991
1986
1974
1981
1959
1940
1937
1944
1941
1947
1948
1938
1944
1931
1911
1918
1907
1895
1896
1909
1906
1903
1856
1822
1868
1903
1891
1895
1904
1912
1901
1836
1756
1723
1800
1784
1761
1841
1885
1906
1933
1942
1936
1929
1916
1909
1908
1911
1906
1920
1930
1917
1927
1920
1910
1906
1908
1914
1763
1850
1916
1948
1954
1963
1860
1906
1919
1944
1947
1981
1972
1966
1972
1964
