2057
2040
2054
2046
2048
2049
2032
2047
2034
2027
2034
2043
2027
2049
2049
2032
2016
2012
2012
2023
2022
2034
2020
2016
2011
2024
2035
2039
2039
2047
2033
2020
2034
2008
2002
2013
2016
2015
2017
2024
2030
2007
2008
2019
2007
1997
2007
2009
2005
1999
1998
2006
1997
2014
2011
2003
2003
1990
1984
1987
2003
1991
1984
1980
1959
1947
1942
1951
1959
1954
1950
1944
1939
1934
1939
1934
1919
1896
1903
1906
1908
1908
1903
1890
1886
1891
1891
1890
1895
1893
1893
1891
1885
1879
1863
1844
1856
1846
1861
1865
1861
1852
1852
1863
1858
1865
1867
1879
1872
1882
1884
1886
1884
1873
1865
1861
1868
1868
1870
1887
1886
1887
1887
1883
1867
1863
1866
1868
1873
1868
1870
1874
1890
1868
1874
1871
1868
1879
1868
1873
1876
1873
1864
1856
1854
1849
1868
1877
1886
1876
1864
1869
1857
1860
1855
1851
1847
1856
1865
1860
1852
1856
1857
1849
1827
1834
1835
1833
1835
1852
1855
1854
1836
1823
1821
1821
1821
1833
1833
1846
1850
1857
1843
1842
1841
1845
1852
1864
1882
1879
1901
1887
1888
1895
1910
1919
1911
1913
1907
1908
1926
1936
1937
1947
1964
1960
1952
1961
1963
1971
1992
1996
1992
2000
2016
2018
2031
2043
2056
2046
2032
2032
2036
2040
2033
2038
2049
2060
2070
2072
2060
2076
2080
2065
2068
2048
2060
2065
2088
2091
2092
2097
2083
2076
2078
2079
2077
2079
2082
2088
2102
2108
2092
2103
2112
2105
2114
2116
2129
2116
2105
2103
2118
2115
2113
2126
2136
2127
2131
2111
2123
2130
2143
2137
2132
2119
2152
2147
2146
2137
2120
2128
2131
2134
2140
2152
2162
2174
2179
2174
2168
2172
2162
2172
2186
2200
2199
2185
2190
2179
2168
2176
2193
2198
2189
2203
2199
2159
2178
2189
2209
2225
2215
2233
2219
2202
2210
2207
2210
2211
2207
2210
2232
2221
2215
2211
2219
2211
2201
2211
2204
2212
2214
2229
2226
2208
2212
2216
2200
2191
2182
2187
2162
2163
2164
2169
2172
2171
2172
2166
2172
2168
2168
2151
2163
2176
2173
2173
2176
2169
2155
2148
2161
2144
2142
2011
2054
2000
2086
2112
2133
2140
2128
2132
2129
2115
2021
1964
1969
2001
1969
2048
2095
2115
2123
2118
2124
2116
2109
2115
2118
2119
2119
2116
2112
2107
2099
2075
2078
2082
2068
2079
2094
2111
2099
2088
2073
2085
2078
2070
2073
2056
2067
2060
2054
2060
1961
2012
2047
2052
2050
2055
2051
2040
2052
2035
2061
2039
2032
2030
2038
2038
2024
2019
1998
1987
1987
2006
1982
1985
2006
2003
1996
1992
2003
2001
2003
1997
1995
2003
2016
2021
2022
2004
2006
2003
2011
1990
1987
1982
1985
1988
1988
1976
1984
1976
1990
1988
1985
1980
1984
1982
1990
1990
2009
2003
1990
1996
2001
1994
1994
1996
2000
1991
1991
1996
1995
1984
1987
1991
2002
1982
1973
1970
1972
1973
1983
1990
1991
2000
1992
1982
1980
1976
1964
1964
1959
1952
1967
1983
1988
2002
2000
2005
1991
1974
1959
1953
1968
1971
1951
1966
1960
1968
1966
1964
1976
1971
1963
1965
1952
1940
1947
1966
1963
1968
1957
1957
1959
1962
1950
1952
1949
1952
1952
1943
1948
1952
1943
1948
1939
1943
1937
1948
1941
1946
1950
1950
1952
1954
1956
1937
1955
1952
1939
1946
1952
1943
1947
1959
1945
1948
1946
1949
1941
1949
1938
1950
1958
1959
1959
1957
1958
1953
1959
1963
1965
1953
1968
1968
1967
1976
1968
1975
1964
1955
1960
1959
1962
1956
1955
1959
1964
1961
1966
1962
1952
1944
1947
1950
1940
1954
1947
1961
1951
1971
1955
1973
1979
1994
1995
1990
1975
1976
1966
1952
1967
1977
1978
1980
1971
1982
1978
1966
1960
1958
1944
1959
1950
1947
1951
1960
1953
1971
1982
1969
1968
1967
1964
1971
1986
1989
1984
2001
1990
1979
1988
1974
1976
1973
1959
1985
1985
1992
1985
1994
1998
1999
1982
1997
1999
1991
2015
2010
2014
2020
2013
2009
2007
2017
2030
2033
2037
2052
2052
2038
2040
2036
2054
2060
2057
2049
2046
2053
2054
2052
2050
2046
2060
2048
2041
2057
2067
2069
2071
2063
2060
2051
2056
2059
2077
2072
2072
2067
2051
2044
2046
2037
2030
2054
2062
2064
2053
2040
2031
2049
2043
2038
2041
2030
2035
2033
2019
2002
1999
2003
1988
1982
1978
1993
2003
2018
2008
2012
2004
1984
1984
2000
1988
2009
2017
2022
2018
2014
2018
2023
2026
2016
2022
2021
2009
2002
2016
2020
2028
2022
2003
2012
2020
2004
2012
2012
2017
2012
2002
1999
2003
2003
2010
2025
2028
2023
2021
1995
2010
2004
1999
2012
2008
1999
2007
1997
1991
1984
1969
1974
1971
1970
1963
1968
1990
1976
1971
1960
1964
1955
1953
1958
1944
1944
1948
1921
1933
1938
1921
1914
1917
1912
1917
1937
1923
1915
1896
1900
1893
1878
1884
1882
1889
1875
1879
1864
1868
1869
1864
1872
1865
1865
1868
1856
1868
1863
1867
1863
1876
1862
1856
1856
1856
1868
1859
1850
1842
1855
1851
1859
1871
1871
1872
1878
1896
1895
1905
1903
1886
1897
1887
1882
1888
1904
1902
1907
1901
1909
1920
1910
1905
1916
1915
1921
1936
1931
1929
1929
1934
1936
1930
1933
1959
1951
1959
1950
1956
1967
1960
1948
1966
1969
1960
1974
1976
1982
1980
1990
1971
1973
1976
1985
1976
1982
1972
1984
1990
1980
1986
2000
2009
2020
2027
2035
2028
2031
2027
2030
2037
2035
2014
2044
2047
2056
2055
2057
2051
2039
2037
2019
2031
2055
2075
2073
2088
2089
2099
2092
2088
2067
2088
2096
2096
2096
2095
2095
2097
2095
2101
2108
2105
2106
2108
2107
2101
2103
2116
2132
2122
2130
2120
2123
2143
2128
2120
2120
2126
2127
2135
2144
2130
2138
2144
2138
2119
2113
2122
2120
2133
2140
2153
2149
2146
2140
2124
2115
2121
2126
2135
2140
2140
2140
2150
2142
2144
2145
2146
2147
2154
2160
2167
2152
2156
2160
2163
2158
2163
2149
2147
2165
2168
2176
2177
2185
2181
2188
2184
2183
2181
2159
2173
2174
2206
2235
2241
2215
2114
1968
1815
1735
1734
1811
1948
2079
2171
2241
2280
2292
2337
2403
2508
2616
2742
2849
2939
2979
2985
3001
3032
3086
3180
3265
3351
3432
3472
3494
3470
3462
3462
3459
3473
3486
3513
3526
3534
3540
3495
3428
3363
3320
3324
3381
3470
3535
3579
3569
3492
3375
3249
3124
2998
2887
2784
2680
2565
2431
2298
2207
2155
2158
2173
2188
2191
2140
2089
2043
2008
2021
2068
2137
2182
2214
2224
2232
2251
2313
2412
2520
2648
2740
2791
2815
2823
2818
2813
2820
2852
2886
2914
2936
2933
2912
2895
2892
2907
2967
3054
3124
3207
3256
3297
3307
3320
3324
3308
3277
3238
3199
3148
3001
2921
2839
2800
2776
2785
2804
2812
2807
2815
2818
2815
2798
2787
2772
2731
2694
2641
2576
2529
2487
2447
2428
2406
2353
2296
2236
2169
2115
2061
2007
1935
1863
1788
1759
1691
1671
1634
1587
1567
1512
1481
1451
1421
1395
1403
1411
1427
1436
1426
1430
1432
1440
1456
1476
1476
1472
1492
1504
1468
1483
1497
1536
1592
1645
1697
1724
1745
1735
1704
1666
1636
1596
1577
1559
1530
1499
1470
1423
1380
1336
1288
1239
1194
1160
1123
1070
1017
952
893
851
794
724
673
621
590
556
505
470
414
374
340
310
295
297
282
266
270
268
222
207
195
179
169
160
146
136
132
128
122
121
120
116
113
113
108
106
104
102
99
99
98
97
95
94
92
91
89
88
87
86
86
85
86
86
86
86
85
85
85
85
84
84
83
83
82
80
80
80
79
78
78
77
76
75
75
75
74
73
73
72
72
72
71
71
71
71
71
71
71
72
72
72
73
73
73
73
74
74
75
75
75
76
76
77
78
78
78
79
78
79
79
81
81
81
81
82
83
83
84
85
86
87
88
88
91
92
94
96
97
99
102
103
107
108
116
119
126
131
140
144
159
176
204
250
335
493
655
705
742
855
974
1108
1288
1444
1559
1672
1772
1878
1974
2086
2201
2324
2420
2511
2599
2675
2753
2804
2868
2914
2963
3012
3084
3111
3170
3222
3288
3330
3406
3470
3545
3624
3708
3795
3875
3960
4061
4008
4095
4094
4094
4094
4094
4094
4095
4094
4094
4094
4094
4094
4094
4094
4094
4094
4095
4094
4094
4094
4094
4094
4095
4094
4094
4095
4094
4095
4094
4095
4094
4095
4094
4094
4094
4094
4094
4094
4094
4094
4094
4094
4095
4094
4094
4094
4094
4094
4094
4094
4094
4094
4094
4094
4094
4094
4094
4094
4094
4094
4094
4094
4095
4094
4095
4094
4094
4094
4094
4094
4094
4094
4094
4094
4094
4094
4094
4094
4094
4094
4094
4094
4095
4094
4094
4094
4094
4094
4094
4094
4095
4094
4094
4094
4094
4094
4094
4095
4094
4094
4094
4094
4095
4094
4094
4095
4094
4094
4094
4094
4094
4094
4094
4094
4094
4094
4094
4094
4094
4094
4094
4094
4095
4094
4094
4094
4094
4095
4094
4094
4094
4094
4094
4094
4095
4095
4094
4094
4094
4094
4094
4095
4094
4094
4095
4094
4094
3961
3778
3639
3510
3392
3284
3174
3068
2969
2835
2727
2607
2489
2390
2293
2171
2099
2006
1938
1871
1788
1710
1636
1575
1495
1411
1342
1277
1220
1175
1134
1088
1025
982
935
887
831
767
704
645
581
509
462
408
327
250
195
167
154
143
138
132
129
127
124
119
117
114
114
110
108
107
104
107
105
105
104
105
104
104
103
104
103
103
103
105
105
104
105
107
107
106
105
104
105
103
104
104
103
103
103
102
100
102
100
99
98
98
97
99
97
96
95
95
94
94
92
92
92
91
91
90
89
89
89
88
89
88
88
88
89
89
89
90
89
90
91
91
91
92
93
93
94
95
98
99
99
100
102
103
104
107
108
108
111
110
111
114
114
114
118
118
119
118
119
117
119
120
124
120
124
126
131
131
135
138
145
144
149
153
166
174
179
205
232
260
324
391
432
476
543
594
681
747
809
871
927
984
1046
1114
1166
1216
1278
1332
1384
1448
1511
1582
1627
1682
1742
1801
1853
1908
1985
2034
2085
2146
2198
2238
2288
2340
2388
2450
2500
2539
2588
2625
2678
2727
2793
2849
2914
2959
2991
3046
3072
3119
3165
3215
3261
3322
3367
3406
3443
3482
3522
3563
3620
3670
3708
3748
3790
3844
3879
3923
3977
4017
4057
4093
4094
4094
4095
4094
4094
4094
4094
4094
4094
4094
4094
4094
4095
4094
4095
4094
4094
4094
4094
4094
4094
4094
4095
4094
4094
4095
4094
4095
4094
4094
4094
4094
4094
4094
4094
4094
4094
4094
4094
4094
4094
4094
4094
4094
4094
4094
4094
4094
4094
4094
4095
4094
4094
4094
4094
4095
4094
4094
4094
4094
4095
4094
4095
4094
4095
4094
4094
4094
4095
4094
4094
4094
4094
4094
4094
4094
4094
4094
4094
4094
4094
4094
4095
4094
4094
4095
4094
4094
4094
4094
4095
4095
4094
4095
4094
4095
4094
4094
4095
4095
4095
4094
4095
4095
4094
4094
4094
4094
4094
4094
4094
4094
4095
4095
4094
4095
4094
4095
4094
4095
4094
4094
4094
4094
4094
4094
4094
4094
4094
4094
4094
4095
4094
4095
4094
4092
3930
3832
3748
3666
3569
3489
3409
3342
3266
3203
3119
3032
2965
2896
2823
2743
2676
2618
2536
2465
2392
2320
2249
2186
2088
2025
1956
1901
1815
1740
1652
1574
1487
1409
1323
1248
1150
1059
975
888
810
724
640
566
486
420
337
254
196
168
151
147
138
134
127
123
120
118
113
112
109
106
106
104
102
99
99
96
94
95
93
92
91
89
88
87
87
84
83
82
81
80
79
79
78
77
76
75
74
74
73
72
72
71
71
70
70
69
68
68
67
67
67
67
66
66
66
65
65
65
65
64
64
64
64
64
64
64
64
64
64
63
63
63
63
63
63
63
63
63
63
63
63
63
63
63
63
64
64
64
64
64
64
64
64
65
65
65
65
65
65
66
65
65
66
67
66
67
67
67
68
68
68
68
69
69
70
70
71
72
71
72
74
75
75
76
76
77
78
79
79
81
82
83
84
86
87
88
91
94
96
99
102
104
107
111
115
120
127
132
146
161
193
225
287
393
475
588
694
808
915
1011
1103
1232
1330
1441
1539
1636
1737
1862
1962
2058
2140
2257
2344
2436
2532
2636
2733
2810
2918
2992
3076
3140
3213
3282
3351
3433
3505
3572
3651
3710
3746
3787
3845
3891
3937
3990
4020
4091
4094
4094
4094
4094
4094
4094
4094
4095
4094
4094
4095
4095
4095
4095
4094
4094
4094
4094
4094
4094
4094
4094
4094
4094
4094
4095
4094
4094
4095
4094
4094
4094
4094
4094
4094
4094
4094
4094
4094
4094
4094
4095
4094
4094
4094
4094
4094
4094
4094
4094
4094
4094
4094
4094
4094
4094
4094
4094
4094
4095
4095
4094
4095
4094
4094
4094
4094
4095
4094
4094
4094
4094
4094
4095
4094
4095
4094
4095
4094
4094
4094
4094
4095
4094
4094
4094
4094
4094
4094
4095
4095
4094
4094
4095
4094
4056
3930
3864
3795
3736
3693
3620
3541
3470
3404
3353
3288
3224
3148
3086
3017
2944
2866
2814
2737
2672
2609
2531
2475
2409
2336
2229
2178
2125
2065
1981
1914
1860
1806
1744
1668
1604
1531
1461
1388
1306
1234
1164
1107
1033
960
901
848
767
711
632
582
513
456
396
345
290
257
223
189
164
153
151
143
139
136
133
127
127
124
120
118
115
114
113
112
111
110
108
108
107
104
103
103
102
102
100
100
98
99
141
96
95
96
96
96
94
95
95
95
106
109
119
92
94
108
92
93
93
93
93
94
94
93
94
95
94
95
95
95
95
96
96
97
97
98
99
98
98
99
149
99
102
102
102
103
103
107
107
109
109
110
112
114
116
118
119
123
124
126
131
138
142
145
158
170
185
204
232
261
299
366
431
488
562
640
682
735
806
858
919
993
1048
1112
1171
1230
1275
1337
1406
1463
1512
1590
1654
1718
1790
1849
1910
1977
2030
2074
2127
2173
2223
2287
2350
2414
2476
2518
2565
2627
2680
2721
2790
2821
2884
2931
2968
3006
3060
3103
3164
3227
3265
3308
3352
3409
3454
3503
3545
3589
3629
3671
3708
3751
3790
3825
3856
3892
3896
3929
3948
3961
3992
4020
4056
4084
4092
4094
4094
4094
4094
4094
4094
4094
4094
4094
4094
4094
4094
4094
4094
4094
4094
4094
4094
4094
4094
4094
4094
4094
4094
4094
4095
4094
4095
4094
4095
4094
4094
4094
4095
4094
4094
4094
4095
4095
4094
4094
4094
4094
4094
4095
4094
4094
4094
4094
4094
4094
4094
4094
4094
4094
4094
4095
4094
4094
4094
4095
4094
4094
4095
4094
4095
4094
4094
4095
4094
4094
4095
4094
4094
4094
4095
4095
4094
4094
4095
4094
4094
4095
4095
4095
4094
4094
4094
4094
4095
4094
4093
4056
3955
3892
3845
3792
3756
3712
3673
3654
3626
3592
3573
3520
3486
3458
3407
3364
3329
3295
3269
3236
3209
3186
3131
3094
3056
3025
3004
2975
2940
2917
2882
2854
2808
2780
2764
2722
2687
2645
2620
2581
2546
2516
2458
2420
2405
2365
2335
2321
2299
2255
2222
2192
2152
2105
2075
2047
2029
1999
1962
1933
1894
1840
1806
1794
1755
1717
1684
1671
1641
1593
1577
1548
1515
1483
1441
1431
1397
1377
1357
1313
1277
1254
1206
1185
1162
1118
1099
1076
1062
1039
1004
975
956
909
899
875
855
856
824
790
754
722
680
667
625
620
600
582
559
548
521
484
445
401
385
377
379
352
331
299
277
246
225
216
221
207
190
185
175
171
167
167
164
158
155
152
152
144
145
144
138
140
140
140
134
135
132
132
129
131
131
131
129
126
125
127
123
126
123
123
121
122
121
120
121
121
121
121
118
121
119
121
119
120
119
121
122
120
120
120
120
122
120
122
122
124
124
124
124
126
128
130
132
133
136
138
137
142
143
143
145
153
151
154
165
171
167
179
192
213
231
249
263
285
334
352
398
435
476
504
556
582
621
668
705
746
793
824
871
900
959
987
1014
1059
1095
1142
1188
1224
1273
1305
1345
1387
1430
1483
1520
1561
1614
1659
1700
1741
1784
1818
1879
1932
1982
2027
2078
2112
2156
2204
2246
2288
2334
2367
2401
2456
2504
2548
2579
2630
2670
2692
2736
2758
2795
2842
2857
2887
2935
2989
3010
3033
3059
3109
3138
3168
3199
3231
3265
3292
3311
3312
3336
3360
3380
3412
3432
3438
3479
3494
3491
3507
3526
3536
3563
3582
3603
3625
3626
3656
3678
3672
3670
3675
3693
3716
3732
3739
3755
3765
3768
3778
3784
3790
3814
3816
3823
3834
3841
3817
3826
3840
3836
3852
3846
3866
3863
3865
3859
3868
3868
3881
3879
3888
3871
3855
3858
3858
3855
3844
3836
3828
3811
3809
3803
3798
3787
3772
3747
3728
3720
3707
3679
3665
3662
3650
3630
3620
3583
3547
3514
3490
3471
3436
3421
3404
3385
3379
3350
3321
3296
3277
3258
3251
3216
3199
3173
3140
3114
3087
3088
3075
3048
3033
3022
2998
2984
2975
2942
2912
2875
2856
2814
2803
2783
2773
2759
2739
2704
2676
2663
2624
2605
2569
2560
2526
2516
2473
2447
2425
2395
2355
2318
2301
2272
2258
2234
2215
2183
2137
2104
2072
2023
1996
1967
1941
1910
1881
1844
1795
1760
1724
1697
1646
1643
1615
1587
1550
1497
1474
1424
1389
1356
1315
1303
1287
1256
1229
1187
1139
1111
1075
1047
1027
998
970
942
926
879
850
801
775
749
739
721
719
695
677
646
608
563
537
521
513
516
492
481
454
426
399
385
364
367
359
353
365
347
326
302
283
262
270
262
255
258
241
243
236
222
201
205
204
201
204
213
208
194
191
192
193
193
196
192
198
195
188
179
180
176
176
177
189
187
188
189
190
191
189
183
187
190
190
197
202
208
201
207
207
216
226
226
244
266
270
269
273
292
304
308
332
360
366
396
422
453
449
457
461
480
513
540
579
588
610
634
678
700
724
747
761
798
824
854
900
932
977
1009
1041
1062
1104
1139
1165
1207
1239
1285
1303
1340
1358
1395
1442
1478
1508
1547
1581
1639
1660
1712
1735
1772
1798
1830
1873
1920
1943
1967
1999
2019
2032
2078
2137
2147
2198
2228
2247
2279
2312
2341
2380
2396
2433
2454
2487
2527
2551
2572
2606
2621
2649
2663
2680
2720
2739
2763
2788
2819
2854
2886
2899
2919
2945
2974
2997
3022
3055
3073
3090
3099
3120
3152
3168
3215
3219
3247
3271
3274
3282
3284
3290
3305
3320
3338
3357
3370
3387
3400
3411
3409
3435
3457
3467
3474
3494
3479
3473
3468
3490
3500
3502
3501
3497
3507
3502
3497
3514
3509
3514
3488
3498
3498
3489
3492
3425
3441
3462
3468
3472
3475
3468
3457
3451
3420
3422
3414
3391
3384
3368
3374
3364
3368
3349
3324
3332
3306
3290
3276
3257
3256
3248
3218
3200
3184
3157
3145
3141
3097
3079
3046
3033
3029
2993
2986
2972
2955
2924
2912
2895
2850
2836
2831
2820
2786
2776
2759
2750
2727
2719
2681
2656
2630
2614
2510
2387
2461
2496
2520
2506
2493
2470
2454
2432
2388
2307
2205
2155
2214
2168
2196
2226
2223
2212
2198
2192
2152
2159
2156
2140
2108
2089
2075
2056
2049
2046
2039
2023
2019
2008
1984
1954
1931
1900
1901
1892
1899
1891
1880
1868
1843
1835
1811
1808
1774
1772
1772
1770
1769
1615
1656
1687
1702
1728
1718
1719
1725
1701
1692
1675
1666
1638
1635
1620
1593
1602
1611
1593
1599
1572
1558
1536
1543
1533
1528
1516
1508
1504
1502
1500
1489
1486
1466
1464
1463
1465
1481
1475
1451
1447
1439
1438
1441
1446
1462
1457
1456
1465
1451
1458
1447
1438
1447
1448
1459
1471
1465
1478
1488
1480
1490
1494
1499
1490
1524
1528
1542
1535
1534
1538
1542
1534
1538
1555
1579
1591
1596
1609
1612
1615
1628
1624
1641
1654
1655
1648
1656
1662
1660
1659
1666
1675
1683
1698
1695
1703
1714
1716
1713
1728
1737
1718
1741
1754
1761
1758
1759
1756
1760
1754
1769
1772
1790
1806
1805
1810
1822
1800
1790
1800
1807
1822
1826
1841
1839
1849
1846
1881
1876
1868
1869
1882
1912
1905
1904
1907
1915
1927
1943
1958
1951
1968
1975
1976
1993
1999
1988
1968
1976
1989
2007
2027
2040
2039
2039
2049
2033
2039
2042
2055
2070
2072
2084
2099
2102
2103
2105
2112
2110
2095
2117
2134
2151
2151
2149
2137
2132
2120
2131
2126
2122
2144
2144
2151
2156
2144
2150
2154
2142
2147
2150
2147
2163
2164
2148
2153
2149
2155
2147
2141
2144
2147
2147
2147
2151
2127
2102
2100
2103
2108
2111
2104
2110
2126
2119
2104
2116
2104
2118
2114
2113
2103
2095
2094
2106
2106
2081
2107
2100
2098
2112
2119
2124
2123
2123
2123
2133
2126
2125
2137
2134
2161
2177
2172
2186
2172
2188
2172
2167
2168
2169
2174
2168
2179
2179
2190
2192
2188
2202
2199
2207
2190
2190
2183
2174
2164
2152
2162
2170
2171
2187
2169
2167
2166
2166
2157
2167
2166
2152
2146
2152
2131
2131
2135
2140
2133
2128
2124
2119
2113
2126
2137
2137
2140
2137
2128
2132
2124
2116
2119
2116
2110
2116
2114
2112
2107
2097
2101
2099
2095
2087
2096
2100
2092
2096
2114
2092
2101
2099
2105
2100
2112
2111
2113
2116
2106
2099
2097
2108
2121
2135
2132
2119
2127
2130
2137
2146
2126
2113
2113
2115
2108
2102
2109
2102
2126
2120
2112
2115
2118
2114
2104
2095
2086
2081
2084
2087
2076
2095
2093
2104
2110
2106
2104
2096
2087
2074
2073
2079
2095
2080
2067
2072
2063
2067
2067
2059
2066
2076
2070
2074
2077
2073
2083
2076
2060
2072
2076
2078
2073
2081
2082
2085
2096
2083
2076
2081
2073
2083
2067
2054
2051
2040
2025
2030
2019
2024
2035
2036
2033
2035
2038
2028
2019
2019
2017
2007
2002
1993
2000
1998
1990
1993
1999
2004
1998
2008
1998
2008
1996
2011
2014
2026
2035
2029
2027
2018
2021
2022
2019
2020
2013
2017
2014
2012
