2008
2006
2012
1993
2000
1995
1994
1996
1996
1986
1987
2004
2000
1981
1978
1987
1987
1982
1980
1975
1985
1988
1968
1975
1973
1959
1977
1974
1956
1942
1949
1955
1971
1964
1956
1952
1947
1948
1952
1952
1960
1959
1939
1950
1943
1940
1946
1944
1946
1951
1938
1938
1953
1942
1939
1950
1925
1927
1923
1922
1931
1932
1923
1928
1932
1931
1925
1918
1935
1933
1933
1931
1932
1944
1932
1925
1910
1916
1917
1917
1912
1916
1931
1927
1913
1911
1922
1924
1916
1916
1929
1933
1931
1916
1912
1931
1930
1931
1916
1925
1934
1928
1939
1930
1932
1928
1932
1922
1917
1906
1901
1911
1934
1933
1939
1952
1946
1941
1934
1920
1918
1925
1920
1932
1945
1947
1962
1959
1971
1952
1943
1938
1928
1941
1968
1978
1993
1984
1972
1970
1970
1968
1978
1995
1998
2003
2012
2019
2008
1996
1988
1999
2011
2042
2028
2034
2027
2035
2032
2028
2031
2043
2040
2055
2051
2063
2051
2050
2055
2055
2064
2059
2063
2068
2086
2083
2086
2086
2073
2070
2075
2072
2078
2085
2095
2105
2110
2095
2102
2092
2096
2105
2092
2111
2130
2119
2107
2111
2121
2125
2133
2116
2120
2121
2112
2118
2129
2127
2122
2135
2141
2132
2124
2124
2130
2124
2120
2127
2129
2128
2140
2157
2145
2137
2140
2132
2131
2130
2129
2131
2132
2126
2136
2131
2147
2140
2142
2130
2122
2115
2124
2136
2129
2132
2116
2134
2136
2140
2135
2140
2121
2103
2105
2110
2102
2129
2124
2132
2133
2133
2126
2123
2116
2116
2114
2119
2112
2103
2104
2119
2106
2092
2110
2100
2117
2123
2124
2118
2112
2114
2126
2121
2123
2124
2120
2127
2120
2126
2112
2110
2112
2092
2102
2089
2107
2103
2093
2090
2083
2088
2087
2110
2086
2086
2091
2097
2101
2109
2088
2086
2072
2065
2055
2044
2055
2069
2083
2079
2085
2062
2055
2052
2045
2039
2055
2050
2044
2056
2074
2073
2069
2070
2041
2041
2070
2058
2051
2074
2070
2050
2052
2052
2052
2043
2039
2040
2052
2048
2051
2054
2062
2042
2063
2054
2044
2049
2040
2046
2046
2043
2038
2049
2053
2049
2056
2055
2068
2072
2064
2058
2044
2041
2060
2051
2046
2057
2060
2055
2056
2059
2046
2038
2040
2055
2063
2062
2064
2079
2080
2064
2057
2055
2047
2044
2063
2074
2093
2065
2064
2065
2040
2031
2038
2043
2030
2048
2042
2060
2068
2063
2048
2014
2015
2033
2035
2048
2044
2041
2031
2042
2040
2009
2005
2017
2024
2022
2027
2051
2036
2031
2022
2008
1996
2007
1999
1992
1987
1987
1985
1996
1985
1976
1978
1992
2008
2025
2008
1984
1997
1974
1968
1968
1957
1959
1966
1987
1999
1992
1980
1991
1982
1970
1972
1976
1961
1975
1983
1986
1993
1987
1983
1968
1971
1988
1979
1984
2006
1998
1981
1959
1948
1954
1966
1967
1965
1978
1977
1995
1978
1979
1976
1968
1966
1976
1987
2006
2001
2012
2008
2008
2000
1992
2007
2010
1997
2019
2011
2007
1995
1975
1983
1996
2019
2023
2020
2017
2012
2009
2004
2010
2011
2006
2005
2024
2019
1997
1983
1995
2023
2004
2006
2020
2016
2032
2012
2010
2005
2004
2008
2003
2015
2007
2009
2001
2019
2007
2000
2002
2015
2008
1995
1982
1982
1991
1974
1988
2002
1997
1984
1981
1961
1948
1951
1938
1942
1935
1923
1935
1932
1927
1917
1911
1909
1907
1912
1929
1923
1915
1893
1884
1865
1865
1888
1880
1895
1896
1878
1873
1877
1866
1861
1858
1877
1875
1885
1890
1878
1879
1874
1871
1870
1846
1853
1853
1855
1848
1851
1852
1848
1841
1836
1837
1837
1844
1852
1860
1842
1836
1831
1816
1810
1814
1796
1802
1806
1795
1816
1831
1828
1821
1807
1795
1798
1815
1796
1810
1818
1811
1815
1820
1808
1800
1803
1799
1795
1795
1803
1799
1803
1809
1809
1804
1809
1824
1830
1805
1810
1814
1802
1795
1805
1808
1807
1821
1832
1835
1845
1830
1832
1838
1829
1848
1855
1861
1872
1875
1882
1895
1888
1888
1887
1884
1888
1900
1913
1917
1939
1954
1963
1939
1944
1943
1943
1936
1951
1969
1985
2001
2023
2025
2025
2029
2025
2038
2041
2039
2028
2015
2017
2030
2035
2059
2084
2099
2127
2127
2116
2107
2091
2114
2105
2115
2115
2121
2131
2119
2119
2121
2135
2149
2171
2179
2181
2177
2184
2191
2178
2175
2174
2176
2192
2200
2199
2194
2207
2224
2204
2200
2205
2199
2210
2225
2221
2234
2230
2231
2233
2236
2234
2238
2212
2204
2218
2235
2236
2229
2222
2221
2216
2219
2229
2208
2225
2228
2233
2224
2218
2196
2174
2168
2178
2192
2199
2230
2223
2220
2221
2214
2207
2200
2201
2199
2215
2213
2179
2202
2195
2196
2198
2211
2213
2211
2209
2217
2183
2191
2203
2205
2207
2215
2210
2205
2196
2201
2195
2200
2197
2207
2195
2192
2192
2185
2184
2190
2185
2168
2162
2152
2160
2153
2140
2140
2124
2112
2098
2089
2097
2099
2094
2096
2083
2070
2075
2078
2073
2059
2069
2068
2048
2044
2037
2041
2050
2046
2050
2045
2035
2003
2006
1991
1999
2006
2023
2029
2014
2014
2007
1992
1983
1980
1976
1979
2001
2002
1999
1996
1995
1961
1937
1938
1944
1956
1965
1962
1962
1939
1923
1924
1931
1918
1908
1940
1929
1935
1927
1936
1927
1926
1904
1892
1892
1902
1897
1889
1883
1898
1887
1900
1767
1828
1865
1876
1894
1889
1902
1892
1874
1875
1808
1737
1703
1777
1782
1787
1829
1876
1874
1871
1853
1868
1882
1881
1887
1886
1880
1864
1858
1853
1858
1855
1852
1857
1854
1869
1858
1856
1845
1859
1855
1847
1850
1839
1835
1849
1856
1857
1848
1828
1815
1831
1849
1859
1867
1748
1703
1758
1826
1841
1863
1867
1871
1895
1910
1910
1911
1902
1892
1895
1888
1878
1895
1913
1905
1902
1899
1905
1898
1885
1884
1891
1899
1909
1929
1936
1950
1941
1940
1930
1939
1944
1954
1963
1946
1945
1944
1931
1915
1922
1928
1943
1956
1948
1945
1957
1963
1955
1971
1945
1948
1950
1973
1975
1980
1976
1979
1981
1968
1968
1967
1977
1991
2005
2011
2018
2023
2005
1992
1991
1993
2001
2017
2028
2039
2026
2024
2017
2015
2019
2040
2047
2043
2044
2056
2075
2065
2071
2076
2073
2062
2072
2080
2090
2091
2105
2104
2102
2110
2122
2116
2114
2122
2130
2149
2150
2156
2158
2156
2158
2151
2151
2147
2155
2136
2139
2144
2145
2128
2134
2140
2141
2149
2172
2170
2172
2171
2150
2148
2154
2139
2140
2160
2156
2147
2142
2151
2153
2159
2161
2144
2147
2171
2169
2177
2161
2156
2161
2166
2145
2150
2154
2166
2174
2174
2175
2186
2172
2164
2167
2176
2174
2166
2174
2183
2171
2168
2163
2172
2160
2147
2134
2135
2133
2129
2134
2136
2130
2128
2143
2144
2144
2160
2156
2167
2162
2164
2153
2143
2158
2147
2135
2142
2148
2160
2147
2144
2141
2140
2143
2149
2169
2160
2131
2135
2156
2188
2161
2066
1904
1732
1658
1720
1937
2261
2571
2834
3026
3174
3252
3316
3405
3544
3745
3960
4094
4094
4094
4094
4094
4094
4094
4094
4094
4095
4094
4094
4094
4094
4094
4094
4094
4094
4094
4095
4094
3948
3745
3587
3480
3442
3474
3537
3584
3542
3389
3123
2849
2607
2474
2458
2549
2662
2692
2591
2365
2061
1780
1577
1486
1490
1560
1628
1699
1753
1785
1782
1776
1792
1871
1964
2052
2111
2136
2170
2200
2259
2324
2457
2584
2696
2746
2748
2704
2643
2624
2604
2617
2657
2684
2718
2720
2710
2691
2663
2632
2613
2572
2569
2534
2520
2469
2411
2362
2299
2255
2236
2215
2228
2232
2206
2193
2177
2183
2185
2210
2251
2328
2441
2563
2688
2766
2801
2796
2793
2775
2763
2745
2725
2679
2604
2529
2444
2376
2305
2274
2252
2243
2275
2269
2255
2227
2167
2099
2041
2003
1997
2007
2032
2033
2003
1925
1840
1729
1631
1552
1507
1496
1468
1420
1356
1255
1201
1162
1167
1198
1207
1224
1199
1157
1112
1071
1049
1062
1072
1088
1096
1064
1000
929
840
747
694
636
598
555
531
520
489
487
466
470
526
611
658
701
714
687
585
505
404
306
259
220
190
166
154
146
136
134
130
132
134
134
135
128
120
116
112
108
106
105
105
103
100
99
97
95
94
92
91
91
89
88
87
84
82
80
79
78
76
76
75
74
73
72
71
70
69
68
68
68
68
67
67
66
66
65
65
65
65
65
64
64
64
63
63
63
63
62
62
62
62
61
61
61
62
62
62
62
62
63
62
63
63
63
64
64
64
64
64
64
64
65
65
66
66
67
67
67
67
67
67
68
68
69
69
70
70
71
71
72
73
74
75
76
78
79
80
83
84
87
89
91
93
96
99
100
103
106
108
113
118
122
128
134
142
152
167
200
243
323
439
558
676
783
914
1015
1123
1242
1377
1521
1668
1805
1947
2070
2180
2288
2392
2488
2609
2735
2853
2990
3131
3241
3340
3424
3520
3612
3695
3803
3891
3980
4092
4094
4094
4094
4094
4095
4094
4094
4094
4095
4094
4094
4095
4094
4094
4094
4094
4094
4094
4095
4094
4094
4094
4095
4094
4094
4094
4094
4094
4095
4095
4094
4095
4094
4095
4094
4095
4095
4094
4094
4094
4095
4094
4094
4095
4094
4094
4095
4094
4094
4094
4094
4094
4094
4094
4094
4094
4094
4095
4094
4094
4094
4094
4094
4094
4094
4094
4094
4094
4094
4094
4094
4095
4094
4094
4094
4095
4094
4095
4094
4094
4094
4095
4094
4094
4095
4095
4094
4094
4094
4094
4095
4094
4095
4094
4094
4094
4094
4095
4095
4095
4094
4094
4094
4094
4094
4094
4094
4094
4094
4094
4094
4094
4095
4094
4094
4095
4094
4095
4094
4094
4094
4094
4095
4094
4094
4094
4095
4094
4094
4094
4094
4095
4094
4094
4094
4094
4094
4094
4094
4094
4094
4094
4094
4095
4095
4094
4094
4094
4094
4094
4094
4095
4095
4094
4095
4095
4094
4094
4094
4094
4094
4094
4094
4094
4095
4094
3957
3740
3576
3418
3272
3139
3008
2886
2753
2644
2537
2416
2301
2176
2062
1927
1800
1672
1544
1406
1280
1143
1014
885
753
620
530
399
278
184
150
139
131
126
117
114
110
106
103
100
97
98
95
94
92
92
89
87
86
85
83
82
81
79
79
77
76
75
74
73
73
72
72
71
71
70
70
70
69
69
69
69
68
68
68
68
68
68
68
68
68
67
68
67
67
67
67
67
67
67
67
67
66
66
66
66
66
66
66
66
66
67
67
67
67
67
67
67
67
67
68
68
68
68
68
68
69
68
70
70
70
71
71
72
72
73
74
75
76
76
78
79
80
81
83
84
86
88
89
91
92
96
99
100
104
107
108
112
116
119
124
129
137
141
150
160
175
194
204
241
287
341
423
470
531
556
601
636
688
731
789
860
918
960
1023
1070
1142
1191
1254
1330
1380
1468
1554
1635
1699
1781
1889
1974
2071
2171
2272
2367
2475
2560
2659
2763
2876
2969
3059
3168
3254
3345
3432
3506
3559
3610
3647
3685
3746
3787
3825
3880
3902
3929
3974
3983
4017
4054
4090
4094
4094
4095
4095
4094
4095
4094
4095
4094
4094
4094
4094
4095
4094
4094
4094
4094
4095
4095
4094
4095
4094
4094
4094
4095
4094
4094
4095
4094
4094
4094
4094
4095
4094
4094
4095
4094
4094
4094
4094
4094
4095
4094
4094
4094
4094
4095
4095
4094
4094
4094
4094
4094
4095
4094
4094
4094
4095
4094
4094
4094
4094
4095
4094
4094
4095
4095
4094
4094
4095
4095
4094
4094
4094
4095
4094
4094
4094
4095
4095
4094
4094
4094
4094
4094
4094
4095
4094
4095
4094
4094
4094
4094
4094
4095
4094
4094
4094
4094
4094
4038
4092
4094
4094
4092
3974
3889
3810
3738
3678
3645
3599
3548
3481
3436
3377
3320
3287
3262
3243
3199
3175
3136
3112
3070
3036
3005
3000
2956
2948
2924
2894
2864
2820
2797
2743
2706
2664
2614
2549
2497
2432
2367
2323
2266
2191
2117
2059
1988
1927
1858
1806
1730
1671
1630
1566
1507
1451
1382
1340
1296
1257
1207
1162
1103
1074
1026
992
957
929
890
858
829
790
749
716
661
616
558
529
481
459
431
413
389
351
305
274
245
223
204
192
175
169
166
160
157
154
149
142
140
133
134
131
129
127
125
125
121
121
119
116
114
112
112
112
113
108
108
107
106
105
104
103
103
101
101
101
99
99
99
99
98
97
97
96
95
95
95
94
95
94
95
94
92
92
91
91
91
90
89
90
89
89
88
89
88
88
88
88
88
88
88
88
89
88
88
89
89
89
89
88
89
89
89
89
89
89
89
91
89
89
88
88
89
92
93
96
98
100
102
99
99
98
98
100
103
105
112
111
112
110
111
111
114
118
126
133
137
140
141
135
138
141
151
163
194
218
248
271
296
327
377
466
555
663
748
804
814
803
797
808
894
993
1103
1207
1274
1284
1273
1209
1197
1234
1317
1433
1574
1669
1752
1789
1801
1823
1849
1900
1964
2044
2143
2190
2255
2300
2339
2374
2447
2503
2584
2638
2685
2699
2735
2740
2761
2808
2854
2932
3009
3062
3121
3175
3236
3280
3308
3372
3412
3468
3537
3606
3675
3735
3768
3827
3857
3912
3980
4036
4092
4094
4094
4094
4094
4094
4094
4094
4094
4095
4094
4094
4094
4094
4094
4094
4095
4094
4094
4095
4094
4094
4094
4094
4095
4094
4094
4094
4094
4094
4095
4094
4094
4095
4094
4094
4094
4095
4094
4094
4094
4094
4094
4094
4094
4094
4094
4095
4094
4094
4094
4094
4094
4094
4094
4094
4095
4094
4094
4094
4094
4094
4094
4095
4094
4094
4094
4094
4094
4094
4094
4094
4094
4094
4094
4094
4095
4094
4094
4094
4095
4094
4094
4094
4094
4094
4094
4094
4094
4095
4094
4094
4094
4094
4093
4012
3903
3816
3740
3667
3600
3540
3483
3433
3384
3305
3236
3148
3058
2975
2905
2833
2788
2735
2691
2623
2553
2474
2409
2343
2292
2235
2177
2132
2076
2012
1926
1863
1826
1745
1680
1641
1590
1537
1483
1414
1347
1289
1219
1155
1112
1069
1043
1020
977
932
890
839
786
748
727
684
660
617
574
515
419
338
272
219
190
177
181
166
157
153
146
139
140
142
136
138
138
138
132
130
126
128
125
123
126
123
123
123
119
120
119
118
116
115
115
115
112
111
110
109
108
108
108
108
108
107
108
107
105
107
106
105
106
105
105
105
106
105
106
104
104
104
103
104
105
103
104
105
106
105
106
107
107
107
108
108
110
111
114
115
114
117
116
117
120
124
127
130
130
135
136
142
145
153
164
172
190
219
242
275
319
365
409
465
499
552
604
680
747
806
846
894
956
1028
1096
1163
1223
1297
1364
1414
1444
1479
1513
1562
1619
1689
1751
1819
1874
1923
1981
2016
2047
2105
2165
2225
2275
2328
2396
2432
2478
2532
2591
2656
2714
2770
2851
2919
2969
3021
3060
3097
3133
3191
3271
3322
3368
3413
3463
3494
3529
3581
3633
3669
3722
3768
3824
3851
3894
3943
3976
4032
4090
4094
4094
4094
4094
4094
4094
4094
4094
4095
4094
4094
4095
4094
4095
4094
4094
4094
4094
4094
4094
4095
4094
4094
4094
4094
4094
4094
4094
4094
4095
4094
4094
4094
4095
4094
4094
4095
4094
4094
4094
4094
4095
4094
4094
4094
4095
4094
4094
4094
4094
4094
4094
4095
4094
4094
4094
4094
4094
4094
4095
4095
4094
4094
4094
4094
4094
4094
4094
4094
4094
4094
4094
4094
4095
4094
4094
4094
4094
4094
4094
4094
4094
4095
4094
4094
4095
4094
4094
4094
4094
4095
4095
4094
4094
4094
4095
4094
4094
4063
3936
3853
3791
3722
3655
3597
3555
3507
3457
3415
3374
3310
3288
3244
3206
3142
3088
3049
3006
2954
2916
2889
2853
2816
2773
2724
2686
2646
2600
2552
2522
2499
2448
2417
2348
2288
2225
2167
2118
2074
2031
1981
1929
1871
1827
1770
1721
1668
1611
1564
1517
1475
1456
1396
1348
1292
1236
1176
1120
1071
1036
1002
955
913
884
836
788
745
718
684
654
613
586
555
527
505
468
437
400
383
359
343
307
290
268
241
211
191
180
180
168
164
168
159
154
159
158
147
147
151
145
142
140
142
143
138
137
135
137
135
136
135
134
135
134
132
131
134
135
132
132
132
132
132
131
133
135
132
133
135
133
139
139
143
141
144
142
144
147
143
143
152
147
157
155
155
164
164
169
174
172
182
188
188
208
211
212
225
243
259
282
301
348
367
393
398
445
464
495
524
536
569
596
619
652
680
693
720
745
786
804
829
868
895
923
945
958
995
1017
1051
1095
1133
1173
1217
1236
1257
1290
1191
1261
1338
1406
1464
1510
1539
1586
1616
1643
1674
1601
1590
1655
1762
1723
1783
1875
1943
1992
2009
2047
2087
2124
2153
2195
2239
2255
2281
2297
2335
2372
2407
2424
2478
2499
2526
2528
2565
2584
2619
2641
2660
2605
2671
2718
2739
2772
2790
2812
2833
2841
2860
2886
2919
2941
2965
2976
2994
3000
3030
3017
3028
3062
3086
3118
3150
3169
3170
3171
3164
3185
3202
3213
3252
3267
3282
3290
3290
3306
3318
3330
3332
3330
3337
3366
3396
3403
3396
3413
3419
3427
3447
3443
3448
3459
3482
3500
3519
3503
3501
3488
3475
3484
3490
3484
3489
3479
3464
3464
3452
3461
3448
3445
3443
3444
3432
3425
3410
3403
3406
3376
3371
3369
3358
3327
3313
3320
3310
3297
3261
3264
3252
3241
3248
3232
3207
3198
3200
3172
3144
3128
3108
3097
3104
3091
3093
3066
3076
3048
3049
3033
3033
3023
3016
3016
3008
3000
2988
2990
2971
2962
2958
2947
2937
2915
2914
2905
2880
2871
2880
2873
2843
2828
2818
2818
2794
2783
2759
2744
2728
2701
2690
2671
2657
2652
2635
2624
2598
2556
2532
2533
2511
2498
2479
2462
2451
2437
2404
2366
2347
2325
2304
2290
2278
2258
2232
2215
2183
2168
2142
2123
2100
2096
2078
2064
2057
2039
2019
2014
2001
1987
1997
1972
1953
1920
1904
1885
1865
1867
1858
1831
1809
1804
1777
1749
1728
1714
1686
1666
1641
1633
1627
1610
1603
1570
1539
1527
1494
1465
1467
1449
1445
1420
1411
1415
1399
1399
1366
1354
1346
1334
1331
1297
1292
1270
1275
1267
1250
1236
1216
1194
1175
1181
1182
1188
1186
1190
1174
1154
1135
1128
1137
1126
1108
1088
1088
1081
1081
1073
1058
1057
1057
1041
1047
1039
1031
1026
1019
995
987
983
980
969
960
958
964
968
965
957
941
938
943
956
956
950
939
952
952
951
934
940
929
931
916
940
938
923
912
920
921
929
931
930
937
938
937
944
949
938
963
962
960
963
966
983
981
984
998
1000
1012
1016
1019
1007
1023
1040
1032
1042
1047
1059
1066
1079
1087
1095
1108
1115
1111
1125
1142
1145
1153
1181
1217
1210
1219
1225
1209
1217
1232
1244
1259
1286
1293
1291
1297
1323
1328
1342
1344
1353
1356
1364
1374
1383
1390
1377
1407
1423
1425
1428
1434
1456
1462
1481
1494
1501
1516
1532
1541
1548
1567
1568
1577
1582
1603
1613
1627
1648
1653
1662
1687
1706
1710
1727
1740
1759
1750
1764
1783
1796
1823
1829
1857
1864
1877
1879
1899
1926
1933
1943
1954
1977
1984
1994
1992
1996
2013
2002
2009
2025
2033
2048
2072
2070
2089
2080
2093
2104
2111
2115
2133
2140
2152
2169
2196
2215
2211
2230
2232
2231
2227
2248
2263
2281
2304
2302
2319
2328
2312
2338
2358
2380
2399
2418
2424
2430
2439
2459
2447
2471
2479
2490
2498
2519
2517
2540
2526
2539
2548
2552
2536
2550
2540
2550
2559
2554
2526
2541
2541
2549
2556
2565
2567
2561
2569
2555
2543
2538
2548
2555
2553
2564
2572
2571
2564
2544
2547
2554
2555
2557
2560
2566
2571
2552
2540
2556
2566
2544
2544
2548
2556
2546
2566
2575
2570
2558
2551
2535
2546
2552
2542
2536
2544
2560
2547
2553
2552
2536
2540
2539
2546
2541
2537
2539
2540
2545
2551
2542
2528
2537
2519
2518
2518
2512
2491
2483
2479
2463
2460
2459
2465
2467
2464
2449
2449
2429
2419
2411
2404
2397
2395
2385
2367
2374
2352
2332
2332
2315
2311
2303
2297
2296
2295
2266
2244
2241
2219
2209
2202
2188
2201
2196
2171
2151
2142
2139
2127
2108
2095
2090
2086
2088
2087
2090
2089
2086
2075
2058
2060
2047
2041
2035
2029
2020
2010
1988
1998
1993
1988
1990
1972
1976
1973
1966
1960
1958
1944
1946
1954
1978
1952
1938
1937
1930
1911
1900
1900
1881
1885
1894
1895
1880
1878
1889
1873
1872
1872
1870
1871
1887
1899
1898
1905
1897
1884
1883
1884
1870
1867
1889
1906
1911
1948
1960
1955
1948
1950
1959
1959
1963
1976
1976
1983
2003
1995
2001
2022
2036
2027
2031
2030
2015
2007
2020
2032
2034
2040
2045
2047
2054
2054
2042
2039
2039
2034
2051
2049
2060
2060
2046
2049
2051
2056
2054
2047
2059
2056
2051
2055
2055
2044
2060
2059
2048
2044
2058
2039
2027
2049
2068
2061
2071
2094
2079
2091
2083
2083
2088
2095
2096
2108
2110
2112
2112
2099
2099
2092
2093
2102
2116
2113
2113
2116
2103
2105
2097
2088
2073
2076
2076
2077
2079
2084
2088
2087
2091
2079
2091
2080
2083
2089
2091
2099
2094
2087
2102
2093
2106
2112
2113
2116
2134
2115
2126
2132
2131
2147
2139
2129
2139
2144
2152
2144
2155
2140
2129
2138
2126
2131
2127
2122
2132
2122
2115
2111
2108
2107
2119
2109
2094
2078
2080
2085
2077
2084
2081
2082
2069
2065
2065
2050
2057
2060
2050
2043
2055
2055
2044
2042
2041
2059
2039
2044
2025
2025
2022
2016
2017
2017
2017
2022
2034
2028
2029
1999
1968
1955
1958
1965
1978
1975
1971
1964
1946
1934
1940
1938
1936
1936
1947
1948
1955
1952
1961
1950
1935
1948
1950
1958
1975
1980
1961
1944
1938
1935
1936
1939
1928
1933
1944
1927
1920
1900
1911
1916
1939
1926
1938
1945
1932
1929
1909
1891
1885
1872
1883
1886
1884
1892
1906
1872
1867
1868
1860
1854
1862
1852
1852
1852
1861
1851
1835
1820
1830
1820
1818
1816
1830
1820
1818
1817
1828
1823
1814
1827
1813
1812
1814
1775
1805
1832
1829
1810
1830
1836
1836
1844
1863
1867
1865
1857
1841
1838
1843
1841
1862
1863
1884
1888
1861
1860
1857
1851
1863
1878
1880
1900
1905
1915
1926
1925
1928
1927
1926
1930
1943
1960
1963
1949
1959
1956
1958
1964
1966
1964
1976
1971
1973
1975
1985
1985
1986
1973
1997
1986
1991
1990
2009
2003
2006
2024
2025
2028
2030
2036
2046
2048
2063
2063
2051
2055
2060
2078
2092
2097
2095
2112
2114
2127
2128
2131
2134
2135
2121
2130
2147
2168
2168
2195
2191
2212
2221
2225
2230
2244
2184
2234
2279
2300
2306
2305
2301
2301
2294
2205
2180
2224
2294
2259
2266
2308
2342
2367
2370
2377
2369
2373
2368
2379
2387
2385
2374
2374
2375
2380
2399
2405
2396
2403
2401
2409
2413
2393
2403
2396
2379
2372
2383
2360
2353
2356
2341
2338
2335
2341
2345
2352
2337
2332
2197
2247
2300
2326
2332
2340
2339
2342
2327
2324
2312
2313
2312
2310
2297
2284
2285
2292
2283
2280
2281
2278
2268
2258
2240
2228
2226
2230
2223
2211
2194
2179
2177
2177
2177
2183
2175
2176
2148
2150
2128
2123
2126
2122
2110
2102
2089
2097
2087
2070
2050
2044
2030
2020
2016
2011
2003
1991
1998
1987
1961
1969
1967
1971
1950
1958
1958
1957
1939
1926
1904
1894
1875
1860
1848
1848
1849
1840
1824
1806
1784
1778
1784
1775
1780
1777
1760
1762
1753
1768
1740
1714
1713
1699
1707
1704
1712
1694
1700
1680
1666
1663
1663
1667
1671
1660
1656
1642
1635
1636
1647
1643
1635
1636
1651
1648
1639
1632
1638
1617
1622
1629
1619
1619
1635
1642
1637
1616
1619
1609
1597
1606
1607
1612
1610
1612
1614
1626
1625
1639
1649
1663
1656
1662
1652
1655
1646
1652
1653
1647
1644
1638
1636
1643
1654
1662
1683
1691
1693
1669
1671
1680
1664
1676
1688
1699
1708
1735
1739
1745
1752
1756
1772
1776
1771
1794
1778
1789
1807
1796
1788
1805
1811
1818
1815
1814
1823
1828
1831
1847
1842
1850
1838
1836
1851
1863
1863
1888
1904
1911
1911
1916
1904
1891
1894
1891
1899
1904
1919
1924
1913
1937
1936
1929
1928
1944
1947
1978
1987
1993
1977
1971
1970
1977
2002
2030
2040
2038
2032
2028
2044
2036
2043
2061
2068
2069
2080
2112
2112
2121
2110
2109
2110
2138
2137
2149
2159
2175
2163
2175
2177
2189
2202
2203
2207
2222
2233
2234
2238
2246
2262
2263
2274
2270
2268
2266
2282
2307
2310
2322
2317
2303
2292
2311
2302
2328
2339
2335
2328
2306
2300
2302
2307
2297
2321
2316
2329
2301
2290
2280
2287
2273
2262
2255
2260
2261
2259
2259
2268
2250
2246
2238
2211
2211
2228
2234
2244
2236
2236
2242
2247
2233
2227
2234
2214
2220
2217
2216
2205
2208
2207
2212
2216
2220
2226
2218
2216
2233
2246
2233
2224
2243
2241
2236
2220
2235
2227
2227
2243
2232
2242
2241
2249
2259
2251
2249
2251
2240
2235
2219
2222
2216
2230
2210
2214
2212
2220
2219
2217
2223
2205
2199
2191
2179
2204
2192
2197
2201
2203
2188
2190
2188
2175
2184
2175
2172
2171
2166
2140
2128
2124
2121
2125
2126
2142
2139
2112
2096
2064
2052
2045
2040
2035
2032
2021
2040
2035
2019
2004
1987
1976
1982
1980
1985
1977
1968
1952
1943
1935
1929
1934
1937
1958
1957
1958
1955
1948
1944
1925
1937
1939
1933
1943
1929
1934
1945
1935
1919
1916
1926
1923
1931
1948
1954
1945
1943
1937
1911
1910
1926
1939
1949
1937
1958
1953
1947
1958
1952
1947
1945
1950
1961
1951
1962
1965
1959
1941
1942
1948
1955
1943
1958
1949
1948
1965
1931
1935
1933
1940
1956
1956
1965
1965
1956
1950
1952
1948
1945
1955
1971
1985
1994
1980
1991
1974
1971
1960
1968
1968
1970
1973
1984
1988
1986
1993
1981
1964
1957
1961
1968
1971
1976
1982
1982
1977
1965
1955
1964
1978
1992
1999
2011
2014
2012
2016
2010
2006
2011
2011
1999
2007
2007
2010
1991
2008
2012
2019
2033
2030
2032
2042
2036
2039
2039
2039
2045
2055
2055
2078
2062
2071
2068
2055
2056
2052
2041
2032
2055
2064
2064
2068
2076
2073
2066
2063
2050
2043
2035
2031
2048
2056
2050
2038
2038
2055
2056
2051
2044
2056
2053
2040
2048
2041
2048
2043
2035
2019
2040
2046
2042
2049
2041
2033
2023
2030
2038
2034
2044
2047
2048
2040
2034
2030
2032
2031
2043
2029
2014
2012
2021
2014
2023
2014
2021
2019
2007
2007
2018
2014
2023
2027
2008
2011
2001
1981
1982
1967
1975
1992
1981
1979
1984
1980
1987
1974
1965
1964
1952
1955
1954
1945
1968
1970
1963
1971
1966
1961
1948
1945
1935
1950
1948
1945
1959
1945
1942
1933
1935
1919
1921
1907
1916
