2008
2014
2006
2008
2014
2010
2008
2018
2020
2005
2029
2023
2030
2024
2032
2031
2012
2006
2001
2013
2015
2004
2009
1993
1991
1993
2008
2003
1998
1982
1994
1994
1996
1984
1992
1978
1987
2000
2008
2009
1996
1988
1980
1980
1986
1986
1992
2000
2007
2008
1992
1982
1993
1987
1968
1972
1982
1989
1984
1975
1976
1960
1952
1939
1941
1950
1950
1951
1943
1951
1960
1958
1940
1951
1959
1945
1951
1954
1954
1934
1928
1926
1939
1944
1967
1964
1947
1956
1940
1940
1933
1928
1926
1936
1944
1953
1938
1935
1934
1934
1942
1929
1943
1943
1959
1954
1961
1957
1984
1973
1977
1969
1968
1962
1964
1956
1964
1956
1951
1957
1957
1958
1955
1952
1948
1968
1987
1981
1988
1987
1970
1968
1976
1961
1966
1975
1975
1963
1968
1968
1979
1980
1970
1969
1971
1969
1976
1964
1973
1983
1966
1964
1980
1979
1971
1975
1980
1966
1960
1961
1955
1956
1959
1978
1977
1967
1968
1958
1968
1955
1962
1966
1967
1957
1964
1961
1963
1959
1966
1976
1981
1980
1996
2006
1998
2008
2008
2012
2023
2016
2016
2017
2008
2004
2017
2039
2038
2027
2016
2020
2028
2028
2037
2044
2037
2049
2073
2064
2040
2048
2044
2054
2058
2070
2092
2094
2098
2102
2099
2107
2120
2104
2104
2092
2090
2108
2121
2119
2134
2135
2131
2132
2125
2134
2132
2119
2122
2122
2121
2108
2113
2108
2126
2141
2139
2140
2131
2114
2104
2106
2104
2108
2130
2149
2151
2144
2119
2133
2123
2107
2118
2121
2124
2133
2107
2126
2145
2108
2099
2112
2129
2138
2134
2140
2136
2137
2150
2154
2140
2136
2150
2160
2163
2166
2163
2172
2161
2162
2162
2174
2163
2164
2162
2176
2176
2166
2175
2190
2181
2177
2184
2196
2197
2202
2214
2199
2198
2204
2184
2184
2198
2200
2220
2207
2199
2213
2211
2211
2215
2199
2210
2213
2224
2223
2217
2216
2220
2228
2216
2209
2199
2183
2185
2210
2208
2197
2204
2202
2204
2208
2200
2191
2196
2188
2182
2176
2174
2169
2160
2161
2164
2159
2175
2179
2177
2186
2179
2191
2183
2187
2175
2168
2182
2186
2168
2171
2166
2154
2165
2182
2169
2176
2176
2186
2197
2194
2179
2183
2172
2122
2071
2120
2150
2160
2167
2181
2175
2162
2153
2072
2020
2044
2107
2076
2096
2151
2185
2182
2188
2188
2177
2163
2174
2176
2179
2185
2171
2176
2177
2174
2166
2162
2173
2188
2173
2145
2140
2116
2124
2124
2122
2136
2122
2121
2131
2125
2131
2115
2112
2109
2108
2113
2116
2098
2096
2105
2076
2068
2072
2072
2079
2060
2063
2062
2055
2046
2040
2046
2040
2042
2042
2024
2035
2049
2038
2044
2026
2026
2016
2020
2008
2005
2004
2003
2004
2033
2016
2034
2029
2023
2011
2022
2000
1994
1976
1992
2006
1988
1997
2013
2000
1999
2000
2011
2009
2025
2026
1925
1948
1993
2002
1995
1988
1992
2002
2022
2019
2004
1997
1985
1991
1985
1991
2001
1990
1976
1964
1967
1965
1984
1990
1991
1976
1999
1991
1982
1979
1976
1976
1955
1963
1951
1954
1975
1959
1945
1962
1971
1967
1967
1963
1968
1968
1978
1965
1967
1958
1968
1955
1953
1969
1959
1975
1979
1966
1965
1961
1950
1946
1942
1951
1957
1941
1947
1942
1951
1944
1941
1943
1928
1944
1930
1932
1929
1935
1932
1922
1928
1918
1927
1944
1955
1974
1971
1972
1973
1961
1958
1958
1935
1938
1959
1959
1948
1950
1967
1973
1960
1959
1958
1963
1959
1963
1952
1925
1932
1938
1932
1934
1932
1948
1940
1934
1923
1919
1906
1887
1901
1916
1929
1945
1932
1923
1915
1901
1904
1895
1875
1881
1872
1866
1868
1888
1882
1880
1878
1863
1856
1850
1860
1861
1861
1878
1862
1875
1849
1852
1841
1822
1824
1831
1838
1836
1841
1855
1849
1851
1828
1831
1829
1830
1825
1827
1829
1835
1841
1838
1841
1809
1814
1813
1814
1827
1823
1830
1820
1824
1817
1828
1835
1845
1846
1838
1844
1836
1831
1831
1807
1808
1803
1816
1809
1812
1825
1816
1816
1814
1814
1828
1831
1841
1843
1844
1836
1834
1830
1842
1845
1848
1856
1854
1863
1877
1889
1886
1873
1859
1868
1870
1858
1862
1864
1872
1863
1858
1870
1857
1852
1851
1866
1885
1888
1895
1902
1907
1916
1929
1917
1921
1931
1936
1924
1923
1929
1932
1909
1898
1911
1916
1920
1942
1955
1966
1956
1957
1964
1976
1968
1978
1994
2008
2023
2024
2012
2012
2007
2020
2025
2018
2040
2024
2039
2031
2027
2032
2041
2042
2059
2064
2082
2101
2088
2087
2066
2058
2072
2079
2087
2086
2088
2079
2095
2086
2084
2089
2102
2108
2111
2124
2130
2110
2110
2109
2108
2104
2105
2093
2107
2122
2125
2117
2123
2123
2128
2110
2112
2109
2115
2111
2113
2117
2114
2124
2109
2119
2115
2112
2124
2112
2118
2126
2136
2148
2137
2143
2153
2144
2156
2160
2144
2139
2123
2119
2119
2115
2112
2085
2093
2105
2116
2118
2130
2117
2112
2111
2103
2104
2099
2089
2088
2090
2072
2081
2076
2104
2091
2089
2088
2078
2088
2075
2079
2085
2078
2097
2108
2099
2103
2097
2094
2097
2086
2081
2066
2085
2080
2078
2077
2078
2076
2095
2073
2076
2078
2076
2077
2059
2062
2073
2057
2040
2029
2011
2015
2001
2002
2017
2011
2001
1979
1974
1961
1955
1955
1942
1944
1946
1930
1938
1917
1925
1930
1937
1949
1948
1956
1952
1950
1951
1929
1931
1941
1932
1937
1955
1961
1958
1957
1944
1930
1933
1947
1958
1960
1974
1993
1987
1969
1966
1975
1974
1977
1980
1994
1998
2011
2012
2005
1994
1985
1993
1986
1999
2007
2017
2011
2011
2003
2001
2012
2011
1981
1929
1898
1912
1988
2068
2166
2200
2163
2032
1840
1617
1430
1310
1281
1319
1362
1417
1449
1474
1516
1587
1722
1921
2149
2364
2564
2706
2820
2918
3036
3187
3362
3557
3724
3860
3974
4050
4092
4094
4094
4095
4094
4094
4094
4094
4094
4091
3897
3793
3694
3619
3577
3552
3551
3555
3544
3517
3489
3453
3428
3416
3422
3431
3441
3470
3460
3468
3464
3488
3517
3568
3604
3629
3671
3698
3688
3673
3670
3680
3715
3736
3753
3758
3745
3696
3624
3536
3462
3390
3324
3252
3153
3068
2936
2799
2657
2506
2360
2227
2086
1944
1787
1666
1528
1398
1304
1217
1166
1132
1124
1143
1176
1216
1271
1323
1351
1359
1354
1340
1342
1356
1366
1398
1436
1518
1570
1652
1723
1799
1899
1980
2083
2186
2269
2351
2434
2496
2548
2593
2631
2665
2660
2633
2581
2553
2514
2477
2472
2473
2493
2508
2522
2505
2515
2532
2583
2631
2689
2745
2732
2687
2613
2537
2474
2448
2438
2454
2469
2466
2448
2406
2349
2296
2253
2218
2194
2174
2156
2091
2008
1900
1793
1691
1584
1374
1259
1133
985
827
675
525
392
288
208
176
167
158
146
138
135
134
132
129
134
128
127
121
114
110
104
101
97
94
92
90
88
85
83
82
81
80
80
79
79
79
77
76
76
76
74
73
72
72
71
70
70
69
68
66
66
65
64
64
63
62
62
61
60
60
60
60
60
60
60
60
61
62
62
62
63
64
64
64
64
65
65
65
65
65
65
65
65
65
65
65
65
65
64
65
65
65
65
66
66
66
67
67
68
68
69
70
71
72
73
75
76
77
78
80
81
83
84
87
87
89
90
92
92
96
96
97
103
103
105
105
109
112
112
116
119
121
130
136
144
166
187
239
304
384
479
598
717
835
944
1068
1191
1182
1333
1477
1599
1705
1801
1913
2003
2098
2200
2299
2367
2390
2464
2590
2764
2813
2983
3158
3312
3449
3576
3687
3796
3904
3992
4092
4094
4094
4095
4094
4094
4095
4094
4094
4095
4094
4094
4094
4094
4094
4094
4094
4094
4094
4094
4094
4095
4094
4094
4094
4094
4094
4094
4094
4095
4094
4094
4094
4094
4094
4094
4094
4094
4094
4095
4095
4094
4094
4094
4094
4094
4095
4094
4094
4094
4094
4094
4094
4094
4094
4094
4094
4094
4094
4095
4094
4094
4094
4094
4095
4094
4094
4095
4094
4094
4095
4094
4094
4094
4094
4094
4094
4094
4095
4094
4094
4094
4094
4094
4094
4094
4094
4094
4095
4094
4094
4094
4094
4094
4094
4094
4094
4094
4094
4094
4094
4095
4094
4094
4094
4094
4094
4094
4094
4094
4095
4094
4094
4094
4094
4094
4094
4094
4094
4094
4095
4094
4094
4094
4094
4094
4094
4094
4094
4094
4094
4094
4094
4095
4094
4094
4095
4094
4094
4094
4094
4094
4095
4094
4095
4095
4094
4095
4094
4094
4094
4094
4094
3998
3800
3655
3516
3395
3284
3170
3056
2935
2815
2697
2564
2452
2348
2236
2125
2016
1910
1802
1705
1625
1527
1437
1340
1267
1159
1072
980
873
773
666
583
493
396
311
221
171
158
147
144
135
132
132
127
123
120
119
116
114
113
111
108
108
104
103
100
99
96
97
95
94
93
92
92
91
90
88
88
88
87
86
86
85
85
84
84
83
83
82
82
81
81
80
79
79
79
78
78
77
77
77
76
76
76
75
75
75
75
75
75
75
75
75
74
75
74
74
75
74
75
75
74
75
74
74
75
74
75
75
76
76
76
76
76
76
76
78
78
79
79
79
80
80
81
82
83
84
86
86
87
88
90
90
92
94
96
98
99
102
103
107
109
115
120
123
131
137
149
156
185
207
279
348
446
541
633
739
848
963
1052
1153
1249
1341
1434
1502
1595
1691
1776
1871
1944
2011
2093
2153
2229
2288
2359
2417
2481
2550
2610
2663
2703
2760
2795
2835
2872
2919
2974
2992
3036
3074
3102
3132
3157
3191
3241
3269
3295
3330
3358
3388
3407
3424
3448
3494
3520
3559
3568
3597
3623
3641
3676
3679
3724
3753
3783
3804
3832
3872
3899
3943
3975
4008
4085
4094
4094
4095
4094
4095
4094
4094
4095
4094
4094
4094
4094
4095
4095
4095
4094
4094
4094
4094
4094
4094
4094
4094
4095
4095
4094
4094
4094
4094
4094
4094
4094
4094
4094
4094
4094
4094
4094
4094
4095
4094
4095
4094
4094
4094
4094
4094
4094
4095
4094
4094
4095
4094
4094
4094
4094
4094
4094
4094
4094
4094
4094
4094
4094
4095
4094
4094
4094
4094
4095
4094
4094
4094
4094
4095
4095
4094
4094
4094
4094
4094
4094
4094
4094
4094
4094
4095
4095
4095
4094
4094
4094
4094
4094
4095
4094
4094
4095
4094
4094
4094
4094
4094
4094
4094
4094
4094
4095
4094
4094
4094
4094
4078
3927
3848
3759
3681
3622
3559
3500
3446
3399
3327
3280
3239
3184
3121
3080
3040
3022
2996
2955
2907
2873
2841
2810
2780
2753
2731
2699
2679
2644
2612
2579
2526
2500
2456
2414
2370
2313
2254
2176
2095
2021
1940
1875
1806
1756
1682
1579
1500
1412
1338
1260
1193
1130
1062
1003
931
860
778
702
640
568
506
428
352
314
259
211
192
174
174
160
162
154
153
156
150
145
142
140
137
134
133
134
130
130
129
127
121
120
116
117
113
112
110
107
105
102
102
99
99
97
97
95
95
95
92
92
92
90
89
88
88
88
88
86
86
87
85
85
85
85
86
87
86
85
85
83
82
81
81
81
82
82
81
82
81
81
82
81
82
82
83
83
83
83
83
83
83
83
83
83
82
81
80
80
79
80
80
79
80
80
80
79
79
79
80
80
81
83
83
84
85
86
87
87
87
88
89
89
89
89
90
91
91
91
92
92
92
91
91
91
92
92
92
92
91
90
89
88
89
89
88
88
88
89
88
90
88
88
87
88
88
88
88
88
88
89
89
90
90
91
93
94
94
96
98
99
100
101
103
104
106
104
107
108
108
109
110
109
112
113
113
116
117
120
123
126
131
133
139
146
160
167
182
206
212
236
257
287
303
345
384
424
472
520
564
615
662
710
743
784
843
913
976
1043
1092
1146
1192
1214
1272
1321
1353
1420
1491
1573
1611
1638
1675
1696
1723
1760
1814
1878
1941
1991
2002
2045
2069
2096
2152
2203
2261
2332
2399
2487
2539
2602
2673
2732
2808
2887
2963
3069
3152
3216
3292
3369
3444
3500
3583
3646
3699
3799
3852
3879
3920
3912
3931
3949
3961
4009
4023
4051
4092
4094
4094
4094
4094
4094
4094
4094
4095
4094
4095
4094
4094
4094
4094
4095
4094
4094
4094
4095
4094
4094
4094
4094
4094
4094
4094
4094
4094
4095
4094
4094
4094
4095
4094
4095
4095
4094
4094
4094
4094
4094
4094
4095
4094
4094
4094
4094
4094
4094
4094
4094
4094
4095
4094
4094
4094
4094
4094
4094
4094
4094
4092
3943
3852
3783
3743
3716
3701
3672
3660
3628
3588
3567
3522
3473
3458
3448
3419
3396
3345
3296
3248
3199
3139
3107
3065
3029
2985
2944
2892
2858
2788
2746
2703
2657
2612
2567
2516
2475
2422
2376
2356
2310
2272
2240
2210
2185
2171
2137
2112
2083
2058
2032
1996
1973
1946
1933
1891
1859
1834
1791
1748
1708
1669
1636
1582
1545
1516
1486
1451
1406
1356
1309
1287
1250
1251
1244
1222
1204
1180
1168
1142
1124
1100
1078
1066
1063
1044
1026
1004
992
912
856
885
881
870
861
850
834
803
785
765
752
747
756
745
731
711
692
671
654
626
616
623
608
613
591
598
596
596
595
585
586
588
595
599
616
627
640
648
663
674
687
713
734
768
798
841
859
889
930
983
1024
1067
1116
1180
1227
1279
1344
1419
1481
1541
1620
1676
1752
1813
1873
1922
1974
2035
2086
2124
2180
2230
2262
2297
2329
2359
2414
2447
2492
2546
2578
2616
2660
2707
2760
2803
2848
2894
2958
2997
3046
3084
3136
3155
3182
3226
3244
3271
3300
3343
3390
3419
3463
3484
3504
3523
3553
3581
3614
3645
3665
3688
3712
3744
3763
3786
3823
3846
3854
3883
3910
3949
3972
4004
4014
4039
3888
3948
3988
4018
4035
4038
4039
4024
4029
4008
3911
3873
3839
3915
3865
3831
3897
3956
3894
3880
3925
4039
4093
4094
4094
4094
4094
4094
4095
4094
4028
4057
4003
3998
4084
4094
4094
3997
3998
3904
3839
3862
3885
3887
3900
3892
3873
3848
3818
3840
3843
3847
3874
3865
3880
3860
3915
3888
3892
3959
4094
4092
4093
4094
4085
4095
4052
4093
4094
4094
4094
4095
4095
4095
4095
4094
4094
4094
4095
3924
3892
3824
3886
3919
3807
3699
3553
3461
3446
3425
3394
3376
3371
3331
3475
3556
3561
3523
3488
3449
3408
3359
3306
3253
3201
3142
3082
3032
2969
2919
2881
2825
2759
2600
2614
2603
2561
2528
2495
2454
2412
2366
2318
2263
2222
2145
2097
2060
2032
1971
1945
1889
1840
1801
1753
1705
1660
1619
1580
1556
1522
1487
1440
1398
1351
1310
1251
1214
1175
1148
1112
1081
1036
980
936
900
854
804
771
718
682
660
625
585
538
500
467
438
409
363
352
305
297
293
256
231
215
200
198
195
182
171
173
164
166
165
160
156
160
151
152
157
150
149
150
145
146
144
145
141
140
146
140
142
142
140
142
143
138
143
143
140
143
144
144
143
143
145
143
150
147
151
154
156
157
160
163
173
169
179
182
189
203
217
223
231
244
267
282
309
316
347
360
380
412
427
451
477
497
536
564
589
606
626
636
651
686
726
733
747
791
801
832
842
857
897
929
943
974
989
1016
1047
1076
1112
1137
1155
1179
1199
1217
1233
1257
1289
1299
1323
1355
1372
1392
1405
1415
1436
1469
1481
1507
1526
1538
1571
1599
1600
1635
1648
1667
1703
1720
1752
1759
1783
1792
1792
1823
1823
1855
1868
1895
1915
1934
1956
1967
1971
1997
2017
2054
2083
2110
2143
2172
2188
2204
2228
2246
2279
2303
2339
2361
2383
2403
2416
2424
2429
2438
2446
2469
2486
2500
2513
2525
2539
2540
2537
2535
2528
2543
2556
2581
2589
2600
2593
2597
2611
2621
2608
2624
2631
2648
2649
2658
2676
2667
2672
2677
2700
2705
2721
2707
2707
2711
2712
2711
2717
2731
2737
2754
2764
2747
2732
2723
2735
2733
2736
2725
2717
2704
2703
2721
2708
2702
2684
2662
2642
2627
2627
2617
2610
2594
2598
2573
2562
2542
2535
2508
2491
2489
2471
2475
2471
2464
2466
2449
2425
2403
2382
2376
2383
2375
2371
2352
2336
2315
2318
2306
2297
2287
2284
2266
2260
2225
2198
2183
2187
2171
2158
2155
2141
2119
2104
2093
2084
2079
2087
2083
2063
2053
2045
2035
2033
2031
2023
2019
2005
2024
2038
2042
2048
2049
2051
2062
2049
2051
2064
2071
2091
2094
2105
2096
2115
2116
2115
2131
2133
2124
2115
2107
2110
2104
2121
2107
2097
2085
2081
2079
2068
2055
2054
2060
2044
2032
2008
1989
1987
1995
1972
1966
1944
1948
1936
1923
1925
1910
1907
1899
1916
1900
1875
1866
1868
1859
1852
1840
1834
1841
1832
1838
1844
1852
1843
1838
1814
1805
1811
1820
1808
1799
1799
1789
1797
1793
1776
1765
1755
1740
1736
1711
1699
1698
1686
1674
1657
1642
1623
1612
1608
1593
1582
1586
1582
1601
1607
1587
1572
1575
1582
1576
1585
1589
1597
1597
1603
1603
1619
1612
1628
1653
1674
1678
1687
1712
1712
1706
1708
1728
1743
1739
1744
1733
1749
1762
1760
1756
1755
1752
1769
1791
1791
1800
1800
1807
1800
1795
1784
1796
1805
1820
1829
1826
1834
1840
1823
1820
1816
1816
1823
1821
1817
1816
1822
1815
1816
1810
1796
1796
1790
1804
1795
1790
1783
1758
1735
1715
1707
1703
1691
1683
1670
1658
1652
1646
1615
1602
1604
1585
1567
1560
1545
1543
1542
1533
1515
1507
1490
1495
1488
1470
1479
1471
1453
1437
1427
1421
1419
1403
1387
1402
1395
1393
1389
1392
1374
1360
1351
1351
1339
1348
1351
1346
1371
1370
1379
1369
1353
1352
1350
1352
1372
1378
1384
1401
1399
1384
1373
1368
1372
1389
1395
1408
1424
1426
1414
1402
1404
1407
1408
1413
1409
1422
1434
1423
1415
1408
1404
1423
1441
1448
1448
1449
1442
1432
1430
1423
1427
1436
1440
1440
1444
1441
1451
1449
1438
1447
1439
1443
1453
1459
1470
1470
1480
1467
1479
1468
1476
1483
1503
1510
1512
1523
1539
1551
1538
1519
1536
1548
1580
1619
1644
1648
1658
1653
1660
1656
1662
1662
1679
1695
1735
1762
1772
1786
1795
1807
1820
1840
1860
1907
1931
1971
1983
1999
2035
2052
2073
2098
2143
2172
2196
2225
2240
2265
2264
2273
2291
2315
2355
2389
2410
2446
2436
2441
2451
2467
2506
2512
2545
2572
2588
2600
2599
2610
2624
2633
2615
2624
2654
2676
2705
2714
2703
2703
2711
2720
2740
2744
2755
2748
2759
2741
2737
2749
2761
2788
2824
2840
2839
2822
2820
2815
2784
2779
2777
2780
2774
2782
2770
2784
2782
2780
2778
2790
2778
2771
2767
2753
2755
2754
2756
2777
2780
2785
2762
2763
2747
2748
2736
2750
2763
2765
2761
2752
2752
2730
2726
2712
2692
2563
2636
2674
2702
2709
2730
2766
2784
2789
2785
2697
2643
2668
2719
2730
2647
2595
2595
2636
2575
2552
2559
2636
2686
2691
2695
2704
2711
2706
2692
2700
2565
2583
2528
2489
2528
2609
2626
2590
2628
2663
2674
2684
2686
2679
2668
2652
2644
2639
2639
2624
2616
2599
2574
2553
2535
2543
2540
2536
2548
2552
2547
2406
2433
2464
2451
2452
2458
2475
2471
2470
2482
2468
2457
2444
2423
2408
2391
2385
2378
2385
2370
2360
2353
2320
2303
2302
2307
2311
2330
2332
2318
2309
2294
2284
2255
2264
2255
2259
2258
2257
2237
2230
2223
2217
2202
2187
2185
2192
2188
2181
2183
2164
2148
2140
2139
2141
2155
2172
2185
2190
2196
2180
2175
2169
2170
2174
2171
2172
2178
2174
2171
2163
2159
2155
2154
2158
2174
2170
2167
2167
2151
2133
2118
2116
2102
2091
2096
2083
2075
2076
2058
2060
2049
2040
2035
2029
2032
2025
2006
2003
1988
1974
1956
1931
1914
1883
1875
1869
1867
1841
1837
1802
1799
1786
1790
1790
1790
1791
1799
1793
1774
1766
1758
1750
1735
1718
1701
1691
1668
1657
1642
1613
1600
1597
1566
1570
1552
1542
1545
1532
1525
1531
1518
1533
1525
1535
1528
1539
1534
1512
1499
1491
1478
1483
1490
1487
1492
1494
1496
1505
1509
1530
1542
1537
1557
1565
1550
1548
1560
1563
1566
1574
1595
1622
1626
1633
1644
1654
1652
1646
1657
1679
1696
1686
1675
1674
1686
1673
1673
1676
1672
1671
1683
1679
1688
1703
1710
1726
1725
1740
1756
1758
1757
1745
1745
1767
1778
1795
1811
1818
1824
1830
1818
1816
1814
1811
1808
1824
1841
1836
1838
1838
1815
1828
1809
1815
1820
1814
1822
1858
1863
1879
1862
1859
1847
1841
1852
1863
1888
1894
1906
1912
1916
1914
1899
1876
1852
1854
1847
1831
1819
1805
1800
1787
1792
1819
1807
1817
1837
1838
1839
1867
1857
1879
1885
1886
1907
1917
1933
1932
1934
1920
1908
1895
1895
1891
1906
1919
1908
1906
1902
1900
1888
1881
1871
1870
1887
1912
1915
1938
1937
1941
1943
1931
1922
1934
1954
1952
1981
1986
2000
1993
2001
2018
2027
2030
2049
2058
2075
2079
2092
2101
2108
2119
2124
2156
2179
2183
2201
2191
2211
2214
2216
2220
2234
2252
2252
2243
2238
2247
2243
2236
2234
2225
2226
2213
2210
2204
2220
2223
2243
2238
2257
2254
2264
2249
2270
2289
2311
2308
2299
2301
2298
2271
2266
2255
2255
2263
2260
2267
2276
2273
2259
2249
2235
2236
2238
2246
2236
2243
2247
2256
2257
2270
2267
2259
2254
2236
2235
2236
2247
2248
2266
2265
2273
2263
2264
2268
2290
2303
2305
2318
2308
2304
2319
2346
2367
2362
2381
2406
2431
2440
2462
2483
2483
2504
2507
2531
2532
2543
2540
2555
2567
2590
2596
2596
2611
2630
2627
2643
2648
2650
2640
2628
2633
2644
2647
2649
2663
2663
2684
2686
2687
2689
2708
2711
2720
2735
2727
2742
2754
2751
2750
2756
2738
2717
2702
2708
2695
2680
2680
2687
2692
2677
2672
2664
2665
2671
2672
2668
2652
2643
2638
2642
2624
2604
2611
2595
2567
2556
2565
2539
2511
2486
2464
2440
2427
2420
2403
2391
2382
2363
2348
2308
2278
2241
2225
2212
2208
2218
2198
2202
2211
2191
2162
2160
2138
2112
2095
2082
2070
2055
2032
2008
2005
1994
1976
1969
1964
1960
1939
1901
1883
1859
1836
1819
1820
1801
1801
1776
1772
1747
1740
1720
1709
1680
1671
1655
1648
1623
1611
1602
1590
1581
1575
1574
1560
1556
1562
1534
1521
1511
1495
1481
1455
1441
1432
1416
1430
1436
1426
1416
1412
1389
1385
1373
1348
1344
1339
1328
1330
1322
1324
1303
1294
1288
1289
1293
1300
1287
1294
1297
1281
1263
1271
1272
1249
1255
1256
1255
1243
1231
1223
1228
1225
1241
1243
1251
1243
1247
1232
1247
1247
1248
1261
1257
1270
1279
1280
1284
1279
1296
1302
1301
1311
1313
1312
1327
1322
1345
1358
1366
1360
1361
1384
1376
1387
1399
1409
1417
1424
1432
1444
1449
1452
1464
1487
1489
1515
1508
1520
1521
1528
1554
1552
1554
1550
1564
1561
1581
1589
1603
1612
1613
1627
1627
1632
1640
1644
1654
1669
1696
1705
1719
1709
1696
1715
1745
1761
1779
1767
1779
1801
1807
1828
1833
1804
1805
1829
1847
1842
1848
1840
1849
1861
1872
1875
1876
1875
1895
1904
1905
1897
1893
1910
1916
1935
1944
1955
1965
1972
1978
1991
1996
2004
2011
2033
2038
2054
2039
2045
2055
2071
2067
2065
2079
2086
2088
2094
2112
2119
2127
2104
2108
2115
2118
2125
2130
2131
2148
2166
2172
2165
2159
2161
2162
2161
2179
2187
2210
2193
2213
2215
2214
2220
2207
2199
2207
2217
2222
2217
2218
2212
2207
2217
2208
2200
2196
2191
2182
2190
2201
2204
2205
2193
2202
2203
2195
2189
2199
2193
2177
2184
2201
2180
2172
2171
2153
2147
2142
2153
2156
2147
2131
2126
2127
2138
2127
2135
2136
2115
2110
2102
2114
2112
2119
2118
2118
2119
2113
2133
2119
2111
2106
2090
2097
2090
2096
2116
2091
2106
2107
2102
2098
2104
2112
2106
2096
2087
2065
2073
2083
2090
2089
2091
2099
2096
2085
2084
2100
2083
2099
2102
2095
2092
2090
2083
2093
2083
2078
2081
2078
2081
2077
2094
2094
2089
2074
2069
2070
2069
2072
2062
2065
2067
2044
2038
2049
2044
2054
2060
2052
2056
2043
2032
2032
2016
2023
2020
2028
2023
2004
1990
1980
1959
1957
1937
1930
1919
1931
1915
1917
1915
1915
1906
1905
1889
1870
1872
1889
1880
1895
1911
1907
1899
1900
1890
1884
1904
1897
1896
1891
1903
1903
1908
1901
1900
1867
1884
1860
1878
1904
1925
1920
1943
1932
1940
1944
1948
1936
1945
1950
1948
1943
1956
1969
1982
1996
2001
1996
2025
2027
2024
2030
2043
2044
2048
2064
2080
2094
2094
2103
2115
2135
2132
2135
2137
2152
2162
2157
2149
2160
2171
2160
2181
2177
2179
2183
2195
2213
2220
2232
2237
2227
2149
2207
2238
2259
2275
2281
2291
2303
2318
2299
2169
2110
2127
2223
2296
2204
2174
2148
2237
2283
2313
2211
2112
2067
2063
2208
2221
2244
2255
2211
2279
2327
2355
2363
2371
2373
2244
2201
2281
2344
2358
2366
2378
2374
2360
2361
2372
2376
2378
2380
2353
2358
2346
2348
2331
2327
2313
2324
2319
2331
2326
2331
2334
2317
2323
2332
2334
2317
2319
2324
2235
2274
2299
2318
2313
2317
2304
2302
2300
2294
2306
2304
2309
2303
2321
2303
2282
2276
2270
2277
2265
2259
2252
2237
2242
2229
2230
2237
2235
2224
2212
2193
2199
2201
2202
2208
2195
2193
2188
2171
2164
2171
2166
2159
2154
2166
2162
2176
2172
2167
2156
2149
2144
2129
2125
2129
2103
2102
2098
2091
2094
2084
2076
2055
2036
2038
2033
2041
2027
2016
2012
2011
2007
2011
2016
2014
2020
2016
1988
1975
1964
1950
1953
1957
1959
1953
1967
1966
1977
1964
1978
1976
2000
2005
2000
1992
1996
2001
1998
1987
1980
1995
1987
1980
1975
1979
1966
1962
1965
1962
1950
1942
1944
1939
1937
1939
1944
1935
1924
1930
1935
1924
1911
1908
1917
1909
1899
1885
1878
1879
1897
1900
1905
1907
1903
1900
1891
1884
1871
1868
1870
1868
1867
1860
1860
1860
1859
1871
1877
1886
1889
1871
1869
1875
1871
1877
1883
1876
1879
1863
1859
1848
1850
1853
1872
1873
1863
1875
1878
1884
1871
1860
1864
1875
1869
1870
1865
1863
1878
1872
1878
1872
1878
1880
1883
1881
1903
1911
1902
1920
1923
1929
1923
1925
1937
1944
1934
1939
1930
1921
1938
1939
1940
1940
1944
1959
1955
1953
1945
1958
1970
1986
1987
1985
1984
1986
1969
1953
1964
1977
1985
1984
1985
1985
1986
1977
1987
1982
1972
1980
1984
1971
1984
1975
1982
1990
2001
2006
1996
1995
1981
1984
1976
1981
1981
2000
2016
2021
2026
2028
2012
2019
2022
2040
2043
2028
2036
2040
2033
2041
2042
2037
2039
2046
2043
2032
2041
2055
2050
2056
2076
2083
2091
2076
2070
2068
2060
2073
2084
2083
2078
2078
2088
2093
2098
2087
2089
2101
2090
2089
2085
2099
2098
2114
2112
2104
2116
2112
2108
2107
2097
2108
2112
2116
2136
2126
2115
2127
2119
2122
2121
2112
2102
2115
2110
2121
2121
2119
2113
2113
2111
2105
2092
2099
2101
2100
2104
2096
2093
2092
2104
2103
2113
2101
2100
2106
2115
2119
2114
2100
2103
2084
2082
2087
2102
2110
2104
2095
2089
2085
2081
2089
2086
2071
2067
2068
2071
2072
2075
2042
2030
2038
2038
2029
2037
2035
2041
2030
2036
2032
2022
2025
2001
2001
2014
2011
2014
1996
1974
1964
1984
1980
1989
1987
1984
1980
1982
1964
1964
1951
