1961
1954
1969
1972
1976
1963
1962
1951
1955
1951
1954
1968
1980
1964
1959
1947
1947
1947
1939
1943
1947
1951
1943
1928
1930
1930
1940
1927
1928
1917
1912
1918
1898
1889
1903
1881
1884
1883
1881
1876
1874
1883
1897
1886
1880
1865
1871
1866
1856
1856
1866
1869
1860
1850
1826
1822
1828
1817
1803
1816
1800
1817
1812
1796
1800
1803
1800
1801
1805
1799
1792
1818
1801
1804
1808
1795
1796
1779
1777
1764
1778
1794
1795
1796
1792
1790
1791
1793
1787
1795
1777
1793
1791
1798
1795
1814
1814
1816
1811
1823
1822
1835
1817
1811
1824
1816
1819
1820
1831
1848
1838
1828
1832
1844
1848
1838
1844
1858
1862
1864
1867
1858
1871
1884
1878
1876
1884
1874
1897
1910
1913
1907
1915
1915
1920
1946
1960
1952
1937
1956
1954
1968
1972
1966
1971
1967
1991
2002
1995
2006
2002
1994
1990
1981
1988
1992
2000
2007
1985
1992
1974
1990
2002
2007
2011
2015
2033
2039
2032
2030
2033
2023
2031
2031
2045
2043
2060
2048
2021
2015
2030
2031
2041
2027
2027
2002
2015
2014
2013
2017
2040
2030
2052
2048
2043
2049
2048
2047
2039
2033
2039
2055
2072
2064
2067
2071
2057
2049
2060
2074
2065
2063
2055
2068
2066
2080
2078
2077
2079
2072
2070
2079
2078
2077
2086
2078
2080
2101
2107
2108
2137
2128
2108
2118
2110
2110
2119
2134
2126
2127
2130
2121
2100
2102
2111
2108
2116
2134
2131
2136
2124
2116
2137
2132
2140
2121
2123
2125
2124
2125
2121
2123
2132
2128
2134
2155
2148
2153
2143
2148
2142
2147
2132
2123
2132
2136
2139
2141
2129
2139
2135
2124
2120
2116
2107
2110
2112
2110
2115
2112
2118
2117
2117
2112
2115
2110
2130
2124
2107
2116
2108
2104
2100
2092
2102
2098
2108
2106
2086
2087
2106
2085
2079
2088
2077
2078
2066
2060
2064
2066
2052
2060
2055
2060
2068
2080
2079
2060
2037
2057
2062
2067
2063
2069
2066
2072
2069
2067
2060
2048
2050
2053
2047
2038
2025
2039
2048
2051
2074
2064
2068
2074
2057
2056
2055
2054
2059
2067
2064
2048
2048
2030
2035
2027
2022
2044
2050
2046
2041
2032
2027
2027
2020
2009
1996
2006
2018
2019
2025
2019
2001
2007
1993
1995
1990
1990
1998
2020
2009
2015
1999
1993
1991
1995
1992
2006
2007
1990
1986
1994
1987
1972
1978
1962
1959
1969
1985
1974
1987
1971
1982
1979
1965
1964
1963
1977
2009
1992
1982
1970
1968
1962
1954
1966
1959
1980
1980
1990
1991
1970
1969
1973
1972
1963
1961
1971
1977
1980
1966
1965
1953
1942
1935
1937
1956
1964
1988
1979
1978
1968
1948
1941
1950
1963
1970
1977
1975
1973
1963
1962
1946
1940
1935
1935
1947
1959
1962
1966
1955
1942
1926
1931
1931
1945
1949
1935
1921
1933
1944
1942
1927
1922
1929
1928
1922
1927
1928
1940
1952
1933
1920
1911
1905
1904
1916
1917
1910
1921
1926
1926
1918
1920
1932
1929
1929
1934
1942
1955
1944
1945
1943
1931
1930
1942
1947
1958
1960
1972
1972
1968
1960
1962
1965
1971
1981
1987
1987
1990
1994
1984
1996
1986
1997
2003
2001
2004
2015
2021
2000
1990
1992
1981
1984
2010
2001
2003
2006
2006
2009
2015
1999
2012
2016
2014
2032
2020
2005
2010
2015
2036
2027
2012
2006
2008
2008
2010
2014
1995
2004
2021
2007
1998
2001
1993
2003
2031
2039
2027
2016
1996
2009
1990
2002
2010
2005
2015
2023
2032
2023
2030
2035
2041
2044
2044
2057
2066
2087
2080
2068
2052
2051
2044
2048
2064
2082
2085
2089
2095
2085
2079
2074
2061
2085
2087
2090
2107
2100
2100
2104
2102
2105
2107
2121
2126
2124
2120
2110
2108
2110
2127
2136
2153
2155
2154
2149
2141
2150
2142
2141
2132
2160
2158
2154
2160
2163
2167
2183
2184
2175
2181
2174
2171
2170
2192
2198
2211
2210
2202
2199
2218
2204
2195
2199
2219
2235
2224
2223
2238
2241
2238
2225
2224
2236
2238
2236
2243
2236
2246
2246
2246
2263
2255
2255
2255
2260
2251
2253
2255
2249
2230
2246
2249
2247
2243
2251
2237
2228
2248
2232
2236
2240
2240
2231
2230
2226
2221
2222
2224
2211
2209
2198
2197
2216
2216
2211
2212
2213
2194
2188
2181
2171
2148
2155
2157
2150
2150
2144
2135
2134
2128
2125
2110
2119
2120
2103
2102
2097
2096
2102
2092
2090
2070
2071
2060
2060
2048
2042
2035
2034
2032
2040
2025
2018
2008
2001
2001
1994
2001
1988
1982
1990
1980
1972
1961
1947
1928
1932
1922
1909
1904
1916
1921
1917
1911
1918
1910
1904
1896
1891
1888
1884
1880
1885
1864
1858
1865
1865
1870
1870
1869
1856
1851
1853
1852
1843
1842
1845
1843
1839
1814
1820
1808
1796
1801
1798
1812
1815
1812
1808
1801
1804
1789
1774
1767
1771
1776
1771
1768
1787
1776
1764
1756
1745
1742
1746
1731
1726
1724
1726
1733
1726
1733
1711
1698
1700
1699
1707
1703
1692
1695
1683
1673
1684
1678
1687
1692
1703
1710
1706
1706
1699
1689
1686
1689
1694
1703
1711
1660
1690
1703
1708
1718
1729
1735
1732
1738
1753
1776
1770
1753
1749
1766
1773
1774
1787
1804
1797
1809
1811
1791
1796
1798
1836
1827
1843
1841
1839
1851
1850
1856
1848
1867
1871
1880
1881
1877
1878
1895
1882
1916
1928
1932
1932
1937
1946
1958
1946
1955
1953
1955
1804
1896
1949
1980
1985
2012
2016
2024
2038
2014
1915
1879
1908
1994
1940
1965
2062
2103
2140
2151
2153
2137
2151
2160
2152
2168
2185
2183
2214
2194
2199
2202
2213
2217
2243
2240
2251
2251
2242
2237
2246
2272
2287
2288
2306
2324
2327
2332
2334
2348
2347
2346
2365
2368
2376
2388
2380
2379
2385
2400
2399
2400
2403
2412
2417
2416
2408
2412
2415
2411
2406
2423
2433
2443
2448
2446
2313
2363
2419
2439
2432
2435
2441
2449
2450
2448
2451
2458
2453
2429
2438
2427
2425
2415
2439
2446
2429
2427
2420
2425
2425
2418
2430
2435
2435
2406
2409
2410
2414
2394
2384
2380
2388
2381
2378
2373
2361
2353
2351
2342
2343
2345
2316
2319
2300
2281
2261
2276
2279
2267
2254
2264
2269
2259
2256
2252
2243
2232
2240
2231
2229
2209
2212
2211
2200
2206
2199
2181
2176
2179
2171
2187
2190
2190
2170
2170
2158
2153
2149
2144
2146
2139
2127
2106
2082
2095
2117
2182
2268
2353
2409
2417
2310
2110
1863
1599
1350
1152
1024
915
839
783
750
721
762
905
1137
1426
1758
2078
2335
2527
2688
2862
3017
3231
3468
3678
3832
3888
3878
3840
3806
3855
3949
4093
4094
4094
4094
4095
4094
4094
4094
4094
4095
4094
4094
4094
4094
4094
4094
4095
4094
4094
4094
4095
4093
3891
3640
3398
3203
3058
2986
2958
2937
2910
2831
2711
2520
2310
2084
1880
1691
1509
1328
1153
988
823
633
485
373
259
208
196
176
166
151
147
135
134
133
138
144
150
155
160
156
152
142
140
143
143
150
158
163
175
171
173
172
173
170
180
187
198
195
190
174
168
161
166
179
214
282
384
506
643
759
869
959
1064
1188
1328
1504
1683
1861
2043
2200
2338
2440
2538
2636
2722
2784
2821
2871
2907
2931
2953
2972
2988
3033
3088
3132
3197
3253
3308
3353
3388
3437
3471
3517
3564
3583
3596
3596
3573
3522
3454
3387
3339
3287
3236
3191
3168
3128
3089
3083
3072
3082
3093
3109
3148
3182
3208
3235
3249
3236
3182
3112
3013
2876
2752
2659
2568
2478
2422
2371
2280
2203
2131
2041
1952
1858
1791
1729
1698
1662
1625
1564
1489
1399
1305
1173
1076
980
892
834
757
676
563
481
379
300
243
202
190
190
175
158
151
142
133
129
129
126
127
126
124
124
124
119
120
120
118
119
119
116
113
114
112
111
111
114
115
115
115
116
112
112
111
111
111
111
111
111
110
109
109
106
105
105
104
104
103
103
101
99
98
98
95
95
95
93
93
93
92
91
91
90
91
92
93
96
99
103
107
113
118
124
134
148
154
169
189
207
226
245
271
326
372
439
498
552
603
640
660
688
701
690
702
697
676
641
603
585
572
556
537
540
564
589
623
692
790
887
995
1112
1254
1398
1537
1649
1770
1848
1925
2014
2105
2174
2246
2290
2358
2422
2481
2564
2663
2764
2848
2928
3008
3089
3127
3144
3187
3216
3262
3310
3339
3358
3360
3351
3351
3358
3377
3395
3409
3434
3449
3471
3455
3453
3448
3443
3468
3482
3513
3530
3547
3535
3505
3491
3481
3480
3479
3500
3519
3547
3577
3607
3659
3680
3724
3776
3824
3871
3931
4019
4092
4094
4094
4095
4094
4095
4094
4094
4094
4094
4095
4094
4094
4095
4094
4095
4094
4094
4094
4095
4094
4094
4094
4094
4094
4094
4094
4094
4094
4094
4092
4019
3971
3950
3940
3948
3980
3996
4039
4083
4093
4094
4094
4094
4094
4094
4095
4094
4095
4094
4095
4094
4094
4094
4094
4094
4094
4095
4095
4095
4095
4094
4094
4094
4094
4095
4094
4095
4094
4095
4094
4094
4094
4094
4094
4094
4094
4094
4094
4094
4094
4094
4094
4094
4094
4094
4095
4094
4094
4094
4094
4095
4083
3952
3852
3781
3740
3704
3665
3629
3626
3633
3641
3656
3680
3702
3728
3750
3773
3777
3804
3844
3862
3890
3896
3904
3887
3876
3855
3806
3775
3718
3675
3628
3564
3493
3437
3375
3308
3250
3202
3135
3044
2964
2874
2774
2667
2585
2478
2386
2308
2209
2126
2023
1931
1818
1710
1607
1493
1386
1264
1181
1101
1010
936
840
777
704
652
595
519
460
407
350
292
238
196
174
160
152
150
148
140
136
131
130
125
123
120
116
113
110
109
107
105
103
101
100
98
96
94
92
91
89
89
87
85
84
83
83
81
80
79
78
77
76
75
75
74
73
73
72
72
71
71
71
71
71
70
70
70
70
70
70
69
70
70
70
70
71
71
71
71
71
72
72
72
72
74
73
74
75
76
76
77
78
79
80
81
82
83
83
84
85
86
86
88
88
89
90
90
91
92
93
95
95
98
99
100
102
103
107
108
111
114
119
125
131
139
152
167
192
235
273
340
424
492
596
691
784
895
974
1079
1161
1236
1312
1394
1480
1557
1651
1733
1801
1854
1907
1956
2011
2074
2140
2197
2249
2289
2300
2300
2307
2325
2326
2319
2328
2356
2352
2345
2328
2307
2282
2267
2243
2241
2240
2246
2246
2247
2245
2236
2251
2271
2292
2320
2346
2384
2426
2475
2525
2570
2632
2697
2780
2856
2927
3000
3064
3114
3171
3224
3272
3311
3381
3455
3531
3598
3628
3632
3616
3560
3508
3470
3460
3457
3476
3532
3598
3639
3688
3731
3773
3772
3782
3788
3827
3859
3900
3923
3947
3968
3991
4064
4092
4094
4095
4094
4094
4095
4095
4094
4094
4094
4095
4095
4094
4094
4094
4095
4094
4094
4094
4094
4094
4094
4094
4094
4094
4094
4095
4094
4095
4094
4094
4094
4094
4094
4094
4094
4094
4094
4094
4094
4095
4094
4095
4094
4094
4094
4094
4094
4094
4094
4094
4094
4094
4094
4094
4094
4094
4094
4095
4094
4094
4094
4095
4094
4094
4094
4094
4094
4094
4094
4094
4094
4094
4094
4094
4094
4094
4094
4094
4095
4095
4094
4094
4094
4094
4094
4094
4094
4094
4094
4094
4085
3926
3796
3716
3631
3550
3487
3432
3376
3299
3212
3099
3020
2969
2932
2880
2836
2787
2733
2660
2592
2504
2444
2390
2323
2269
2202
2121
2060
1990
1929
1902
1871
1843
1806
1765
1731
1617
1544
1544
1544
1518
1496
1479
1447
1412
1373
1346
1306
1269
1230
1185
1160
1141
1128
1127
1122
1103
1066
1021
983
950
921
867
825
781
711
664
607
548
504
462
417
362
309
259
236
220
222
209
198
201
195
181
185
177
174
174
160
169
172
176
179
175
171
172
150
151
147
141
142
146
152
155
159
158
154
151
150
154
158
161
163
168
175
177
176
169
176
183
199
218
234
272
304
310
333
351
386
404
441
474
521
571
612
630
644
630
634
641
652
674
687
712
739
773
800
820
830
847
896
915
949
963
969
949
942
927
956
986
1010
1032
1044
1020
1002
968
936
910
895
878
873
849
837
827
821
799
794
797
806
803
776
773
768
751
738
706
681
654
636
639
630
639
647
643
638
608
598
568
549
545
538
534
530
501
490
471
453
451
455
467
491
476
481
495
511
510
501
506
530
564
584
589
608
617
627
630
608
610
600
609
611
597
601
609
609
608
597
593
599
595
595
615
628
652
659
683
690
706
705
745
748
774
800
832
862
870
885
906
933
942
960
993
1035
1069
1100
1136
1179
1216
1274
1296
1310
1336
1362
1383
1422
1452
1489
1508
1544
1594
1645
1700
1759
1801
1864
1935
1999
2072
2142
2215
2296
2382
2459
2536
2599
2663
2718
2758
2838
2907
2971
3025
3082
3137
3179
3227
3254
3296
3328
3354
3371
3398
3429
3467
3495
3516
3523
3548
3576
3600
3642
3671
3713
3729
3759
3791
3808
3828
3876
3891
3922
3938
3950
3962
3964
3948
3936
3930
3904
3908
3905
3881
3868
3835
3800
3783
3756
3734
3715
3708
3676
3649
3651
3628
3592
3568
3574
3573
3574
3576
3584
3559
3539
3545
3527
3531
3529
3526
3542
3530
3519
3519
3498
3489
3473
3461
3425
3399
3364
3332
3315
3292
3260
3237
3207
3191
3155
3128
3106
3086
3076
3055
3018
2992
2969
2938
2917
2912
2880
2863
2840
2803
2800
2785
2757
2716
2692
2663
2624
2588
2563
2536
2520
2489
2470
2440
2421
2396
2383
2375
2372
2373
2357
2335
2310
2288
2266
2258
2245
2244
2228
2219
2189
2185
2150
2103
2084
2045
1998
1982
1962
1918
1872
1851
1811
1763
1721
1672
1624
1584
1531
1502
1479
1446
1404
1375
1338
1303
1295
1278
1256
1254
1241
1248
1225
1224
1214
1195
1170
1174
1176
1174
1162
1157
1155
1153
1158
1138
1137
1123
1111
1091
1085
1081
1059
1037
1024
1011
995
979
987
976
979
968
937
923
923
882
891
900
903
906
907
893
879
879
870
861
839
848
854
847
871
865
862
864
892
915
935
942
961
992
1018
1038
1071
1092
1112
1131
1159
1190
1226
1260
1285
1308
1328
1352
1375
1395
1436
1463
1499
1511
1518
1534
1527
1534
1537
1529
1522
1516
1546
1552
1550
1561
1556
1561
1565
1564
1569
1571
1586
1605
1620
1640
1640
1648
1644
1656
1675
1680
1695
1713
1720
1738
1742
1751
1767
1779
1796
1803
1818
1841
1864
1879
1894
1905
1924
1939
1943
1964
1976
1999
2024
2072
2099
2131
2152
2188
2193
2221
2244
2271
2279
2306
2324
2342
2371
2388
2409
2421
2433
2443
2447
2456
2460
2453
2481
2481
2503
2523
2550
2563
2568
2574
2601
2639
2659
2694
2725
2759
2791
2820
2840
2883
2907
2934
2972
2999
3050
3073
3121
3137
3161
3177
3179
3219
3253
3288
3315
3339
3353
3356
3378
3396
3421
3438
3463
3489
3503
3499
3512
3542
3564
3577
3589
3603
3618
3635
3633
3644
3651
3654
3669
3687
3722
3737
3741
3766
3773
3772
3802
3816
3823
3815
3840
3832
3832
3852
3871
3880
3887
3896
3900
3894
3878
3867
3843
3847
3839
3842
3828
3808
3788
3768
3765
3752
3724
3701
3668
3654
3631
3604
3580
3543
3506
3472
3433
3411
3368
3330
3270
3241
3202
3159
3134
3086
3058
3030
2992
2951
2896
2861
2810
2767
2725
2684
2639
2597
2568
2503
2457
2414
2355
2317
2276
2235
2167
2127
2105
2078
2018
1981
1938
1881
1827
1790
1752
1705
1678
1645
1593
1552
1496
1456
1397
1365
1330
1301
1279
1244
1213
1166
1142
1120
1092
1054
1018
1012
996
973
951
928
910
883
866
836
840
824
816
810
780
760
720
714
700
685
671
676
664
621
614
588
574
569
559
556
544
532
522
504
470
449
425
420
423
409
411
422
418
410
414
431
427
418
413
403
411
423
450
449
460
478
476
469
472
491
503
494
504
510
515
524
528
559
574
573
587
605
618
616
637
651
665
687
684
678
678
675
694
724
748
773
792
799
816
831
844
847
861
867
872
899
921
952
964
995
1036
1064
1087
1121
1142
1161
1182
1200
1232
1273
1289
1336
1362
1395
1424
1453
1478
1514
1525
1561
1587
1608
1633
1656
1667
1689
1713
1734
1759
1774
1814
1836
1851
1868
1887
1895
1911
1939
1963
1977
2001
2040
2069
2087
2102
2127
2161
2161
2180
2217
2242
2262
2282
2304
2326
2345
2273
2309
2332
2379
2419
2449
2483
2493
2511
2531
2552
2559
2590
2595
2603
2636
2669
2684
2703
2708
2712
2731
2748
2762
2758
2777
2788
2814
2822
2847
2860
2867
2864
2868
2869
2875
2872
2893
2891
2876
2880
2886
2892
2886
2894
2894
2885
2884
2876
2880
2878
2863
2877
2800
2774
2812
2839
2843
2838
2825
2847
2850
2842
2727
2685
2710
2771
2736
2723
2782
2792
2799
2819
2822
2806
2803
2814
2827
2814
2800
2784
2775
2764
2755
2763
2767
2772
2776
2765
2750
2742
2744
2732
2726
2727
2738
2735
2737
2737
2720
2695
2697
2687
2701
2721
2713
2718
2708
2693
2671
2672
2660
2644
2630
2632
2535
2577
2600
2599
2586
2575
2561
2560
2569
2559
2551
2545
2538
2518
2519
2518
2520
2523
2520
2502
2497
2503
2484
2470
2463
2451
2432
2432
2440
2424
2410
2406
2404
2383
2369
2351
2347
2342
2309
2295
2264
2243
2235
2209
2192
2188
2171
2133
2127
2115
2076
2056
2041
2040
2023
2001
1982
1974
1964
1940
1907
1888
1852
1820
1810
1795
1776
1769
1744
1735
1721
1691
1671
1666
1681
1688
1672
1665
1656
1659
1636
1636
1628
1623
1616
1619
1635
1617
1624
1628
1615
1604
1601
1584
1584
1596
1585
1589
1569
1566
1574
1572
1558
1567
1563
1561
1556
1545
1548
1542
1532
1539
1541
1536
1548
1571
1578
1580
1580
1568
1576
1579
1601
1610
1623
1612
1626
1645
1647
1640
1658
1660
1667
1681
1682
1684
1695
1691
1702
1702
1692
1694
1711
1718
1726
1729
1728
1737
1729
1731
1728
1734
1743
1760
1772
1770
1768
1754
1740
1726
1721
1728
1732
1728
1715
1725
1718
1703
1681
1683
1668
1669
1676
1684
1689
1700
1700
1699
1696
1680
1678
1674
1694
1697
1691
1700
1713
1699
1695
1700
1709
1724
1735
1748
1746
1738
1744
1750
1744
1750
1753
1767
1784
1789
1807
1821
1811
1813
1816
1824
1825
1849
1854
1857
1851
1853
1857
1849
1849
1843
1866
1860
1864
1879
1877
1878
1881
1889
1899
1873
1871
1868
1883
1896
1880
1886
1880
1864
1862
1846
1849
1848
1866
1861
1871
1866
1867
1854
1845
1854
1855
1858
1869
1859
1867
1859
1863
1841
1815
1815
1812
1817
1816
1840
1836
1832
1824
1823
1799
1799
1789
1787
1784
1776
1771
1763
1750
1757
1759
1748
1742
1737
1736
1746
1740
1743
1752
1760
1768
1775
1784
1776
1779
1796
1810
1801
1819
1825
1829
1816
1825
1826
1844
1851
1854
1873
1889
1913
1914
1925
1922
1920
1927
1926
1949
1976
1985
1987
1998
2004
2004
2016
2012
2036
2046
2057
2069
2057
2056
2056
2061
2054
2081
2081
2104
2119
2125
2127
2134
2149
2149
2169
2154
2159
2177
2177
2173
2199
2215
2229
2239
2256
2269
2281
2285
2286
2299
2311
2313
2334
2339
2350
2370
2371
2371
2372
2372
2368
2382
2376
2382
2390
2390
2390
2399
2419
2420
2412
2407
2424
2432
2435
2454
2455
2462
2466
2485
2488
2484
2460
2452
2445
2454
2461
2475
2488
2482
2495
2482
2463
2451
2464
2464
2459
2454
2467
2468
2476
2471
2458
2451
2451
2454
2453
2452
2467
2466
2461
2462
2463
2448
2431
2418
2430
2435
2448
2465
2453
2430
2424
2421
2414
2405
2416
2416
2405
2400
2388
2359
2350
2348
2337
2314
2294
2305
2287
2281
2295
2295
2279
2265
2234
2230
2227
2215
2210
2226
2219
2204
2198
2191
2176
2172
2144
2141
2131
2127
2130
2132
2114
2093
2096
2095
2095
2101
2077
2070
2055
2039
2027
2028
2007
2007
2014
1996
1992
1996
1994
1979
1980
1986
1975
1974
1971
1964
1974
1975
1953
1953
1946
1941
1942
1950
1940
1943
1938
1947
1964
1927
1942
1939
1931
1938
1939
1948
1955
1979
1991
1987
1982
1972
1975
1972
1983
1998
2001
2023
2018
2019
2007
2000
2007
2024
2044
2042
2040
2045
2047
2042
2038
2027
2023
2027
2040
2028
2023
2041
2025
2022
1993
1987
1994
1991
1991
1998
2012
2011
2023
2017
2001
1974
1968
1974
1966
1984
1999
1992
1975
1975
1959
1939
1927
1927
1920
1944
1936
1939
1933
1922
1898
1888
1882
1879
1890
1872
1880
1864
1839
1840
1826
1798
1814
1816
1820
1824
1818
1791
1793
1752
1744
1710
1694
1699
1715
1721
1716
1697
1674
1659
1648
1637
1638
1638
1672
1674
1675
1652
1645
1603
1596
1592
1620
1640
1657
1658
1651
1648
1638
1623
1610
1600
1614
1627
1647
1647
1645
1651
1634
1628
1645
1655
1650
1661
1669
1699
1703
1693
1695
1696
1708
1697
1710
1733
1741
1762
1755
1754
1754
1747
1752
1755
1773
1777
1794
1794
1808
1799
1790
1804
1800
1814
1816
1823
1833
1830
1835
1840
1837
1838
1853
1878
1881
1895
1909
1912
1912
1929
1925
1913
1900
1914
1925
1963
1974
1969
1967
1960
1956
1957
1980
1977
1999
2017
2003
2006
2010
2023
2013
2009
1998
2009
2019
2025
2040
2033
2035
2033
2033
2036
2021
2028
2033
2022
2029
2036
2036
2026
2019
2035
2044
2031
2041
2045
2064
2075
2068
2076
2074
2084
2076
2080
2089
2099
2118
2139
2138
2132
2131
2127
2124
2138
2141
2160
2168
2175
2171
2159
2142
2126
2124
2122
2144
2143
2142
2144
2129
2135
2104
2093
2084
2088
2089
2097
2092
2072
2061
2044
2031
2022
2026
2008
2008
2005
2004
1988
1972
1957
1932
1927
1935
1930
1927
1907
1898
1900
1902
1893
1880
1882
1875
1865
1876
1872
1865
1861
1859
1844
1833
1842
1833
1823
1825
1824
1818
1824
1794
1789
1777
1760
1766
1770
1774
1767
1765
1771
1776
1772
1752
1739
1744
1729
1735
1734
1722
1739
1731
1728
1745
1732
1752
1756
1764
1772
1782
1775
1789
1807
1824
1824
1841
1859
1860
1866
1872
1882
1898
1916
1929
1944
1964
1992
1982
1995
2004
2018
2022
2041
2072
2054
2077
2086
2083
2088
2103
2108
2117
2140
2144
2158
2163
2187
2173
2186
2217
2223
2241
2240
2234
2241
2253
2280
2298
2325
2338
2350
2348
2352
2360
2341
2342
2370
2396
2418
2432
2448
2441
2459
2470
2474
2477
2489
2489
2500
2510
2536
2550
2558
2563
2578
2584
2611
2608
2601
2618
2613
2618
2617
2617
2620
2616
2601
2597
2594
2588
2574
2579
2578
2561
2570
2583
2568
2572
2573
2560
2557
2556
2531
2529
2546
2536
2531
2523
2525
2520
2510
2486
2486
2488
2492
2493
2465
2472
2464
2447
2446
2460
2340
2371
2300
2358
2392
2416
2419
2410
2407
2392
2372
2308
2240
2222
2298
2276
2270
2294
2326
2346
2329
2310
2304
2299
2295
2281
2280
2259
2252
2243
2234
2224
2232
2212
2189
2168
2156
2148
2143
2139
2120
2126
2111
2109
2104
2095
2091
2080
2068
2068
2079
2056
2051
2040
2022
2009
2006
1982
1969
1975
1984
1970
1958
1965
1960
1940
1940
1933
1918
1908
1920
1893
1877
1888
1897
1892
1897
1877
1873
1870
1867
1841
1827
1831
1715
1764
1788
1816
1813
1815
1810
1788
1787
1792
1797
1809
1812
1807
1783
1776
1765
1777
1781
1775
1778
1771
1760
1746
1745
1752
1730
1740
1748
1749
1740
1750
1751
1747
1744
1735
1729
1721
1730
1734
1737
1727
1720
1728
1747
1724
1724
1709
1726
1723
1734
1742
1723
1730
1728
1719
1736
1720
1704
1720
1731
1756
1742
1760
1752
1737
1730
1723
1732
1732
1738
1740
1739
1738
1729
1719
1748
1737
1731
1729
1747
1758
1765
1768
1751
1761
1760
1768
1782
1779
1797
1798
1793
1781
1776
1769
1768
1770
1788
1790
1814
1817
1812
1803
1796
1796
1792
1815
1828
1827
1839
1842
1840
1830
1822
1823
1822
1836
1842
1846
1843
1856
1842
1836
1827
1827
1834
1844
1854
1852
1857
1857
1862
1862
1856
1857
1864
1849
1876
1888
1887
1880
1884
1886
1886
1895
1900
1902
1930
1955
1960
1976
1970
1965
1964
1976
1982
1992
2008
2010
2033
2034
2022
2012
2015
2001
2005
2016
2039
2028
2042
2051
2042
2041
2042
2031
2054
2073
2077
2083
2094
2083
2062
2056
2052
2064
2058
2063
2067
2066
2073
2079
2067
2061
2082
2085
2093
2092
2095
2109
2112
2121
2107
2107
2108
2099
2117
2141
2157
2163
2182
2190
2184
2188
2181
2182
2200
2211
2206
2221
2226
2227
2218
2224
2232
2236
2250
2251
2274
2265
2275
2268
2269
2256
2263
2250
2252
2274
2284
2288
2274
2267
2255
2249
2262
2254
2252
2259
2255
2254
2240
2225
2217
2217
2208
2219
2234
2220
2212
2217
2206
2198
2192
2187
2193
2174
2161
2167
2164
2156
2142
2125
2110
2099
2084
2059
2060
2055
2051
2016
2003
1999
1990
1982
1980
1957
1966
1963
1969
1950
1932
1937
1932
1916
1899
1894
1880
1874
1867
1875
1870
1864
1844
1838
1839
1835
1822
1813
1811
1812
1821
1821
1840
1831
1816
1807
1817
1832
1840
1844
1836
1836
1841
1840
1840
1842
1843
1842
1841
1840
1838
1834
1845
1848
1852
1859
1864
1864
1862
1856
1857
1863
1863
1870
1871
1877
1881
1864
1860
1874
1864
1868
1874
1871
1874
1883
1874
1863
1874
1876
1887
1894
