2044
2047
2048
2049
2051
2053
2052
2053
2064
2043
2043
2032
2022
2016
2031
2040
2043
2040
2041
2034
2013
2018
2016
2011
2002
2008
1997
1981
1991
1993
1980
1984
1998
2004
1990
1990
1968
1982
1974
1971
1967
1971
1972
1979
1955
1962
1955
1856
1913
1948
1949
1953
1952
1963
1952
1950
1874
1792
1761
1831
1849
1854
1928
1976
1997
1998
1996
2003
2001
1999
2006
2008
2018
2023
2012
1997
1975
1984
1986
1987
2006
2012
2011
2011
2003
1999
1997
1980
1996
1999
2004
1997
1994
2001
2015
1925
1921
1954
1968
1994
2001
2008
2004
1998
1999
2004
2009
2003
2018
2004
1991
2013
2024
2026
2026
2024
2019
2025
2031
2035
2030
2034
2027
2035
2033
2031
2036
2037
2040
2038
2040
2036
2015
2017
2012
2023
2025
2039
2041
2036
2036
2044
2035
2051
2047
2050
2039
2053
2056
2053
2076
2066
2055
2054
2048
2040
2046
2047
2034
2052
2064
2057
2044
2057
2059
2069
2052
2059
2050
2056
2071
2080
2069
2070
2067
2052
2060
2072
2080
2087
2093
2087
2084
2086
2077
2072
2064
2064
2075
2072
2069
2063
2054
2055
2056
2062
2066
2061
2083
2068
2067
2077
2062
2079
2073
2063
2063
2078
2066
2067
2063
2057
2057
2061
2074
2071
2067
2075
2061
2061
2060
2046
2035
2045
2039
2030
2035
2033
2070
2072
2065
2056
2064
2040
2025
2036
2032
2019
2031
2032
2028
2031
2027
2009
2010
2011
2022
2014
2018
2026
2005
2009
2007
2003
1989
1986
2003
2003
1991
1996
2001
2006
1999
1993
1993
1987
1976
1975
1981
1984
1991
1981
1985
1987
1973
1963
1966
1965
1964
1981
1967
1976
1988
1980
1966
1949
1955
1958
1956
1977
1988
1979
1984
1982
1982
1984
1988
1971
1979
1984
1983
1979
1974
1979
1963
1972
1971
1961
1965
1984
1996
1978
1992
1999
1998
1996
2000
2001
2000
2001
2000
1988
1991
1976
1985
2003
2008
2008
2016
2028
2029
2024
2042
2027
2019
2022
2017
2022
2028
2046
2063
2055
2031
2037
2028
2037
2035
2038
2032
2041
2042
2048
2036
2035
2023
2032
2035
2052
2051
2050
2047
2038
2030
2022
2017
2017
2025
2034
2039
2034
2030
2032
2019
2025
2032
2017
2013
2017
2023
2029
2014
2007
2005
1993
1992
1975
1981
1979
1975
1980
1987
1984
1997
1969
1968
1968
1971
1984
1996
2000
1994
1996
1989
1971
1982
1975
1959
1965
1974
1982
1982
1986
1977
1959
1960
1956
1952
1961
1984
1986
1996
2008
1992
1952
1918
1880
1830
1795
1790
1768
1749
1726
1688
1678
1684
1711
1746
1783
1835
1881
1927
1950
1969
2014
2041
2079
2119
2174
2199
2236
2259
2296
2327
2375
2422
2460
2505
2539
2575
2599
2603
2618
2621
2608
2599
2587
2581
2564
2550
2539
2541
2545
2556
2584
2597
2615
2615
2619
2623
2634
2624
2599
2572
2547
2505
2489
2476
2483
2485
2471
2452
2452
2409
2357
2308
2290
2281
2264
2239
2206
2183
2153
2107
2072
2031
2029
2011
2012
2025
2025
2013
2008
2023
2022
2005
2009
2025
2011
2002
1990
1984
1973
1958
1927
1916
1891
1903
1898
1908
1904
1899
1891
1878
1874
1864
1838
1836
1828
1811
1780
1759
1747
1728
1726
1699
1711
1708
1710
1726
1743
1724
1710
1697
1678
1663
1648
1656
1651
1652
1664
1660
1659
1656
1646
1658
1646
1634
1635
1648
1637
1633
1643
1621
1609
1609
1610
1620
1642
1672
1693
1694
1712
1734
1780
1799
1814
1840
1884
1912
1922
1936
1953
1947
1945
1947
1935
1945
1940
1944
1935
1932
1918
1898
1900
1891
1872
1878
1888
1886
1873
1885
1892
1879
1871
1873
1875
1879
1891
1923
1939
1952
1948
1944
1942
1954
1978
2010
2048
2066
2097
2130
2165
2186
2221
2252
2290
2328
2364
2383
2384
2400
2407
2402
2404
2430
2420
2437
2452
2462
2449
2452
2459
2471
2481
2477
2491
2497
2482
2493
2497
2504
2487
2481
2460
2459
2477
2482
2500
2510
2511
2519
2527
2528
2539
2553
2572
2596
2596
2611
2635
2631
2631
2656
2671
2688
2692
2701
2703
2692
2686
2684
2665
2655
2620
2598
2558
2527
2483
2451
2433
2414
2370
2321
2283
2232
2194
2184
2147
2120
2077
2035
1993
1953
1916
1872
1841
1800
1751
1715
1687
1640
1603
1566
1518
1483
1440
1419
1388
1366
1322
1289
1240
1196
1156
1128
1088
1040
996
972
940
901
857
822
778
744
702
688
666
636
602
576
547
512
487
475
449
425
408
385
368
352
337
327
328
305
272
274
259
242
228
216
204
195
179
178
168
163
161
160
150
152
151
150
147
142
143
144
144
142
143
144
148
144
148
151
155
150
151
147
149
153
153
157
156
168
168
181
191
191
216
241
260
290
326
364
391
441
504
534
582
617
661
708
748
789
842
902
940
988
1028
1062
1118
1167
1216
1273
1318
1361
1401
1440
1496
1520
1567
1621
1673
1718
1767
1815
1856
1759
1901
2008
2086
2140
2193
2260
2317
2392
2395
2365
2390
2497
2563
2598
2755
2868
2954
3019
3072
3142
3208
3261
3293
3345
3387
3417
3469
3511
3557
3591
3640
3670
3696
3730
3769
3814
3850
3894
3928
3962
3988
4013
3928
4030
4092
4095
4094
4094
4094
4095
4094
4094
4095
4094
4094
4094
4095
4094
4094
4094
4094
4095
4094
4095
4094
4094
4094
4094
4094
4094
4094
4094
4094
4094
4094
4094
4094
4094
4094
4094
4094
4094
4094
4094
4094
4094
4094
4094
4094
4094
4094
4095
4094
4095
4094
4094
4095
4094
4095
4094
4095
4094
4094
4094
4094
4094
4094
4094
4094
4094
4094
4094
4094
4094
4094
4094
4094
4094
4054
3934
3854
3790
3759
3713
3661
3612
3566
3524
3468
3430
3382
3336
3303
3275
3246
3209
3165
3143
3095
3055
3026
2997
2952
2921
2904
2884
2842
2796
2768
2721
2663
2638
2606
2567
2542
2507
2462
2430
2387
2349
2327
2292
2263
2232
2220
2194
2160
2132
2099
2072
2027
1995
1996
1965
1954
1940
1912
1886
1856
1830
1799
1781
1781
1764
1745
1723
1711
1690
1657
1635
1622
1600
1591
1564
1556
1539
1520
1498
1456
1433
1413
1383
1359
1354
1324
1303
1267
1247
1220
1196
1184
1153
1149
1132
1111
1098
1091
1076
1052
1044
1029
1014
1017
988
990
974
966
960
926
913
920
891
891
899
909
905
896
880
870
871
859
844
846
841
833
830
842
839
829
823
800
804
807
800
802
815
823
816
814
826
818
814
832
840
854
865
866
867
886
912
909
920
942
967
997
1037
1034
1041
1063
1065
1062
1068
1084
1089
1108
1114
1127
1124
1125
1125
1125
1145
1164
1185
1193
1201
1200
1211
1222
1226
1229
1218
1197
1217
1224
1223
1221
1233
1229
1228
1220
1220
1226
1239
1250
1262
1275
1294
1297
1293
1299
1313
1330
1336
1364
1378
1368
1384
1401
1420
1446
1456
1474
1485
1504
1504
1509
1520
1529
1547
1563
1577
1573
1577
1587
1620
1648
1672
1696
1710
1715
1731
1752
1752
1775
1805
1818
1841
1863
1882
1888
1914
1927
1966
1988
1992
2000
2009
2010
2023
2025
2022
2032
2056
2083
2095
2110
2141
2140
2136
2136
2161
2165
2185
2197
2216
2236
2231
2232
2247
2249
2242
2264
2274
2272
2277
2280
2283
2282
2287
2291
2299
2302
2313
2304
2306
2319
2339
2332
2324
2323
2344
2347
2353
2361
2368
2364
2371
2371
2364
2361
2360
2338
2338
2342
2346
2350
2343
2341
2331
2318
2316
2308
2332
2339
2342
2342
2343
2337
2345
2330
2322
2318
2328
2350
2363
2364
2360
2361
2364
2374
2383
2390
2378
2391
2403
2416
2415
2444
2442
2429
2444
2447
2464
2479
2475
2476
2480
2486
2498
2520
2524
2542
2565
2581
2601
2621
2613
2620
2615
2631
2632
2626
2628
2637
2659
2673
2697
2700
2692
2709
2713
2697
2705
2699
2715
2721
2737
2732
2723
2714
2711
2702
2711
2717
2718
2723
2730
2727
2712
2704
2707
2704
2675
2679
2676
2679
2663
2671
2659
2663
2642
2621
2606
2611
2591
2590
2580
2579
2566
2553
2532
2543
2535
2506
2492
2479
2452
2436
2407
2395
2392
2383
2372
2374
2367
2358
2343
2339
2324
2326
2317
2331
2321
2323
2321
2335
2331
2328
2303
2305
2297
2296
2282
2272
2268
2259
2252
2247
2236
2227
2208
2180
2179
2183
2171
2151
2140
2129
2097
2074
2048
2036
2034
2024
2014
1995
1977
1964
1936
1916
1912
1904
1888
1874
1837
1825
1824
1788
1768
1760
1735
1720
1717
1687
1667
1651
1630
1627
1596
1565
1547
1527
1520
1503
1497
1482
1451
1446
1437
1415
1401
1381
1373
1347
1330
1318
1297
1288
1276
1267
1251
1231
1217
1204
1191
1155
1130
1120
1106
1108
1098
1074
1055
1051
1038
1032
1032
1006
1010
996
991
963
955
927
926
907
901
891
889
898
906
897
879
873
873
873
867
864
871
870
864
864
864
866
861
870
880
870
876
872
860
871
880
895
908
922
923
938
950
953
953
969
974
987
1010
1030
1028
1051
1072
1085
1091
1111
1120
1139
1154
1161
1182
1214
1236
1254
1275
1297
1310
1326
1348
1369
1400
1418
1444
1467
1468
1495
1517
1521
1545
1572
1577
1604
1615
1607
1632
1662
1675
1676
1688
1710
1731
1752
1767
1772
1794
1806
1808
1832
1847
1866
1880
1896
1925
1927
1926
1936
1930
1944
1959
1969
1974
1991
2006
2017
2018
2027
2031
2037
2056
2052
2076
2097
2093
2098
2120
2139
2163
2185
2203
2238
2265
2284
2304
2296
2311
2335
2359
2377
2391
2408
2433
2463
2470
2485
2497
2500
2515
2542
2570
2578
2598
2604
2624
2639
2671
2683
2693
2707
2710
2721
2722
2744
2758
2784
2796
2809
2819
2831
2860
2876
2912
2919
2928
2928
2947
2965
2997
2994
3000
3022
3044
3056
3066
3062
3064
3078
3098
3106
3111
3116
3111
3101
3091
3108
3107
3123
3139
3144
3137
3150
3151
3166
3155
3156
3155
3135
3152
3162
3150
3149
3124
3131
3137
3136
3108
3092
3097
3098
3087
3073
3072
3046
3040
3035
3047
3056
3052
3051
3020
3026
3022
2998
3003
3002
2991
2979
2989
2990
2975
2959
2948
2924
2918
2901
2887
2875
2869
2865
2853
2826
2820
2806
2800
2780
2776
2784
2754
2742
2732
2727
2721
2703
2704
2694
2670
2670
2640
2622
2607
2600
2593
2566
2555
2554
2542
2515
2504
2480
2478
2457
2439
2406
2406
2388
2368
2353
2329
2319
2304
2280
2254
2235
2228
2206
2187
2161
2137
2107
2079
2068
2017
2004
1986
1965
1934
1917
1879
1849
1827
1807
1791
1795
1768
1735
1718
1678
1655
1625
1590
1574
1552
1528
1502
1461
1466
1451
1423
1400
1375
1344
1330
1302
1276
1259
1235
1222
1195
1179
1158
1147
1134
1127
1112
1096
1096
1080
1074
1070
1065
1064
1059
1043
1037
1021
1014
997
993
1003
991
968
979
988
977
985
981
975
982
975
982
985
986
990
987
995
992
977
961
964
975
994
1017
1021
1028
1032
1038
1034
1048
1039
1054
1071
1086
1109
1102
1108
1119
1120
1132
1148
1183
1208
1228
1235
1248
1267
1279
1296
1314
1335
1367
1372
1389
1391
1392
1395
1438
1456
1478
1491
1518
1555
1565
1580
1588
1595
1628
1641
1663
1691
1697
1706
1724
1739
1741
1745
1756
1790
1812
1827
1843
1866
1899
1888
1880
1888
1916
1935
1956
1982
1995
2011
2028
2055
2064
2087
2091
2119
2136
2148
2168
2183
2188
2188
2204
2230
2244
2249
2275
2290
2310
2332
2335
2346
2348
2351
2360
2397
2403
2420
2408
2436
2450
2453
2456
2475
2465
2488
2502
2513
2534
2538
2544
2540
2542
2553
2569
2579
2536
2580
2574
2579
2595
2598
2590
2592
2579
2593
2588
2599
2600
2595
2600
2600
2575
2582
2588
2594
2594
2614
2603
2613
2614
2596
2601
2590
2589
2580
2578
2576
2563
2555
2560
2545
2536
2521
2518
2510
2506
2504
2511
2499
2488
2469
2444
2431
2426
2412
2410
2407
2381
2364
2350
2323
2295
2307
2306
2303
2308
2301
2269
2256
2238
2216
2234
2208
2210
2219
2203
2218
2212
2191
2179
2159
2144
2132
2113
2095
2108
2099
2101
2112
2116
2119
2119
2104
2107
2092
2095
2069
2067
2080
2090
2072
2067
2065
2064
2069
2087
1982
2034
2063
2057
2076
2067
2059
2065
2060
2047
1971
1865
1824
1893
1846
1904
1954
1971
1979
1974
1976
1970
1975
1935
1918
1895
1894
1881
1868
1857
1838
1827
1817
1806
1791
1777
1768
1752
1684
1664
1702
1715
1731
1734
1736
1718
1703
1690
1662
1657
1647
1643
1628
1623
1617
1622
1631
1633
1624
1613
1627
1632
1614
1616
1628
1623
1619
1602
1623
1607
1622
1631
1628
1617
1600
1603
1611
1608
1608
1608
1619
1632
1634
1622
1604
1600
1596
1593
1593
1599
1596
1595
1596
1579
1571
1585
1600
1603
1609
1614
1626
1630
1627
1615
1609
1623
1623
1628
1643
1636
1644
1671
1667
1665
1675
1670
1677
1695
1684
1677
1688
1684
1670
1682
1662
1677
1702
1707
1705
1704
1729
1722
1713
1710
1704
1709
1720
1711
1711
1728
1728
1735
1729
1716
1718
1718
1724
1724
1713
1737
1745
1763
1771
1759
1755
1756
1769
1793
1801
1823
1823
1824
1828
1824
1834
1820
1832
1845
1868
1865
1877
1867
1872
1872
1879
1881
1884
1888
1888
1903
1916
1912
1921
1943
1953
1962
1969
1961
1955
1994
2015
2011
2015
2019
2037
2030
2046
2077
2107
2111
2139
2121
2120
2124
2142
2159
2165
2172
2172
2173
2186
2206
2211
2227
2224
2234
2248
2259
2275
2278
2298
2294
2305
2321
2322
2336
2353
2351
2358
2354
2370
2365
2389
2379
2368
2374
2374
2385
2374
2372
2373
2383
2375
2379
2369
2383
2400
2400
2399
2401
2401
2390
2390
2380
2391
2392
2397
2400
2395
2390
2378
2374
2359
2350
2353
2364
2366
2361
2371
2377
2374
2352
2354
2345
2348
2343
2343
2349
2336
2344
2339
2317
2318
2315
2316
2316
2304
2295
2283
2280
2276
2280
2276
2279
2291
2289
2287
2292
2297
2300
2286
2283
2284
2302
2293
2286
2287
2287
2272
2295
2283
2292
2296
2297
2291
2289
2268
2265
2262
2262
2264
2284
2280
2285
2294
2304
2305
2305
2287
2280
2291
2286
2291
2300
2289
2292
2299
2273
2297
2273
2278
2273
2275
2282
2284
2275
2269
2292
2287
2275
2292
2272
2276
2272
2269
2275
2276
2281
2282
2284
2268
2267
2272
2272
2282
2279
2281
2285
2300
2296
2292
2291
2295
2288
2287
2292
2298
2298
2300
2305
2305
2307
2303
2310
2292
2313
2322
2305
2300
2315
2305
2313
2316
2312
2303
2282
2284
2292
2291
2288
2286
2277
2259
2255
2247
2240
2257
2257
2270
2274
2284
2268
2265
2265
2248
2256
2241
2248
2258
2240
2255
2257
2238
2231
2213
2207
2216
2216
2214
2220
2219
2211
2204
2195
2187
2184
2191
2180
2188
2183
2181
2195
2173
2154
2153
2145
2128
2140
2138
2132
2134
2127
2119
2098
2073
2063
2080
2067
2058
2072
2074
2058
2049
2052
2049
2060
2055
2068
2065
2063
2072
2043
2042
2028
2019
2017
1993
1984
1983
1991
1988
1971
1963
1945
1936
1927
1925
1927
1924
1927
1928
1912
1910
1894
1887
1891
1875
1876
1863
1864
1863
1867
1864
1845
1856
1843
1840
1830
1816
1827
1831
1820
1809
1808
1793
1779
1781
1790
1770
1754
1750
1760
1775
1764
1760
1743
1753
1749
1735
1732
1749
1740
1724
1715
1736
1735
1732
1719
1728
1715
1714
1726
1724
1702
1709
1706
1722
1726
1724
1721
1736
1749
1741
1751
1740
1751
1748
1743
1742
1740
1734
1731
1724
1728
1729
1742
1751
1740
1737
1760
1760
1747
1726
1730
1740
1738
1744
1750
1745
1750
1758
1756
1766
1762
1764
1771
1777
1779
1779
1776
1787
1784
1765
1772
1763
1749
1763
1752
1748
1758
1777
1775
1785
1785
1775
1764
1770
1771
1785
1791
1772
1787
1795
1787
1783
1796
1794
1799
1785
1794
1798
1797
1792
1788
1800
1796
1798
1811
1804
1811
1814
1816
1810
1800
1820
1825
1832
1836
1840
1832
1834
1843
1847
1842
1849
1864
1859
1854
1851
1846
1862
1871
1875
1897
1891
1897
1891
1908
1921
1923
1922
1930
1935
1931
1929
1928
1937
1945
1950
1935
1951
1939
1955
1964
1958
1967
1970
1964
1978
1976
1986
1992
1977
1977
1975
1979
1993
1984
1986
1996
2008
2010
2025
2012
2017
2027
2035
2041
2048
2062
2055
2060
2043
2030
2040
2046
2036
2031
2052
2051
2064
2061
2068
2072
2075
2073
2080
2091
2093
2097
2097
2086
2084
2075
2082
2087
2110
2111
2120
2124
2131
2131
2122
2115
2132
2136
2137
2136
2146
2131
2085
2101
2119
2128
2121
2125
2127
2138
2136
2149
2145
2129
2143
2142
2133
2138
2156
2156
2145
2151
2136
2155
2133
2126
2124
2144
2145
2136
2139
2141
2131
2113
2111
2112
2112
2117
2107
2111
2095
2075
2075
2078
2090
2072
2048
2045
2054
2056
2041
2057
2065
2058
2036
2024
2022
2019
2010
2007
1999
1998
1988
1953
1895
1940
1946
1961
1985
1990
1991
1992
1867
1883
1875
1946
1966
2002
1987
1983
1987
1983
1970
1875
1823
1808
1894
1856
1837
1846
1853
1871
1945
1984
1896
1898
1958
1973
1999
2010
2009
1999
2003
1996
1988
1976
1978
1981
1971
1990
1981
1984
1995
1985
1984
1972
1977
1976
1975
1965
1979
1977
1962
1969
1964
1979
1968
1968
1975
1980
1973
1969
1966
1948
1870
1911
1945
1963
1971
1974
1989
1986
1996
1982
1974
1960
1956
1971
1955
1964
1984
1982
1985
1989
1989
1985
1977
1973
1993
1976
1982
1982
1989
1982
1974
1980
1986
1966
1993
1997
2010
2004
1999
2003
2000
1997
2000
2011
2008
2024
2025
2025
2019
2019
2022
2030
2032
2040
2052
2059
2056
2052
2051
2065
2068
2063
2067
2055
2064
2076
2080
2096
2097
2099
2088
2087
2071
2106
2124
2117
2113
2108
2109
2113
2115
2105
2118
2124
2118
2130
2115
2113
2103
2095
2084
2098
2111
2111
2098
2103
2109
2100
2110
2112
2097
2099
2101
2103
2094
2087
2085
2096
2081
2074
2067
2068
2063
2068
2057
2068
2062
2048
2057
2043
2040
2037
2024
2017
2022
2030
2028
2027
2034
2032
2018
2008
2004
2001
2007
2009
2000
1999
1998
1994
1980
1972
1971
1968
1966
1972
1972
1988
1976
1961
1971
1961
1967
1972
1972
1974
1972
1990
1982
1975
1958
1970
1984
2000
1996
2013
1994
2003
1990
1981
1964
1950
1973
1972
1964
1975
1977
1982
1978
1964
1958
1950
1955
1957
1967
1968
1980
1971
1961
1940
1953
1951
1951
1967
1968
1975
1968
1945
1967
1972
1951
1951
1955
1978
1984
1982
1973
1955
1950
1949
1944
1949
1959
1952
1965
1959
1955
1969
1944
1933
1931
1932
1919
1946
1955
1937
1939
1944
1947
1923
1921
1911
1918
1927
1939
1940
1945
1941
1942
1936
1953
1955
1960
1959
1953
1967
1948
1959
1949
1947
1951
1943
1945
1944
1943
1935
1929
1944
1944
1940
1951
1955
1967
1958
1952
1945
1940
1935
1928
1935
1938
1944
1949
1950
1959
1971
1969
1962
1964
1962
1972
1982
1971
1979
1980
1987
1980
1998
1992
1992
1999
2012
2019
2028
2026
2036
2046
2055
2057
2064
2045
2043
2047
2059
2061
2077
2080
2090
2099
2114
2123
2105
2117
2125
2138
2143
2147
2158
2144
2142
2144
2149
2147
2154
2162
2161
2167
2157
2171
2182
2192
2182
2188
2201
2216
2229
2215
2211
2220
2223
2221
2217
2226
2226
2233
2227
2237
2232
2238
2234
2216
2222
2229
2223
2222
2225
2231
2216
2218
2222
2230
2236
2248
2241
2232
2236
2241
2250
2243
2231
2247
2241
2237
2232
2244
2233
2247
2241
2232
2244
2252
2250
2266
2279
2255
2256
2274
2268
2257
2265
2267
2260
2262
2253
2263
2272
2268
2272
2274
2261
2271
2276
2274
2275
2268
2262
2257
2244
2256
2240
2236
2230
2230
2236
2237
2210
2211
2222
2219
2211
2191
2184
2195
2182
2190
2211
2212
2204
2201
2196
2172
2158
2143
2151
2146
2150
2157
2156
2136
2121
2105
2081
2096
2091
2096
2089
2088
2097
2082
2083
2071
2063
2055
2041
2052
2060
2057
2050
2033
2020
2008
2007
1999
1992
1984
1992
1990
1989
1990
1971
1951
1942
1939
1942
1957
1955
1970
1962
1939
1922
1905
1921
1917
1921
1936
1928
1919
1897
1888
1878
1882
1875
1882
1865
1878
1877
1862
1846
1827
1817
1807
1796
1795
1813
1822
1824
1830
1819
1812
1805
1803
1802
1800
1775
1771
1795
1795
1804
1796
1787
1780
1780
1784
1761
1767
1763
1750
1754
1735
1730
1721
1723
1724
1742
1737
1756
1746
1736
1728
1711
1702
1715
1709
1716
1726
1722
1742
1736
1728
1731
1723
1720
1712
1731
1742
1741
1760
1758
1743
1741
1734
1732
1728
1745
1752
1779
1791
1795
1791
1784
1759
1753
1772
1771
1776
1795
1802
1801
1793
1804
1812
1802
1816
1831
1819
1824
1830
1827
1836
1848
1840
1859
1868
1863
1878
1881
1890
1892
1910
1900
1912
1924
1942
1936
1959
1968
1977
1976
1974
1979
1976
1975
1996
2006
2022
2042
2052
2032
2026
2032
2033
2045
2059
2066
2072
2087
2087
2078
2057
2051
2060
2076
2081
2084
2088
2101
2101
2113
2099
2095
2073
2072
2075
2090
2092
2084
2090
2096
2104
2100
2086
2094
2092
2108
2103
2100
2108
2112
2104
2103
2117
2115
2101
2108
2108
2083
2092
2093
2090
2086
2079
2097
2108
2124
2114
2099
2091
2112
2099
2092
2095
2104
2087
2093
2108
2108
2107
2096
2102
2105
2087
2099
2104
2118
2120
2108
2115
2104
2104
2108
2110
2118
2120
2125
2121
2119
2118
2105
2104
2113
2127
2127
2120
2126
2120
2140
2148
2129
2140
2136
2134
2128
2134
2127
2135
2144
2136
2144
2140
2141
2133
2130
2127
2126
2138
2138
2149
2145
2131
2126
2128
2129
2136
2129
2133
2144
2151
2147
2129
2122
2103
2114
2121
2119
2122
2117
2119
2116
2118
2118
2097
2100
2088
2088
2100
2091
2094
2084
2085
2071
2054
2060
2062
2044
2059
2060
2066
2062
2051
2056
2046
2059
2062
2060
2059
2077
2068
2056
2039
2053
2060
2061
2066
2063
2077
2084
2071
2068
2067
2063
2070
2068
2060
2059
2056
2048
2044
2048
2044
2045
2032
2025
2028
2040
2045
2050
2040
2059
2052
2039
2038
2036
2032
2057
2068
2060
2041
2033
2029
2020
2024
2023
2031
2043
2019
2024
2026
2009
1994
1991
2012
1996
1994
2004
1994
1991
2003
1990
1986
1990
1994
2006
2011
2012
2007
1991
1992
1984
1970
1962
1952
1955
1972
1963
1979
1984
1994
1991
1993
1974
1976
1976
1987
1986
2003
2013
2015
1994
1996
2013
2007
2014
2010
2010
1990
1991
1996
1999
1989
1985
1995
1997
2003
