2055
2051
2046
2035
2038
2043
2044
2048
2040
2044
2027
2017
2016
2014
2004
1996
2007
2007
2001
1999
1995
1999
1992
1984
1992
1970
1971
1969
1982
1982
1967
1978
1973
1973
1970
1952
1958
1955
1946
1944
1952
1948
1935
1941
1934
1920
1913
1915
1926
1908
1899
1894
1887
1882
1880
1882
1869
1888
1897
1895
1883
1889
1883
1875
1888
1887
1891
1897
1886
1901
1894
1889
1877
1879
1886
1874
1863
1882
1871
1876
1880
1892
1892
1876
1871
1861
1874
1897
1875
1873
1859
1858
1865
1851
1856
1851
1871
1865
1851
1844
1833
1834
1835
1841
1844
1843
1846
1845
1838
1832
1823
1829
1836
1849
1843
1857
1851
1847
1831
1833
1831
1822
1817
1823
1834
1869
1895
1896
1850
1716
1551
1424
1410
1530
1768
2022
2270
2439
2560
2641
2714
2788
2907
3067
3264
3468
3644
3717
3723
3651
3564
3540
3580
3670
3805
3908
3960
3965
3896
3793
3718
3683
3671
3684
3683
3655
3570
3472
3374
3323
3329
3392
3445
3479
3463
3356
3174
2978
2770
2639
2594
2622
2691
2726
2677
2517
2293
2068
1873
1753
1737
1773
1824
1880
1927
1978
2006
2093
2147
2220
2315
2377
2437
2480
2512
2552
2621
2694
2799
2878
2932
2939
2907
2876
2863
2861
2885
2911
2912
2915
2912
2877
2862
2861
2860
2871
2880
2878
2864
2836
2792
2743
2692
2667
2660
2648
2646
2646
2635
2628
2630
2620
2631
2663
2716
2778
2845
2927
3036
3135
3204
3247
3268
3303
3292
3273
3276
3271
3243
3194
3153
3084
3028
2953
2895
2870
2854
2834
2819
2778
2722
2666
2609
2508
2476
2425
2391
2371
2348
2307
2241
2181
2060
1999
1937
1912
1884
1840
1782
1701
1635
1564
1515
1507
1529
1539
1551
1531
1491
1448
1418
1397
1402
1427
1454
1455
1423
1355
1281
1195
1109
1032
972
931
884
837
784
726
685
649
640
672
703
737
755
752
683
611
508
407
331
266
226
193
169
152
140
136
131
132
128
130
127
139
153
114
114
111
106
104
101
100
99
99
111
110
91
91
90
98
99
103
83
81
95
78
77
76
75
74
73
72
71
71
69
68
67
67
67
66
66
65
65
64
64
64
63
63
63
63
63
85
62
62
62
62
61
61
61
61
61
60
60
60
60
60
60
60
60
60
61
61
61
61
62
62
62
62
63
63
63
63
63
63
64
64
64
65
65
65
65
66
66
67
67
67
68
68
68
69
70
70
71
72
73
75
76
78
79
80
82
83
86
88
89
92
94
97
99
100
103
108
112
115
123
125
132
143
160
180
224
310
399
519
643
792
927
1062
1212
1355
1512
1684
1839
1984
2140
2281
2419
2550
2656
2795
2925
3038
3148
3264
3380
3483
3584
3680
3793
3900
3996
4090
4094
4094
4094
4094
4094
4095
4095
4094
4094
4094
4094
4094
4094
4094
4095
4095
4095
4094
4094
4095
4094
4094
4095
4094
4094
4095
4095
4094
4094
4094
4095
4094
4094
4095
4094
4094
4095
4094
4094
4094
4094
4094
4095
4094
4094
4094
4094
4094
4094
4095
4094
4094
4094
4094
4095
4094
4095
4095
4095
4094
4094
4094
4094
4094
4094
4094
4095
4094
4094
4094
4094
4094
4094
4094
4095
4095
4094
4094
4095
4094
4094
4094
4095
4094
4094
4094
4094
4095
4094
4094
4094
4094
4094
4094
4095
4094
4094
4094
4094
4094
4094
4094
4094
4094
4094
4094
4094
4094
4094
4094
4094
4094
4094
4094
4094
4094
4094
4094
4094
4094
4094
4095
4094
4094
4094
4094
4094
4094
4095
4094
4094
4094
4094
4094
4094
4094
4094
4094
4094
4094
4094
4094
4095
4095
4094
4094
4094
4094
4094
4094
4094
4094
4094
4094
4095
4094
4094
4032
3790
3604
3448
3287
3144
2994
2822
2638
2479
2314
2135
2003
1850
1715
1588
1463
1361
1238
1134
1034
927
831
723
648
542
438
350
218
166
147
142
128
123
116
110
107
103
102
99
96
94
91
90
88
87
86
84
83
80
81
79
79
78
78
77
76
75
75
74
73
73
73
72
72
71
71
70
70
68
68
68
68
68
67
67
67
67
67
67
67
67
66
67
67
67
66
67
67
67
67
67
67
67
67
67
67
67
67
67
67
67
67
67
67
67
67
68
68
69
69
69
69
69
70
70
71
71
71
72
72
72
73
73
73
73
74
74
75
76
77
78
78
79
80
82
83
84
86
87
89
91
94
95
97
100
104
108
111
117
124
131
138
151
166
179
217
273
344
415
498
583
647
724
804
871
936
1003
1078
1133
1203
1263
1300
1335
1390
1448
1508
1570
1615
1656
1688
1709
1731
1772
1804
1846
1901
1964
2010
2066
2136
2177
2227
2289
2344
2424
2503
2587
2675
2775
2852
2933
3008
3096
3188
3299
3387
3469
3553
3633
3720
3792
3862
3932
3996
4088
4094
4094
4094
4094
4094
4095
4095
4095
4094
4095
4094
4094
4095
4095
4094
4094
4094
4095
4094
4095
4094
4094
4094
4094
4094
4094
4094
4095
4094
4095
4094
4095
4094
4095
4094
4095
4094
4094
4094
4094
4094
4094
4094
4094
4094
4094
4094
4094
4095
4094
4094
4095
4094
4094
4095
4094
4094
4094
4095
4095
4094
4094
4094
4094
4094
4094
4094
4094
4094
4094
4094
4094
4094
4094
4094
4094
4094
4094
4094
4094
4095
4094
4094
4094
4094
4094
4094
4094
4094
4094
4094
4094
4094
4094
4094
4095
4094
4094
4095
4094
4094
4094
4094
4094
4094
4094
4094
4094
4094
4094
4094
4094
4094
4094
4094
4095
4094
4094
4094
4095
4095
4094
4094
4094
4094
4094
4094
4094
4094
4094
4094
4094
4095
4095
4094
4094
4094
4094
4094
4094
4094
4094
4094
4094
4095
4094
4094
4094
4094
4094
4094
4095
4095
4095
4093
3959
3821
3717
3634
3555
3460
3345
3270
3164
3069
2985
2892
2798
2692
2596
2518
2423
2337
2232
2164
2079
1992
1911
1847
1791
1704
1618
1540
1487
1410
1330
1256
1203
1139
1059
975
926
849
748
665
575
517
434
364
294
225
177
161
152
138
135
131
123
122
117
113
110
107
105
102
101
98
97
95
92
92
90
89
88
87
86
84
83
83
81
80
80
79
78
78
76
76
76
75
75
74
73
73
72
72
71
71
71
70
69
69
69
68
68
67
68
67
67
67
67
66
66
65
65
64
64
64
64
64
64
64
64
64
63
63
62
62
62
62
63
63
63
63
64
63
63
62
63
62
63
63
63
63
63
63
63
63
63
63
64
64
64
64
64
64
64
64
65
65
65
66
66
67
67
67
67
67
68
69
69
69
70
70
71
71
72
74
75
75
75
76
75
76
78
79
81
83
84
84
86
87
87
88
90
92
96
97
99
101
103
104
108
113
115
120
126
133
137
147
161
190
224
264
350
439
520
607
707
830
950
1054
1140
1193
1242
1297
1349
1432
1524
1611
1705
1790
1858
1920
1970
2022
2093
2179
2268
2358
2444
2523
2582
2668
2765
2873
2972
3046
3110
3159
3194
3246
3289
3347
3429
3512
3574
3625
3662
3702
3724
3765
3811
3870
3935
4007
4088
4094
4094
4093
4094
4094
4094
4094
4094
4094
4094
4094
4094
4094
4094
4094
4094
4094
4095
4094
4094
4094
4095
4094
4094
4094
4094
4094
4094
4094
4094
4094
4094
4094
4094
4094
4094
4094
4095
4095
4094
4094
4094
4095
4095
4095
4094
4095
4095
4094
4094
4094
4094
4094
4094
4095
4094
4095
4094
4094
4094
4094
4094
4094
4095
4094
4092
3988
3960
4040
3932
3985
4070
4060
4000
3937
3892
3835
3800
3727
3663
3622
3576
3519
3463
3421
3367
3317
3262
3199
3127
3030
2966
2893
2825
2760
2688
2606
2547
2496
2417
2380
2319
2274
2215
2154
2117
2060
2001
1839
1816
1818
1816
1782
1747
1703
1659
1627
1594
1583
1539
1492
1447
1414
1356
1295
1259
1207
1164
1149
1112
1068
1046
1008
954
901
862
831
797
760
745
705
668
621
561
511
462
409
355
321
283
245
201
182
173
168
158
155
149
144
144
135
137
133
133
129
131
128
127
124
125
123
119
119
119
120
118
115
114
117
115
113
111
112
112
111
110
109
107
107
105
105
105
104
103
103
103
103
101
102
101
102
102
101
101
100
100
101
100
100
101
101
100
101
102
104
103
104
104
106
107
109
109
112
112
115
115
117
116
120
121
125
129
131
137
142
148
157
161
173
188
192
224
253
291
324
386
422
466
516
572
618
675
732
795
840
886
935
990
1040
1091
1135
1214
1256
1317
1386
1445
1504
1560
1628
1691
1752
1831
1880
1937
1999
2047
2110
2184
2236
2304
2375
2444
2500
2571
2625
2678
2740
2800
2862
2931
2995
3061
3128
3172
3250
3304
3360
3434
3487
3538
3602
3648
3673
3716
3748
3798
3851
3907
3956
4023
4091
4094
4095
4095
4094
4094
4094
4094
4095
4094
4094
4094
4094
4094
4094
4094
4094
4094
4094
4094
4094
4094
4094
4094
4094
4094
4094
4094
4094
4095
4094
4094
4094
4094
4094
4094
4095
4095
4094
4094
4094
4095
4094
4094
4094
4095
4094
4094
4094
4094
4094
4094
4095
4094
4094
4094
4094
4094
4094
4094
4094
4094
4094
4094
4094
4094
4094
4094
4094
4094
4094
4094
4094
4094
4094
4094
4094
4094
4094
4094
4095
4094
4094
4094
4094
4095
4094
4094
4094
4095
4094
4094
4094
4094
4095
4094
4095
4094
4094
4094
4094
4094
4094
4094
4094
4094
4094
4094
4094
4095
4094
4094
4094
4094
4094
4094
4094
4094
4070
3942
3856
3779
3708
3651
3597
3535
3498
3468
3416
3370
3320
3259
3191
3122
3064
3031
2985
2929
2881
2808
2752
2699
2638
2581
2532
2467
2403
2340
2282
2242
2171
2102
2032
1966
1929
1883
1823
1756
1724
1671
1605
1540
1497
1440
1395
1362
1334
1279
1253
1208
1157
1113
1055
1030
1004
975
940
892
867
823
787
750
710
676
655
635
605
556
535
489
447
424
377
337
323
302
271
249
214
190
188
172
170
160
166
159
153
151
146
145
147
143
140
142
136
138
138
138
135
132
134
134
132
135
135
138
136
140
135
136
136
136
135
135
133
137
145
143
140
141
143
145
147
143
151
149
148
148
151
153
154
152
154
159
156
160
161
164
173
170
178
180
177
187
188
192
197
196
215
225
252
279
297
327
359
367
396
441
455
488
506
544
566
597
632
670
689
721
734
783
814
835
867
898
909
945
965
996
1027
1059
1081
1119
1159
1208
1219
1252
1276
1305
1328
1347
1382
1412
1444
1494
1515
1561
1575
1622
1651
1667
1695
1736
1768
1793
1830
1856
1895
1924
1973
2006
2024
2060
2085
2099
2113
2130
2171
2196
2227
2249
2256
2297
2307
2327
2365
2394
2420
2446
2466
2501
2514
2532
2547
2572
2605
2641
2642
2665
2678
2696
2719
2760
2776
2787
2809
2825
2830
2868
2883
2902
2929
2942
2962
2998
3015
3032
3044
3072
3084
3118
3136
3148
3157
3177
3190
3209
3211
3214
3229
3226
3244
3267
3261
3272
3278
3297
3292
3289
3288
3293
3313
3324
3314
3321
3322
3341
3348
3364
3362
3358
3355
3349
3352
3364
3374
3366
3385
3363
3360
3351
3345
3343
3334
3310
3311
3315
3314
3315
3316
3304
3299
3275
3270
3249
3238
3242
3249
3239
3221
3222
3187
3182
3187
3177
3192
3171
3159
3142
3141
3134
3116
3103
3086
3097
3107
3096
3084
3084
3089
3085
3072
3073
3063
3038
3044
3064
3055
3065
3047
3033
3024
3016
3013
3006
2997
2985
2975
2962
2966
2949
2934
2913
2909
2903
2888
2871
2852
2823
2809
2804
2776
2746
2722
2691
2678
2652
2641
2615
2601
2563
2529
2503
2472
2464
2448
2414
2380
2370
2358
2323
2284
2281
2260
2253
2227
2217
2210
2176
2146
2121
2078
2055
2056
2035
2041
2023
2010
1987
1968
1951
1921
1895
1870
1851
1831
1819
1788
1761
1740
1703
1679
1654
1640
1619
1595
1568
1546
1521
1487
1473
1453
1439
1423
1403
1400
1372
1352
1331
1312
1294
1278
1260
1258
1238
1230
1221
1223
1197
1176
1159
1154
1126
1113
1116
1110
1088
1050
1036
1016
990
988
982
984
955
966
937
931
923
907
873
865
867
853
834
827
829
784
773
766
750
746
728
708
702
704
687
663
649
639
634
642
654
660
656
654
644
632
636
632
640
654
679
671
680
686
687
688
696
694
704
710
731
729
733
735
737
742
724
726
734
766
784
801
800
806
824
815
840
851
855
847
874
881
887
891
897
915
926
936
943
957
966
979
988
1004
1013
1027
1027
1034
1050
1072
1099
1103
1114
1127
1126
1135
1146
1159
1177
1194
1201
1216
1233
1242
1249
1247
1266
1284
1304
1324
1339
1363
1356
1350
1366
1362
1375
1398
1347
1404
1431
1465
1484
1504
1507
1518
1536
1555
1581
1585
1592
1610
1634
1648
1670
1673
1695
1714
1724
1735
1750
1764
1780
1780
1803
1801
1824
1840
1857
1880
1901
1914
1936
1947
1948
1956
1961
1983
2004
2020
2040
2044
2063
2048
2061
2089
2108
2134
2136
2135
2130
1996
2086
2145
2165
2188
2206
2223
2232
2231
2194
2103
2074
2112
2111
2158
2247
2291
2335
2357
2382
2381
2406
2423
2432
2437
2451
2455
2463
2480
2508
2524
2550
2552
2548
2565
2565
2575
2592
2617
2632
2636
2645
2566
2599
2636
2661
2676
2688
2696
2712
2715
2713
2723
2723
2709
2724
2721
2731
2760
2767
2774
2764
2774
2767
2772
2801
2783
2779
2790
2796
2813
2820
2812
2810
2812
2811
2808
2812
2821
2822
2822
2841
2839
2831
2824
2832
2822
2814
2819
2825
2841
2845
2850
2848
2839
2844
2836
2840
2835
2852
2848
2835
2829
2836
2816
2812
2797
2801
2797
2795
2799
2790
2774
2752
2759
2734
2728
2720
2736
2732
2720
2711
2710
2704
2685
2668
2659
2641
2643
2635
2653
2640
2626
2623
2604
2579
2559
2552
2556
2535
2543
2537
2524
2519
2505
2480
2478
2471
2456
2447
2444
2434
2404
2384
2369
2352
2337
2329
2320
2327
2310
2284
2285
2271
2255
2240
2223
2196
2198
2182
2175
2172
2159
2158
2148
2131
2112
2100
2084
2076
2100
2098
2083
2076
2060
2038
2031
2017
2004
1999
2003
2001
2003
1988
1964
1950
1933
1928
1927
1941
1949
1945
1943
1919
1902
1890
1872
1864
1865
1862
1856
1865
1870
1871
1859
1848
1827
1823
1820
1823
1814
1829
1819
1822
1809
1792
1795
1812
1815
1827
1824
1794
1816
1795
1788
1795
1798
1815
1830
1836
1832
1839
1832
1822
1807
1818
1823
1827
1836
1837
1846
1845
1836
1823
1816
1821
1816
1834
1858
1857
1868
1854
1834
1842
1848
1849
1854
1853
1871
1862
1865
1856
1853
1849
1854
1862
1875
1887
1896
1901
1906
1909
1914
1910
1912
1907
1912
1915
1932
1923
1936
1923
1923
1916
1900
1903
1900
1904
1912
1914
1921
1915
1931
1935
1919
1914
1926
1915
1903
1907
1919
1928
1929
1916
1916
1912
1902
1919
1938
1956
1938
1926
1926
1920
1918
1919
1920
1920
1919
1927
1919
1913
1906
1922
1923
1918
1912
1920
1933
1934
1913
1927
1921
1921
1914
1929
1926
1925
1927
1923
1908
1905
1921
1911
1907
1890
1898
1911
1916
1909
1895
1892
1881
1864
1871
1867
1850
1868
1856
1856
1847
1833
1833
1825
1836
1823
1814
1811
1821
1817
1834
1828
1810
1808
1796
1798
1798
1795
1781
1791
1774
1767
1770
1742
1740
1740
1743
1740
1747
1742
1726
1722
1722
1719
1719
1719
1712
1708
1700
1690
1691
1692
1684
1668
1665
1676
1683
1702
1704
1713
1712
1705
1695
1697
1695
1705
1704
1708
1717
1722
1721
1717
1729
1737
1732
1755
1756
1747
1760
1767
1775
1801
1804
1815
1807
1820
1817
1829
1827
1833
1840
1827
1836
1831
1831
1842
1859
1863
1865
1876
1885
1888
1895
1895
1907
1895
1907
1918
1909
1920
1914
1925
1927
1950
1932
1954
1949
1961
1990
2010
2007
2000
2006
2004
2023
2028
2031
2037
2047
2051
2063
2058
2055
2063
2080
2088
2097
2113
2115
2129
2135
2139
2140
2134
2161
2155
2169
2175
2177
2170
2163
2194
2201
2207
2207
2207
2200
2192
2192
2224
2236
2259
2268
2275
2276
2279
2284
2276
2304
2294
2290
2312
2338
2340
2340
2349
2360
2361
2378
2396
2395
2401
2390
2406
2406
2386
2403
2408
2404
2422
2425
2443
2446
2463
2461
2449
2441
2441
2452
2469
2468
2473
2488
2483
2489
2493
2479
2492
2492
2493
2483
2495
2509
2499
2497
2509
2504
2513
2527
2531
2547
2532
2540
2554
2572
2581
2593
2588
2575
2571
2577
2585
2599
2598
2590
2595
2587
2593
2593
2582
2591
2584
2588
2582
2582
2574
2557
2561
2560
2576
2583
2568
2566
2566
2556
2540
2522
2519
2511
2523
2529
2522
2537
2512
2503
2497
2482
2470
2481
2479
2480
2480
2480
2483
2465
2461
2436
2418
2412
2435
2430
2438
2430
2422
2424
2403
2377
2358
2362
2355
2345
2339
2328
2318
2321
2296
2290
2272
2248
2243
2217
2238
2238
2224
2206
2175
2160
2149
2145
2140
2126
2120
2110
2117
2115
2094
2067
2047
2031
2028
2032
2038
2049
2033
2017
1995
1977
1983
1971
1965
1969
1964
1960
1953
1939
1894
1891
1887
1872
1867
1866
1860
1869
1846
1836
1818
1806
1799
1789
1782
1759
1759
1768
1755
1741
1722
1714
1708
1712
1722
1710
1703
1693
1684
1659
1637
1637
1643
1625
1638
1624
1612
1609
1608
1598
1582
1567
1567
1568
1566
1567
1577
1573
1564
1564
1551
1559
1555
1553
1537
1550
1540
1531
1510
1518
1501
1492
1483
1499
1514
1518
1521
1516
1512
1507
1495
1494
1491
1497
1496
1496
1505
1506
1487
1486
1479
1484
1487
1491
1513
1512
1504
1503
1487
1482
1473
1499
1498
1506
1509
1524
1521
1525
1516
1513
1512
1512
1512
1510
1523
1527
1536
1558
1563
1565
1553
1553
1553
1556
1569
1584
1600
1609
1632
1626
1622
1627
1626
1633
1644
1659
1667
1679
1693
1702
1723
1728
1720
1720
1731
1741
1738
1736
1744
1753
1775
1792
1806
1800
1806
1824
1817
1819
1838
1833
1841
1871
1879
1884
1900
1918
1919
1924
1922
1934
1934
1938
1953
1971
1982
1984
1987
1991
1997
2003
2006
2011
2008
2033
2043
2059
2091
2088
2088
2110
2114
2097
2113
2104
2100
2124
2144
2160
2160
2160
2158
2161
2182
2197
2200
2219
2232
2222
2228
2225
2232
2247
2247
2252
2268
2264
2260
2263
2271
2269
2272
2280
2279
2298
2295
2307
2317
2324
2318
2319
2315
2310
2312
2312
2310
2318
2315
2296
2297
2304
2292
2292
2300
2283
2285
2280
2288
2278
2268
2266
2249
2206
2235
2247
2232
2191
2215
2236
2240
2240
2240
2227
2236
2236
2238
2242
2243
2243
2231
2214
2202
2192
2191
2195
2195
2197
2195
2189
2201
2191
2204
2191
2194
2183
2201
2204
2204
2201
2209
2200
2194
2186
2178
2167
2160
2175
2180
2180
2178
2171
2178
2155
2153
2151
2166
2177
2183
2153
2155
2151
2143
2120
2143
2018
2077
2115
2124
2127
2126
2113
2119
2140
2110
2021
1979
1985
2064
2023
1984
2026
2068
2085
2112
2105
2093
2073
2076
2071
2063
2070
2054
2040
2040
2041
2043
2031
2008
1994
1978
1963
1954
1950
1953
1873
1915
1943
1964
1962
1964
1977
1970
1962
1967
1967
1953
1931
1945
1941
1949
1942
1923
1924
1935
1944
1950
1967
1942
1932
1928
1911
1897
1902
1909
1919
1935
1933
1923
1922
1919
1917
1920
1910
1918
1918
1926
1931
1924
1920
1929
1927
1935
1922
1934
1946
1938
1934
1938
1934
1912
1912
1910
1904
1922
1921
1933
1941
1945
1949
1942
1945
1951
1951
1947
1952
1949
1946
1937
1955
1955
1939
1929
1920
1916
1925
1931
1912
1913
1906
1904
1903
1896
1912
1900
1905
1907
1905
1892
1904
1904
1940
1931
1940
1939
1930
1917
1924
1933
1934
1920
1944
1951
1960
1959
1960
1966
1960
1942
1939
1940
1951
1961
1964
1978
1976
1982
1987
1984
1988
1984
1993
2001
1998
2016
2020
2023
2023
2029
2024
2033
2034
2035
2039
2036
2047
2050
2058
2052
2071
2075
2091
2099
2095
2100
2084
2093
2093
2098
2104
2106
2112
2111
2114
2111
2120
2131
2112
2107
2111
2116
2115
2116
2124
2121
2108
2111
2102
2098
2091
2097
2101
2105
2094
2099
2097
2096
2094
2077
2083
2084
2096
2106
2087
2091
2095
2087
2069
2069
2065
2070
2067
2086
2072
2073
2055
2051
2046
2048
2059
2068
2072
2064
2056
2060
2064
2056
2046
2061
2066
2063
2056
2073
2064
2081
2065
2049
2039
2027
2021
2033
2031
2023
2023
2015
2011
2000
2005
2006
2032
2019
2023
2019
2020
2030
2016
2017
2024
2014
2000
1999
2017
2010
2004
2000
2000
2012
2001
2019
2018
2035
2048
2047
2048
2035
2036
2025
2042
2054
2064
2054
2074
2063
2059
2044
2056
2048
2055
2064
2064
2079
2089
2070
2078
2063
2053
2064
2063
2070
2040
2045
2056
2055
2059
2066
2050
2048
2044
2047
2042
2022
2032
2040
2045
2039
2028
2023
2025
2028
2029
2033
2039
2023
2018
2028
2035
2024
2023
2033
2024
2023
2028
2024
2021
2009
2024
2021
2033
2023
2037
2027
2023
2032
2026
2025
2011
2029
2028
2033
2046
2042
2033
2040
2054
2030
2019
2006
1997
1992
1996
1995
2002
2010
2003
1992
2004
2000
1988
1974
1985
1996
2008
2019
2040
2038
2030
2030
2017
2002
2012
2014
2023
2007
2003
2001
2006
1997
1989
1979
2000
1994
1987
1987
2010
2012
2014
2016
2023
2027
2017
2010
2016
2009
2018
2008
2009
1989
2002
1992
1977
1986
1998
1979
1974
1967
1948
1964
1959
1956
1936
1939
1953
1956
1932
1943
1935
1914
1927
1932
1932
1923
1906
1911
1912
1891
1908
1897
1894
1883
1888
1886
1879
1888
1888
1891
1865
1863
1871
1871
1871
1871
1882
1856
1864
1869
1860
1858
1858
1871
1871
1875
1878
1862
1859
1864
1868
1879
1876
1887
1878
1887
1901
1912
1892
1898
1909
1911
1901
1902
1898
1915
1916
1920
1925
1924
1924
1924
1929
1929
1952
1953
1959
1960
1981
1980
1974
1959
1966
1976
1974
1969
1982
1987
1984
1978
1967
1984
2000
1995
2009
2000
2002
1994
1984
1996
2010
2000
1995
2011
2016
2007
2009
2010
2015
2022
2026
2027
2019
2029
2035
2036
2049
2059
2063
2064
2072
2065
2084
2080
2087
2091
2090
2094
2072
2069
2072
2092
2087
2104
2120
2123
2121
2134
2118
2118
2114
2138
2145
2156
2166
2159
2153
2161
2180
2168
2178
2175
2182
2179
2179
2205
2186
2183
2171
2158
2163
2158
2167
2179
2183
2197
2201
2213
2202
2188
2196
2195
2195
2189
2203
2201
2186
2197
2200
2189
2188
2185
2195
2192
2188
2193
2177
2179
2175
2183
2183
2175
2166
2163
2159
2167
2177
2172
2171
2164
2156
2160
2169
2172
2153
2143
2136
2136
2138
2155
2148
2151
2151
2159
2144
2157
2133
2118
2120
2115
2119
2100
2111
2116
2112
2118
2106
2110
2110
2108
2102
2094
2118
2111
2106
2097
2102
2099
2112
2108
2096
2095
2104
2110
2114
2105
2108
2099
2081
2061
2069
2059
2057
2062
2058
2044
2048
2049
2058
2036
2047
2053
2051
2045
2052
2053
2044
2047
2036
2054
2046
2055
2035
2039
2039
2025
2016
2032
2032
2027
2017
2002
1998
1994
1998
1989
2003
1989
1989
2001
1993
1990
1991
1987
1985
1988
1996
1982
1985
1989
1999
2006
2006
1995
1968
1976
1975
1972
1955
1953
1963
1970
1963
1957
1958
1955
1943
1947
1951
1952
1961
1960
1952
1961
1960
1958
1946
1929
1935
1930
1943
1951
1945
1959
1948
1949
1935
1919
1907
1913
1924
1923
1927
1927
1943
1942
1931
1924
1912
1899
1883
1884
1885
