1996
1995
1992
1936
1978
2008
2031
2042
2041
2044
2048
2037
2049
2056
2057
2066
2067
2069
2070
2063
2079
2066
2070
2060
2071
2074
2091
2101
2084
2081
2090
2087
2099
2104
2105
2115
2113
2127
2130
2116
2119
2115
2128
2115
2131
2148
2153
2145
2148
2150
2146
2129
2138
2147
2144
2137
2134
2132
2142
2141
2147
2147
2168
2171
2167
2171
2162
2158
2142
2155
2161
2160
2170
2180
2200
2200
2206
2193
2173
2164
2172
2160
2175
2165
2182
2179
2195
2181
2163
2157
2163
2169
2169
2179
2182
2168
2155
2125
2127
2139
2146
2161
2169
2176
2174
2172
2172
2173
2147
2152
2157
2163
2164
2167
2160
2152
2139
2154
2155
2142
2131
2141
2140
2147
2123
2057
2104
2108
2116
2117
2103
2116
2119
2129
2113
1983
1922
1948
2018
2016
1959
2025
2078
2099
2105
2104
2096
2090
2083
2077
2062
2051
2044
2067
2068
2066
2065
2051
2034
2021
2010
2003
2006
2022
2004
1880
1951
1987
1989
1990
1987
1983
1988
1995
1987
1971
1950
1939
1937
1929
1927
1924
1937
1919
1898
1896
1886
1874
1869
1859
1883
1884
1878
1882
1872
1876
1859
1833
1829
1835
1830
1846
1851
1840
1838
1823
1835
1819
1801
1807
1803
1819
1811
1819
1815
1821
1806
1809
1795
1793
1780
1767
1783
1792
1794
1796
1787
1783
1778
1774
1769
1756
1761
1780
1766
1760
1747
1749
1745
1724
1737
1725
1743
1755
1752
1749
1750
1747
1743
1731
1737
1753
1775
1776
1789
1772
1779
1774
1758
1766
1761
1764
1767
1737
1687
1680
1731
1843
1972
2078
2093
1993
1785
1487
1221
1071
1083
1202
1344
1470
1506
1478
1395
1331
1359
1487
1707
1944
2186
2339
2410
2407
2408
2480
2649
2894
3179
3410
3574
3681
3687
3662
3649
3672
3754
3847
3935
3965
3928
3838
3763
3712
3676
3658
3659
3660
3686
3724
3761
3768
3742
3715
3699
3680
3671
3689
3724
3738
3740
3743
3742
3755
3774
3814
3852
3880
3903
3919
3908
3899
3883
3877
3892
3912
3958
4003
4032
4000
3916
3825
3737
3666
3631
3600
3567
3512
3439
3328
3177
3038
2897
2800
2684
2579
2447
2331
2211
2084
1989
1904
1825
1761
1727
1733
1747
1774
1784
1777
1757
1692
1611
1526
1473
1460
1478
1547
1612
1684
1733
1737
1741
1758
1795
1854
1938
2027
2092
2162
2171
2188
2219
2267
2313
2339
2378
2397
2334
2288
2213
2165
2160
2186
2239
2265
2291
2283
2249
2208
2190
2207
2244
2288
2288
2254
2196
2117
2031
1995
2010
2033
2093
2137
2138
2102
2030
1948
1867
1807
1810
1816
1814
1821
1773
1691
1575
1474
1384
1326
1270
1209
1138
1037
917
776
654
536
463
407
361
331
278
227
188
176
164
163
163
165
162
155
141
132
125
118
115
111
109
105
101
99
97
94
92
91
89
88
88
86
85
85
83
83
82
81
80
79
79
78
77
77
76
75
74
73
72
71
71
69
68
67
67
66
65
65
65
64
64
64
64
65
65
66
66
66
67
67
67
67
67
67
68
68
67
67
67
67
67
67
67
67
67
67
67
67
67
67
67
67
67
67
68
68
68
68
69
70
71
72
72
74
73
75
76
76
77
79
79
79
81
82
83
83
85
85
86
88
89
91
91
91
92
94
96
97
99
101
105
106
109
114
118
124
134
142
159
170
192
247
327
414
543
673
811
916
1034
1143
1241
1334
1434
1548
1679
1805
1921
2023
2127
2222
2353
2493
2619
2782
2925
3041
3174
3276
3383
3509
3615
3726
3846
3972
4092
4094
4094
4094
4095
4094
4094
4094
4094
4095
4094
4094
4094
4094
4094
4095
4094
4094
4094
4094
4095
4095
4095
4095
4094
4095
4094
4095
4094
4094
4094
4095
4094
4095
4094
4095
4094
4095
4094
4094
4094
4094
4094
4095
4094
4094
4094
4094
4094
4094
4094
4094
4094
4094
4095
4094
4094
4095
4094
4095
4094
4095
4094
4094
4094
4094
4094
4094
4094
4094
4094
4094
4094
4094
4095
4095
4094
4095
4094
4094
4094
4094
4094
4094
4094
4094
4094
4094
4094
4094
4094
4094
4094
4094
4094
4094
4094
4094
4094
4094
4095
4094
4094
4094
4094
4094
4094
4094
4095
4094
4094
4094
4094
4094
4094
4094
4095
4094
4094
4094
4095
4094
4094
4095
4094
4094
4094
4094
4094
4094
4094
4094
4094
4094
4094
4094
4094
4094
4094
4094
4094
4094
4094
4094
4094
4094
4094
4095
4025
3817
3676
3566
3443
3327
3212
3080
2956
2838
2728
2606
2501
2399
2283
2170
2053
1928
1806
1707
1606
1500
1418
1323
1232
1144
1063
960
877
795
707
623
544
485
440
373
312
247
190
170
161
158
149
143
140
135
134
134
131
130
128
123
127
123
121
119
118
115
114
112
111
111
110
109
108
108
105
105
103
105
102
103
101
101
100
99
99
99
98
97
97
96
97
96
95
95
93
94
94
93
92
92
92
91
91
90
91
91
91
90
89
90
91
90
91
91
91
90
89
90
89
89
89
90
91
90
91
91
91
92
91
92
93
93
92
94
94
95
97
97
100
99
102
104
104
105
108
108
110
113
119
121
124
128
132
138
147
156
169
187
228
280
333
412
509
600
696
790
869
984
1082
1185
1266
1359
1449
1537
1628
1732
1845
1944
2010
2100
2181
2267
2349
2425
2509
2599
2673
2749
2816
2880
2959
3015
3084
3151
3206
3257
3327
3368
3418
3473
3520
3580
3638
3687
3723
3769
3799
3817
3858
3895
3916
3949
3997
4011
4026
4041
4089
4094
4095
4094
4095
4094
4094
4095
4094
4094
4094
4094
4094
4095
4095
4094
4094
4095
4094
4094
4095
4094
4094
4094
4095
4094
4094
4094
4094
4095
4094
4094
4094
4095
4094
4094
4095
4095
4094
4094
4094
4094
4094
4094
4094
4094
4094
4094
4094
4095
4094
4094
4094
4094
4094
4094
4095
4094
4094
4094
4094
4094
4094
4094
4094
4094
4094
4094
4094
4094
4094
4094
4094
4095
4094
4094
4094
4094
4094
4094
4094
4094
4095
4094
4094
4094
4094
4094
4094
4094
4094
4094
4094
4094
4095
4094
4094
4094
4094
4094
4094
4095
4094
4095
4094
4095
4094
4094
4094
4094
4094
4094
4095
4095
4094
4094
4094
4094
4094
4094
4094
4094
4095
4094
4051
3947
3871
3815
3780
3727
3696
3638
3585
3518
3472
3416
3356
3320
3269
3234
3180
3122
3083
3036
2974
2924
2880
2837
2815
2771
2735
2687
2683
2649
2590
2552
2522
2476
2444
2407
2369
2340
2235
2250
2259
2261
2220
2167
2107
2044
2008
1955
1835
1694
1627
1631
1572
1458
1451
1421
1366
1274
1180
1103
1018
933
845
738
652
549
488
398
321
252
201
167
152
140
131
129
123
119
116
114
111
109
106
143
99
101
96
96
94
94
91
91
88
88
87
86
84
83
83
82
82
81
79
79
78
78
78
78
76
76
75
75
75
73
74
73
73
72
72
72
71
71
71
71
70
70
70
70
69
69
68
68
68
68
67
67
67
67
67
67
67
67
66
65
65
65
66
65
65
66
66
65
65
65
65
66
66
66
66
66
66
66
66
67
67
66
67
67
67
67
67
67
67
67
67
67
67
67
67
68
68
68
69
69
69
70
70
71
71
71
71
72
72
73
73
73
73
74
75
75
75
75
76
76
76
77
77
78
78
78
79
79
79
80
80
80
81
82
83
83
83
83
84
86
86
87
88
88
89
90
92
92
92
93
95
97
99
100
104
105
107
110
112
116
122
124
129
139
143
149
159
163
174
197
229
281
321
374
432
482
539
603
696
763
848
946
1013
1068
1116
1168
1231
1283
1331
1409
1473
1531
1575
1628
1674
1732
1773
1817
1866
1924
1966
2015
2080
2134
2172
2228
2274
2335
2372
2400
2449
2487
2534
2581
2641
2706
2774
2827
2894
2942
2988
3047
3112
3156
3204
3264
3309
3348
3387
3409
3435
3495
3527
3572
3603
3633
3663
3726
3777
3823
3879
3912
3984
4033
4092
4094
4094
4094
4094
4094
4094
4094
4094
4095
4094
4094
4094
4094
4094
4094
4094
4094
4094
4094
4094
4094
4094
4094
4094
4094
4094
4094
4094
4095
4094
4094
4094
4095
4094
4095
4094
4094
4095
4094
4095
4094
4094
4094
4094
4094
4094
4094
4094
4094
4094
4095
4094
4094
4094
4094
4094
4094
4094
4094
4094
4094
4094
4094
4094
4094
4094
4094
4094
4094
4094
4094
4094
4094
4094
4093
3998
3865
3791
3740
3676
3619
3549
3494
3431
3368
3318
3260
3228
3191
3160
3114
3076
3022
2984
2944
2908
2865
2827
2780
2743
2695
2659
2632
2602
2577
2516
2467
2431
2381
2326
2288
2262
2231
2196
2147
2099
2067
2029
1976
1927
1890
1856
1832
1789
1763
1720
1680
1639
1604
1573
1551
1526
1502
1468
1427
1406
1398
1375
1374
1326
1305
1285
1244
1223
1189
1152
1122
1094
1070
1034
1013
984
963
928
908
880
848
818
813
810
797
773
771
748
723
700
677
680
670
646
635
612
591
585
566
533
519
508
488
468
450
444
443
442
428
423
406
407
406
392
372
363
368
369
360
367
379
376
383
380
391
403
422
433
452
472
496
502
526
559
595
615
624
652
691
714
743
777
814
851
892
918
973
1000
1048
1105
1148
1204
1267
1310
1356
1409
1476
1519
1579
1621
1675
1756
1807
1838
1867
1908
1963
2032
2073
2126
2164
2201
2256
2284
2328
2358
2408
2443
2472
2522
2558
2616
2663
2696
2748
2769
2811
2844
2875
2923
2959
2991
3012
3056
3092
3133
3178
3210
3243
3284
3320
3372
3406
3427
3468
3497
3518
3568
3588
3619
3662
3698
3740
3772
3815
3839
3865
3901
3924
3964
3983
4000
4025
4088
4093
4094
4094
4094
4094
4094
4095
4094
4094
4094
4094
4095
4094
4094
4094
4095
4095
4094
4094
4094
4094
4094
4095
4094
4094
4095
4094
4094
4094
4094
4094
4094
4095
4094
4094
4095
4094
4094
4094
4094
4094
4094
4094
4094
4094
4094
4094
4094
4095
4094
4094
4095
4094
4094
4095
4095
4094
4094
4095
4095
4094
4095
4094
4094
4094
4094
4095
4094
4094
4095
4095
4094
4094
4094
4095
4094
4094
4095
4095
4094
4094
4094
4094
4081
3969
3904
3845
3817
3772
3732
3686
3656
3598
3556
3496
3429
3388
3341
3308
3262
3199
3152
3079
3008
2961
2918
2859
2826
2780
2721
2650
2589
2524
2470
2416
2380
2335
2289
2232
2192
2135
2071
2025
1973
1929
1902
1859
1825
1776
1735
1676
1624
1569
1519
1456
1438
1422
1391
1353
1321
1270
1226
1166
1115
1083
1055
1038
1004
966
915
875
838
796
748
710
691
645
598
576
528
485
443
404
368
348
334
297
254
237
211
194
179
169
162
158
157
153
154
147
144
139
136
134
131
128
131
129
126
126
124
122
122
119
119
120
119
119
119
117
115
114
112
113
113
111
112
112
114
112
112
112
110
112
112
113
112
112
112
112
112
113
112
113
112
112
115
116
115
116
114
116
117
117
119
119
121
124
124
123
127
129
129
130
135
138
142
143
152
148
152
160
158
164
174
185
187
198
223
240
249
281
305
312
346
380
424
455
494
514
535
574
591
624
657
697
721
754
784
816
845
868
888
919
952
1001
1040
1075
1113
1148
1172
1204
1228
1276
1324
1377
1423
1463
1490
1499
1526
1567
1606
1639
1668
1717
1740
1781
1815
1833
1865
1895
1914
1946
1979
2015
2049
2080
2115
2145
2179
2208
2227
2254
2289
2319
2357
2396
2428
2441
2479
2488
2512
2554
2586
2611
2633
2647
2687
2718
2733
2766
2790
2820
2843
2852
2878
2895
2905
2932
2936
2918
2941
2993
3016
3043
3043
3044
3071
3079
3096
3115
3127
3138
3156
3183
3206
3199
3211
3223
3258
3236
3233
3247
3251
3250
3254
3251
3249
3259
3250
3247
3248
3242
3232
3230
3221
3209
3207
3198
3183
3179
3183
3172
3159
3145
3135
3110
3104
3100
3082
3074
3062
3036
3015
3004
2981
2966
2951
2940
2925
2900
2862
2840
2802
2798
2791
2791
2767
2761
2746
2743
2708
2683
2658
2648
2620
2602
2596
2582
2564
2540
2504
2471
2460
2431
2410
2401
2252
2315
2340
2337
2328
2309
2297
2303
2283
2276
2218
2131
2085
2144
2131
2091
2135
2182
2201
2203
2199
2179
2165
2146
2136
2127
2130
2133
2145
2151
2144
2124
2119
2106
2081
2087
2070
2063
2059
2051
1955
1962
2004
2001
2005
1998
1985
1986
1972
1966
1948
1936
1907
1901
1874
1864
1860
1865
1841
1836
1818
1796
1792
1780
1747
1752
1731
1713
1710
1694
1674
1667
1648
1609
1591
1590
1588
1581
1593
1559
1563
1536
1533
1524
1511
1499
1504
1496
1491
1498
1483
1465
1442
1430
1446
1439
1417
1422
1420
1396
1379
1374
1375
1356
1347
1332
1303
1286
1271
1262
1255
1244
1239
1239
1236
1232
1217
1218
1210
1185
1176
1176
1167
1167
1170
1179
1185
1188
1188
1210
1216
1209
1222
1225
1228
1224
1232
1233
1247
1248
1241
1267
1280
1271
1272
1291
1297
1301
1304
1307
1328
1341
1347
1347
1337
1322
1336
1356
1345
1351
1369
1366
1368
1376
1383
1390
1391
1392
1407
1400
1398
1403
1396
1404
1406
1411
1421
1418
1409
1411
1408
1409
1420
1439
1443
1454
1459
1469
1487
1479
1476
1498
1490
1505
1497
1508
1512
1517
1520
1521
1527
1534
1520
1528
1531
1545
1555
1558
1561
1575
1567
1569
1567
1582
1581
1589
1607
1606
1596
1599
1590
1593
1589
1592
1606
1615
1633
1619
1622
1603
1607
1596
1598
1621
1617
1627
1635
1654
1649
1646
1655
1651
1656
1670
1689
1680
1690
1711
1726
1720
1724
1728
1734
1756
1761
1779
1782
1785
1810
1802
1790
1810
1816
1816
1836
1859
1867
1865
1875
1889
1888
1904
1920
1935
1926
1921
1927
1936
1944
1964
1971
1995
2017
2014
2024
2019
2020
2032
2039
2050
2046
2049
2072
2076
2094
2080
2095
2116
2114
2112
2123
2132
2128
2124
2148
2144
2161
2161
2154
2170
2185
2189
2204
2224
2229
2230
2232
2240
2246
2264
2258
2260
2260
2266
2270
2260
2279
2302
2316
2330
2336
2360
2363
2372
2388
2411
2402
2425
2419
2437
2459
2461
2479
2492
2505
2524
2535
2545
2551
2548
2571
2574
2608
2604
2632
2635
2649
2657
2672
2686
2708
2712
2735
2752
2752
2758
2750
2761
2779
2801
2810
2800
2798
2809
2800
2814
2816
2816
2820
2820
2828
2823
2837
2843
2867
2881
2884
2887
2886
2870
2867
2875
2864
2870
2867
2859
2867
2870
2883
2865
2860
2850
2835
2831
2855
2852
2854
2857
2848
2855
2824
2785
2769
2776
2765
2768
2768
2752
2760
2739
2739
2726
2704
2687
2685
2681
2685
2665
2656
2644
2639
2632
2620
2600
2601
2605
2606
2603
2594
2572
2558
2551
2555
2536
2524
2526
2499
2492
2501
2493
2476
2474
2459
2455
2459
2449
2446
2460
2442
2439
2438
2449
2438
2425
2407
2392
2385
2361
2336
2339
2332
2332
2339
2313
2316
2305
2291
2276
2253
2258
2244
2255
2244
2234
2236
2260
2262
2241
2230
2197
2179
2172
2179
2164
2162
2158
2140
2128
2112
2102
2079
2060
2055
2062
2073
2083
2082
2085
2074
2084
2079
2076
2098
2089
2079
2064
2047
2048
2032
2007
2016
2027
2016
2016
2015
2010
2007
2011
2018
2007
2000
1997
1988
2012
2015
2020
2040
2038
2027
2012
1992
1970
1952
1937
1917
1928
1934
1930
1902
1890
1884
1868
1867
1853
1859
1854
1858
1862
1865
1856
1859
1843
1863
1872
1868
1864
1868
1883
1864
1843
1838
1819
1826
1810
1794
1796
1767
1761
1765
1769
1764
1770
1763
1760
1758
1765
1776
1779
1770
1763
1760
1761
1748
1749
1731
1741
1752
1751
1766
1760
1762
1747
1758
1768
1752
1763
1778
1780
1788
1788
1773
1767
1771
1779
1768
1754
1755
1741
1717
1739
1739
1737
1718
1719
1735
1724
1720
1705
1695
1692
1688
1688
1691
1696
1696
1692
1695
1698
1687
1678
1669
1662
1648
1663
1678
1679
1686
1669
1671
1680
1684
1671
1664
1667
1671
1669
1679
1692
1688
1701
1703
1709
1707
1711
1711
1727
1735
1741
1751
1752
1740
1744
1763
1778
1776
1777
1776
1775
1771
1782
1777
1786
1792
1788
1779
1787
1779
1780
1779
1793
1795
1812
1820
1828
1817
1805
1795
1800
1792
1788
1793
1792
1799
1807
1818
1826
1824
1822
1812
1819
1815
1811
1827
1833
1834
1842
1850
1853
1835
1839
1844
1822
1831
1828
1829
1835
1841
1839
1834
1825
1838
1856
1865
1857
1862
1872
1869
1881
1880
1885
1885
1884
1894
1879
1868
1872
1899
1910
1916
1929
1955
1953
1971
1966
1971
1968
1968
1982
1986
2009
2016
2001
2019
2028
2043
2048
2055
2061
2068
2068
2067
2069
2071
2078
2075
2076
2061
2074
2090
2094
2087
2109
2115
2105
2120
2147
2153
2154
2168
2174
2181
2168
2167
2172
2176
2185
2187
2209
2215
2209
2208
2208
2191
2196
2190
2193
2204
2200
2195
2211
2236
2232
2220
2218
2222
2236
2231
2241
2238
2242
2248
2246
2235
2240
2241
2234
2240
2232
2226
2204
2217
2204
2188
2204
2215
2215
2215
2207
2223
2219
2206
2211
2214
2218
2211
2206
2214
2213
2224
2227
2219
2227
2227
2214
2236
2250
2264
2278
2292
2288
2288
2288
2282
2287
2292
2313
2322
2320
2332
2343
2332
2311
2321
2315
2332
2351
2347
2371
2366
2362
2360
2370
2355
2347
2366
2376
2364
2376
2385
2394
2390
2385
2391
2412
2413
2412
2402
2400
2404
2407
2402
2388
2377
2403
2424
2416
2428
2435
2437
2442
2425
2435
2434
2444
2454
2463
2457
2478
2477
2482
2476
2465
2473
2474
2473
2470
2462
2473
2486
2476
2476
2460
2468
2444
2451
2421
2419
2420
2432
2433
2415
2398
2401
2402
2401
2399
2408
2406
2388
2360
2362
2345
2340
2343
2336
2316
2301
2305
2304
2277
2276
2272
2264
2255
2232
2231
2224
2205
2170
2159
2143
2128
2115
2103
2088
2072
2068
2076
2067
2067
2074
2062
2054
2043
2028
2015
2002
1975
1990
1980
1972
1962
1960
1938
1911
1921
1912
1919
1895
1884
1873
1867
1852
1836
1822
1809
1809
1787
1766
1759
1747
1737
1720
1700
1679
1677
1674
1671
1671
1589
1606
1642
1643
1630
1632
1615
1608
1591
1500
1440
1431
1490
1472
1461
1526
1547
1552
1545
1542
1546
1523
1504
1517
1507
1491
1500
1512
1498
1491
1500
1504
1500
1500
1503
1494
1488
1488
1490
1376
1419
1473
1486
1492
1492
1492
1510
1514
1499
1504
1503
1482
1489
1496
1494
1481
1490
1483
1481
1477
1478
1477
1486
1476
1475
1480
1473
1480
1481
1479
1495
1498
1492
1489
1484
1495
1497
1494
1483
1490
1498
1482
1494
1500
1499
1502
1494
1504
1472
1473
1490
1484
1496
1507
1503
1525
1548
1547
1521
1519
1534
1534
1532
1544
1556
1554
1551
1567
1579
1580
1598
1607
1608
1638
1644
1630
1630
1641
1659
1664
1676
1683
1667
1678
1681
1705
1715
1721
1716
1730
1752
1760
1782
1803
1807
1817
1826
1822
1844
1854
1875
1887
1889
1887
1916
1928
1938
1950
1955
1950
1957
1974
1990
2003
2019
2027
2032
2040
2053
2066
2074
2072
2070
2083
2096
2101
2100
2104
2127
2142
2150
2147
2156
2166
2181
2187
2191
2191
2195
2192
2184
2195
2188
2202
2200
2207
2232
2216
2233
2224
2234
2249
2263
2254
2262
2275
2265
2254
2266
2268
2279
2284
2295
2293
2302
2288
2281
2284
2272
2287
2273
2290
2303
2296
2314
2315
2310
2308
2304
2313
2305
2291
2294
2300
2307
2320
2314
2323
2316
2332
2329
2328
2332
2327
2322
2310
2324
2324
2299
2296
2316
2299
2287
2272
2272
2265
2268
2286
2280
2266
2260
2257
2252
2232
2220
2210
2223
2214
2209
2223
2219
2203
2179
2175
2163
2163
2156
2158
2154
2147
2137
2132
2138
2137
2133
2131
2126
2122
2113
2107
2108
2087
2082
2072
2058
2068
2063
2042
2044
2040
2038
2030
2011
2006
1999
1988
2004
2000
1996
1996
2002
1984
1983
1968
1955
1965
1987
1960
1968
1963
1959
1965
1959
1953
1966
1975
1956
1961
1944
1934
1934
1932
1935
1943
1943
1932
1925
1921
1927
1937
1943
1943
1918
1923
1923
1920
1909
1886
1902
1901
1892
1886
1872
1874
1888
1889
1887
1875
1878
1869
1864
1868
1876
1874
1879
1878
1878
1867
1871
1880
1880
1871
1877
1855
1863
1871
1880
1878
1891
1888
1902
1893
1920
1916
1924
1916
1916
1911
1928
1916
1923
1919
1928
1922
1955
1956
1951
1952
1935
1938
1950
1954
1968
1965
1977
1982
1972
1972
1974
2006
1996
1996
1996
2003
2005
2027
2046
2037
2048
2056
2058
2067
2061
2064
2070
2052
2055
2075
2081
2076
2076
2078
2084
2104
2099
2113
2122
2123
2128
2119
2139
2135
2144
2153
2148
2138
2146
2148
2145
2152
2158
2161
2153
2139
2150
2154
2162
2161
2152
2171
2180
2199
2202
2192
2188
2199
2206
2202
2195
2183
2183
2206
2201
2194
2212
2219
2223
2214
2206
2222
2225
2235
2233
2239
2236
2241
2233
2251
2259
2242
2254
2266
2262
2275
2263
2268
2259
2270
2261
2278
2288
2288
2281
2299
2317
2334
2319
2332
2332
2338
2351
2364
2360
2372
2382
2391
2378
2376
2358
2360
2365
2372
2360
2364
2364
2367
2355
2339
2331
2336
2308
2330
2316
2321
2331
2318
2311
2321
2329
2314
2310
2305
2311
2297
2302
2298
2304
2314
2320
2310
2308
2281
2271
2259
2274
2256
2244
2239
2223
2214
2206
2200
2205
2205
2200
2191
2192
2180
2160
2170
2168
2152
2156
2156
2156
2135
2127
2119
2113
2105
2100
2082
2094
2091
2091
2091
2084
2074
2061
2051
2039
2042
2029
2055
2040
2033
2030
2000
2006
2003
1999
2007
2015
2024
2035
2036
2048
2031
2016
2014
2007
2020
2008
2001
2010
2014
2015
1993
1980
1984
1984
1990
1997
1990
1988
1984
1975
1958
1959
1953
1944
1946
1971
1963
1976
1956
1937
1923
1926
1923
1930
1929
1926
1924
1932
1932
1927
1933
1929
1932
1921
1926
1931
1917
1901
1885
1881
1872
1869
1890
1895
1880
1880
1863
1862
1864
1878
1856
1841
1855
1860
1846
1845
1857
1841
1832
1825
1834
1831
1823
1839
1843
1835
1831
1824
1829
1809
1804
1796
1804
1819
1828
1826
1820
1807
1795
1806
1817
1800
1813
1808
1831
1838
1838
1846
1857
1845
1843
1845
1827
1835
1848
1828
1831
1845
1858
1864
1866
1869
1864
1855
1855
1854
1866
1862
1863
1868
1856
1858
1868
1857
1864
1871
1878
1875
1879
1880
1884
1877
1870
1881
1882
1885
1883
1912
1914
1923
1917
1911
1922
1911
1913
1909
1923
1916
1912
1913
1918
1928
1944
1946
1952
1955
1964
1984
1974
1979
1960
1966
1966
1962
1971
1974
1977
1979
1987
1977
1988
1982
1995
1993
1997
1990
1995
1986
1990
1999
2013
2011
2027
2027
2028
2022
2016
