2036
2033
2038
2026
2032
2038
2017
2025
2023
2024
2013
2025
2015
2015
1999
2005
1997
1993
2009
1991
1979
1977
1968
1958
1967
1979
1974
1969
1955
1959
1940
1944
1944
1940
1940
1936
1942
1921
1912
1910
1894
1893
1888
1905
1908
1906
1892
1902
1895
1904
1888
1888
1884
1882
1848
1849
1865
1872
1874
1863
1859
1838
1832
1828
1830
1836
1822
1830
1838
1817
1823
1814
1824
1815
1816
1800
1812
1811
1814
1816
1804
1808
1801
1812
1813
1818
1824
1821
1822
1821
1806
1807
1796
1788
1786
1792
1798
1814
1814
1796
1787
1788
1783
1787
1791
1797
1816
1822
1816
1788
1790
1787
1780
1776
1783
1813
1805
1809
1799
1796
1786
1788
1780
1789
1788
1788
1789
1784
1779
1786
1786
1787
1787
1787
1798
1800
1801
1786
1776
1792
1786
1783
1779
1786
1792
1804
1804
1813
1811
1815
1818
1837
1843
1830
1840
1837
1845
1847
1836
1832
1839
1839
1828
1838
1860
1862
1879
1885
1858
1848
1855
1861
1873
1887
1896
1916
1911
1909
1892
1895
1878
1888
1892
1906
1911
1912
1899
1896
1906
1916
1899
1907
1919
1909
1900
1899
1923
1995
2076
2192
2244
2209
2102
1906
1662
1416
1229
1091
1032
1007
1003
980
932
947
1022
1160
1391
1675
1959
2198
2383
2507
2617
2719
2848
3011
3228
3426
3555
3588
3554
3496
3459
3480
3594
3731
3878
3976
4014
3984
3938
3919
3948
4054
4094
4094
4094
4094
4094
4094
4094
4092
4005
3991
4017
4032
3975
3838
3638
3449
3296
3237
3229
3280
3333
3330
3252
3128
2980
2798
2632
2483
2358
2263
2155
2020
1894
1756
1624
1523
1427
1377
1335
1309
1261
1182
1076
981
873
804
772
751
786
831
877
883
835
768
694
628
592
592
630
663
707
751
736
716
681
652
666
680
699
736
737
727
713
680
638
640
701
762
883
1017
1142
1248
1319
1372
1421
1513
1615
1763
1916
2083
2223
2353
2450
2521
2573
2623
2667
2727
2784
2815
2832
2834
2839
2842
2852
2851
2880
2946
2994
3062
3118
3144
3160
3159
3148
3169
3185
3211
3242
3263
3256
3233
3187
3125
3039
3014
2977
2936
2920
2894
2894
2883
2885
2872
2874
2892
2899
2919
2969
2976
2998
3001
2968
2929
2865
2774
2680
2590
2517
2442
2391
2343
2293
2235
2167
2093
2027
1967
1921
1864
1853
1831
1839
1821
1793
1743
1696
1636
1589
1544
1516
1484
1451
1403
1357
1320
1280
1236
1217
1217
1247
1253
1265
1259
1236
1209
1148
1119
1094
1096
1112
1119
1132
1147
1156
1142
1134
1137
1151
1172
1187
1202
1209
1188
1192
1160
1154
1138
1149
1176
1206
1215
1213
1190
1166
1134
1116
1100
1108
1127
1136
1127
1119
1090
1073
1063
1048
1019
997
986
953
909
857
791
731
672
624
593
551
503
464
418
368
331
295
293
299
345
385
456
555
651
716
792
848
888
933
969
998
1020
1025
1026
1011
1011
1005
1016
1007
998
1027
984
940
911
895
857
815
750
722
674
635
591
550
525
509
497
494
496
500
524
575
622
700
789
890
984
1077
1145
1189
1235
1274
1305
1340
1390
1427
1458
1500
1547
1569
1617
1667
1729
1804
1857
1895
1928
1948
1959
1968
1999
2010
2045
2063
2072
2081
2085
2092
2104
2100
2123
2144
2156
2168
2183
2188
2193
2203
2211
2240
2241
2307
2359
2377
2407
2408
2393
2402
2407
2419
2451
2477
2535
2564
2604
2619
2650
2685
2727
2772
2821
2876
2924
2985
3040
3091
3129
3167
3221
3250
3275
3279
3299
3286
3290
3295
3271
3274
3260
3254
3241
3247
3252
3244
3222
3200
3174
3149
3134
3112
3114
3120
3122
3120
3128
3124
3144
3162
3175
3200
3238
3271
3319
3367
3423
3470
3522
3598
3654
3718
3766
3819
3857
3891
3906
3928
3928
3935
3940
3945
3951
3964
3977
3978
3973
3975
3963
3952
3931
3908
3902
3899
3872
3868
3868
3861
3849
3832
3826
3800
3798
3779
3757
3767
3757
3728
3680
3650
3618
3591
3560
3539
3516
3489
3456
3417
3375
3340
3317
3283
3264
3279
3272
3285
3283
3301
3315
3324
3338
3367
3390
3425
3459
3495
3516
3529
3552
3558
3543
3555
3577
3568
3551
3542
3516
3490
3464
3434
3408
3375
3365
3342
3312
3289
3270
3244
3212
3163
3137
3127
3079
3059
3032
2975
2954
2919
2864
2834
2775
2738
2703
2656
2608
2560
2539
2515
2468
2435
2392
2361
2331
2316
2288
2275
2256
2230
2198
2165
2124
2096
2083
2076
2075
2063
2046
2015
2001
1971
1938
1922
1903
1886
1856
1827
1788
1743
1690
1655
1625
1595
1559
1522
1491
1460
1430
1377
1331
1283
1239
1200
1162
1133
1081
1020
958
897
828
771
723
664
608
576
525
471
430
383
342
306
271
249
216
190
184
176
168
160
165
157
158
152
152
147
152
147
143
144
134
136
140
138
139
140
142
137
143
161
170
158
137
144
148
167
165
172
149
174
147
154
157
156
155
156
152
147
148
144
144
144
139
141
140
142
143
144
142
143
146
150
151
149
178
154
166
178
175
191
214
219
229
255
285
313
331
352
376
414
464
488
506
522
569
591
604
630
669
682
702
743
782
780
806
814
839
846
863
867
870
877
872
865
855
835
831
809
808
799
756
747
745
734
737
733
717
700
712
702
709
742
756
776
807
840
880
924
953
1002
1063
1128
1167
1229
1293
1352
1410
1452
1498
1557
1605
1661
1710
1752
1808
1828
1881
1911
1942
1982
2006
2048
2066
2087
2104
2161
2189
2223
2272
2308
2331
2355
2391
2406
2447
2485
2523
2545
2589
2618
2664
2688
2713
2764
2786
2810
2834
2865
2892
2903
2940
2962
3020
3056
3111
3139
3184
3227
3254
3267
3291
3307
3327
3354
3378
3391
3409
3431
3441
3429
3426
3434
3448
3438
3454
3443
3416
3413
3405
3389
3385
3381
3385
3400
3387
3368
3370
3356
3343
3335
3353
3363
3364
3371
3366
3392
3402
3420
3444
3471
3499
3515
3544
3560
3574
3580
3605
3625
3643
3662
3693
3705
3728
3736
3739
3746
3751
3769
3789
3793
3800
3820
3814
3817
3837
3830
3848
3868
3860
3855
3856
3840
3822
3807
3790
3774
3760
3732
3699
3672
3663
3651
3630
3611
3609
3594
3580
3556
3552
3548
3526
3512
3496
3482
3464
3443
3424
3424
3402
3393
3384
3373
3352
3337
3317
3288
3264
3244
3220
3203
3179
3146
3130
3096
3054
3014
2992
2971
2956
2933
2933
2907
2871
2851
2824
2803
2774
2741
2723
2704
2681
2664
2633
2620
2600
2583
2566
2543
2534
2514
2511
2485
2439
2411
2391
2357
2329
2325
2319
2327
2302
2286
2228
2163
2092
2028
1990
1952
1936
1941
1959
1958
1958
1960
1950
1937
1926
1925
1932
1919
1922
1908
1906
1901
1897
1907
1902
1912
1915
1907
1902
1884
1873
1869
1879
1879
1905
1898
1888
1877
1847
1815
1806
1823
1831
1836
1852
1860
1821
1809
1771
1752
1751
1756
1775
1799
1817
1813
1792
1782
1771
1735
1741
1742
1758
1742
1728
1702
1673
1647
1646
1616
1575
1551
1524
1515
1479
1462
1464
1440
1421
1415
1395
1384
1362
1311
1302
1272
1246
1227
1209
1191
1176
1159
1140
1115
1089
1048
1037
1022
1010
1021
1006
967
932
895
844
807
754
726
688
674
662
661
647
642
619
619
607
616
652
680
711
755
787
824
830
841
860
880
915
952
1004
1058
1095
1141
1167
1180
1188
1167
1171
1177
1206
1247
1295
1315
1336
1343
1340
1339
1343
1342
1362
1362
1383
1369
1372
1379
1374
1366
1387
1386
1374
1367
1340
1322
1311
1293
1268
1255
1252
1227
1207
1179
1151
1144
1121
1115
1102
1102
1104
1097
1088
1085
1081
1063
1057
1043
1028
1019
1027
1046
1050
1062
1069
1100
1102
1100
1112
1125
1122
1125
1133
1135
1142
1166
1193
1237
1270
1297
1321
1340
1370
1398
1414
1460
1502
1532
1550
1580
1606
1669
1686
1727
1780
1818
1860
1894
1950
2000
2047
2092
2120
2162
2203
2240
2287
2355
2397
2447
2492
2520
2520
2547
2576
2596
2626
2632
2653
2678
2687
2710
2727
2748
2773
2809
2823
2848
2844
2841
2841
2849
2845
2857
2852
2840
2823
2806
2778
2761
2747
2739
2740
2731
2718
2692
2681
2663
2644
2623
2595
2604
2599
2623
2630
2636
2636
2638
2626
2603
2601
2599
2609
2623
2638
2646
2671
2692
2707
2706
2718
2725
2744
2746
2734
2723
2726
2716
2720
2724
2719
2726
2699
2696
2683
2668
2656
2627
2628
2603
2593
2589
2576
2566
2574
2548
2520
2508
2489
2480
2475
2455
2462
2473
2468
2444
2426
2422
2423
2422
2409
2400
2373
2368
2355
2356
2328
2330
2304
2292
2275
2271
2272
2266
2252
2242
2213
2170
2147
2127
2093
2076
2053
2032
2016
1997
1946
1914
1896
1884
1865
1835
1806
1776
1766
1728
1705
1671
1648
1614
1604
1602
1588
1578
1555
1531
1487
1461
1426
1396
1374
1379
1367
1365
1370
1355
1363
1359
1360
1360
1374
1377
1352
1362
1351
1321
1299
1295
1277
1283
1292
1283
1283
1294
1297
1280
1252
1233
1212
1169
1171
1181
1173
1164
1118
1088
1060
1051
1044
1041
1027
1051
1049
1056
1059
1060
1057
1064
1075
1101
1129
1142
1156
1168
1172
1176
1202
1213
1217
1219
1236
1270
1284
1294
1305
1305
1322
1345
1353
1369
1373
1402
1421
1411
1407
1382
1377
1368
1363
1369
1382
1351
1321
1341
1377
1365
1372
1383
1409
1404
1409
1363
1281
1221
1271
1303
1279
1338
1395
1409
1424
1455
1462
1457
1462
1437
1429
1441
1448
1449
1447
1441
1448
1459
1431
1452
1454
1460
1484
1519
1544
1541
1543
1566
1573
1585
1601
1619
1634
1635
1661
1675
1676
1684
1686
1689
1703
1714
1711
1720
1739
1748
1768
1773
1780
1815
1827
1834
1856
1864
1863
1897
1904
1923
1927
1931
1948
1968
1989
2010
2039
2055
2082
2115
2134
2157
2174
2207
2220
2259
2283
2300
2310
2320
2329
2332
2358
2389
2418
2437
2451
2445
2464
2483
2478
2488
2512
2523
2545
2566
2468
2510
2564
2608
2631
2639
2652
2677
2681
2711
2719
2743
2752
2776
2792
2797
2807
2823
2844
2849
2856
2860
2861
2876
2886
2894
2918
2936
2964
2974
2975
3004
3012
3026
3036
3052
3064
3068
3087
3088
3094
3104
3084
3079
3087
3097
3086
3085
3103
3095
3113
3124
3130
3127
3136
3139
3132
3122
3123
3120
3113
3116
3111
3108
3105
3116
3116
3122
3115
3123
3122
3114
3090
3084
3072
3064
3052
3044
3025
3012
2994
2977
2956
2944
2936
2936
2908
2910
2891
2880
2883
2868
2845
2828
2811
2820
2814
2796
2784
2760
2768
2742
2735
2742
2742
2735
2715
2685
2674
2675
2663
2646
2626
2608
2593
2575
2557
2541
2531
2516
2497
2478
2473
2468
2451
2438
2423
2414
2392
2379
2369
2349
2343
2326
2302
2292
2256
2231
2211
2202
2180
2152
2127
2110
2083
2044
2035
2008
1993
1968
1927
1909
1891
1856
1843
1843
1818
1796
1782
1764
1731
1726
1695
1713
1701
1687
1683
1675
1663
1660
1635
1631
1623
1616
1609
1616
1587
1586
1567
1570
1565
1551
1544
1534
1537
1517
1505
1488
1466
1449
1438
1433
1423
1433
1419
1397
1374
1362
1349
1336
1327
1328
1310
1312
1314
1317
1305
1299
1308
1290
1300
1303
1321
1331
1326
1325
1330
1344
1347
1363
1377
1387
1397
1404
1439
1440
1445
1449
1463
1465
1478
1487
1484
1486
1491
1486
1495
1497
1502
1507
1515
1519
1524
1525
1527
1526
1527
1532
1528
1523
1516
1513
1508
1504
1514
1512
1529
1547
1539
1538
1537
1544
1549
1540
1560
1589
1609
1630
1631
1653
1661
1671
1688
1712
1723
1749
1762
1789
1804
1830
1866
1903
1922
1942
1970
1980
1995
2024
2031
2044
2057
2073
2092
2102
2104
2105
2127
2131
2131
2143
2151
2140
2149
2163
2153
2158
2164
2177
2173
2182
2191
2188
2190
2196
2192
2189
2194
2194
2200
2200
2195
2198
2204
2201
2193
2207
2195
2197
2175
2184
2185
2181
2178
2177
2166
2174
2168
2146
2152
2165
2147
2150
2161
2174
2174
2179
2161
2151
2161
2171
2158
2162
2172
2154
2160
2156
2150
2166
2159
2162
2162
2163
2166
2178
2181
2196
2192
2189
2187
2187
2191
2200
2200
2208
2214
2214
2234
2219
2233
2226
2219
2225
2244
2247
2252
2248
2264
2268
2284
2280
2291
2294
2306
2310
2317
2332
2332
2352
2348
2363
2368
2380
2371
2367
2377
2380
2382
2391
2405
2403
2416
2428
2426
2435
2428
2422
2424
2429
2442
2437
2434
2426
2433
2438
2441
2437
2444
2434
2444
2460
2446
2447
2439
2422
2414
2409
2403
2408
2416
2417
2432
2431
2420
2400
2390
2388
2385
2383
2390
2402
2388
2391
2390
2390
2400
2402
2401
2403
2418
2403
2406
2422
2419
2421
2417
2433
2431
2435
2433
2418
2410
2412
2419
2411
2403
2430
2422
2408
2407
2401
2403
2417
2407
2407
2389
2377
2377
2356
2332
2328
2314
2311
2314
2302
2292
2275
2272
2265
2257
2231
2252
2235
2232
2232
2224
2236
2223
2225
2235
2237
2235
2233
2237
2244
2240
2240
2254
2238
2241
2252
2249
2243
2236
2215
2202
2190
2200
2198
2212
2224
2237
2220
2208
2214
2205
2208
2202
2204
2184
2158
2142
2117
2099
2083
2066
2032
2023
1987
1972
1945
1924
1919
1908
1893
1865
1863
1832
1808
1795
1776
1772
1760
1750
1746
1741
1734
1702
1705
1695
1709
1680
1652
1636
1640
1649
1640
1643
1662
1654
1654
1635
1633
1633
1623
1602
1598
1582
1575
1579
1593
1597
1592
1612
1603
1585
1597
1611
1609
1629
1623
1607
1596
1603
1585
1583
1594
1605
1604
1612
1621
1599
1599
1621
1612
1610
1617
1619
1605
1607
1624
1608
1611
1609
1603
1619
1593
1603
1607
1597
1582
1599
1600
1587
1570
1554
1551
1542
1532
1529
1546
1527
1518
1494
1465
1443
1434
1410
1399
1400
1381
1390
1373
1351
1328
1288
1268
1271
1265
1264
1229
1231
1207
1210
1186
1171
1161
1178
1167
1156
1162
1169
1172
1164
1171
1175
1185
1163
1169
1180
1194
1200
1201
1203
1218
1225
1223
1246
1248
1245
1253
1275
1285
1296
1315
1317
1328
1357
1371
1390
1405
1400
1401
1416
1436
1446
1465
1501
1511
1529
1528
1553
1564
1582
1596
1611
1641
1673
1700
1700
1707
1709
1718
1736
1753
1788
1799
1816
1836
1855
1880
1897
1901
1909
1935
1938
1948
1972
1988
2026
2021
2020
2004
1991
1982
1983
1992
2016
2008
2012
2034
2078
2115
2130
2154
2144
2144
2108
2044
1997
1959
1911
1900
1902
1917
1938
1948
1945
1940
1925
1916
1900
1891
1900
1914
1928
1932
1918
1939
1951
1980
2004
2040
2046
2067
2102
2109
2135
2159
2179
2200
2209
2216
2240
2275
2321
2350
2394
2432
2453
2466
2480
2494
2480
2484
2503
2535
2574
2616
2663
2709
2743
2760
2756
2750
2764
2773
2786
2806
2828
2844
2835
2851
2856
2852
2849
2847
2840
2831
2809
2795
2794
2785
2810
2824
2838
2846
2857
2837
2835
2823
2838
2837
2845
2860
2853
2833
2819
2787
2752
2718
2691
2684
2681
2676
2680
2664
2664
2663
2655
2632
2612
2585
2542
2500
2455
2403
2344
2294
2252
2230
2213
2183
2158
2135
2088
2049
1999
1959
1931
1936
1960
1978
1984
1983
1949
1932
1927
1916
1951
1964
1980
1975
1976
1973
1945
1924
1925
1928
1951
1971
2004
2020
2031
2052
2041
2040
1987
2003
2012
2033
2046
2044
2084
2103
2120
2140
2160
2172
2192
2187
2178
2188
2199
2191
2188
2232
2266
2285
2316
2341
2332
2308
2310
2295
2294
2311
2321
2342
2346
2360
2347
2343
2317
2305
2311
2316
2334
2350
2348
2361
2352
2341
2331
2300
2288
2278
2273
2269
2263
2246
2258
2237
2216
2188
2180
2149
2134
2113
2089
2047
2020
1995
1959
1942
1920
1885
1867
1842
1828
1806
1787
1762
1726
1727
1710
1701
1691
1676
1665
1657
1655
1624
1597
1575
1564
1549
1538
1520
1526
1527
1513
1523
1499
1507
1506
1507
1515
1512
1506
1522
1510
1492
1473
1460
1462
1476
1486
1501
1523
1427
1340
1441
1504
1548
1558
1575
1589
1606
1582
1584
1474
1415
1408
1500
1553
1483
1457
1447
1546
1593
1618
1634
1638
1653
1551
1505
1458
1478
1615
1691
1726
1773
1816
1861
1897
1925
1817
1828
1732
1718
1717
1775
1874
1888
1787
1716
1692
1700
1696
1675
1641
1637
1646
1632
1606
1621
1637
1641
1631
1651
1625
1617
1630
1657
1659
1808
1856
1868
1928
1890
1900
1974
2011
2051
2070
2095
2036
1941
2007
2081
2120
2140
2150
2172
2171
2184
2204
2232
2263
2273
2284
2286
2203
2125
2094
2232
2304
2351
2358
2366
2389
2424
2431
2437
2463
2486
2492
2500
2515
2517
2529
2536
2435
2492
2544
2560
2593
2608
2593
2583
2575
2577
2551
2505
2500
2484
2471
2462
2465
2451
2442
2442
2428
2431
2447
2439
2449
2441
2447
2444
2427
2421
2416
2388
2400
2403
2411
2401
2388
2359
2344
2315
2300
2291
2268
2248
2227
2190
2155
2124
2091
2062
2039
2004
1971
1950
1919
1905
1886
1883
1856
1841
1822
1817
1807
1819
1814
1799
1807
1795
1776
1766
1758
1752
1746
1736
1728
1719
1702
1686
1677
1671
1650
1648
1656
1665
1673
1671
1675
1665
1665
1666
1659
1651
1671
1695
1712
1717
1713
1715
1704
1695
1691
1711
1717
1732
1752
1780
1785
1793
1833
1838
1859
1883
1892
1910
1938
1944
1929
1932
1923
1941
1948
1952
1980
2004
2023
2036
2048
2075
2110
2104
2119
2143
2169
2195
2202
2204
2231
2252
2255
2259
2259
2247
2264
2266
2283
2292
2268
2274
2262
2257
2250
2243
2247
2255
2259
2247
2254
2241
2247
2223
2203
2208
2204
2208
2214
2227
2211
2221
2227
2217
2212
2207
2195
2209
2193
2173
2177
2172
2156
2126
2124
2119
2117
2106
2110
2126
2118
2100
2087
2092
2088
2086
2083
2088
2117
2128
2106
2092
2086
2083
2073
2092
2098
2096
2112
2101
2096
2098
2091
2087
2090
2083
2074
2072
2071
2065
2076
2071
2059
2060
2059
2047
2050
2069
2072
2054
2067
2068
2057
2062
2060
2061
2084
2102
2128
2120
2120
2124
2119
2144
2159
2150
2168
2176
2175
2179
2166
2161
2139
2113
2114
2100
2115
2114
2102
2094
2074
2068
2051
2037
2044
2055
2050
2057
2057
2055
2040
2030
2040
2036
2023
2028
2016
2031
2036
2028
2016
2019
1995
1985
1982
1978
1976
1981
1984
1974
1969
1971
1972
1954
1945
1947
1953
1952
1962
1955
1950
1946
1956
1946
1935
1941
1942
1932
1942
1944
1961
1944
1955
1944
1946
1942
1942
1947
1939
1939
1930
1943
1940
1942
1947
1942
1945
1958
1967
1971
1991
1999
1990
1994
2011
2035
2038
2060
2079
2084
2098
2104
2121
2137
2144
2148
2170
2188
2200
2200
2194
2211
2240
2249
2253
2239
2208
2177
2141
2142
2116
2108
2101
2071
2044
2010
1984
1951
1927
1917
1918
1906
1891
1856
1817
1803
1797
1782
1777
1782
1770
1761
1741
1726
1715
1701
1688
1698
1685
1681
1651
1652
1640
1633
1657
1681
1706
1731
1756
1748
1737
1725
1715
1720
1739
1784
1788
1818
1859
1884
1911
1905
1907
1913
1924
1948
1962
1974
2003
2030
2037
2068
2079
2089
2113
2110
2122
2121
2140
2144
2151
2152
2163
2174
2182
2202
2217
2237
2247
2260
2280
2311
2314
2324
2332
2363
2360
2353
2369
2382
2393
2399
2423
2409
2400
2399
2399
2390
2385
2386
2374
2366
2368
2353
2327
2322
2313
2313
2312
2299
2301
2281
2275
2258
2246
2219
2220
2220
2208
2191
2176
2161
2144
2119
2109
2089
2085
2076
2072
2065
2059
2048
2025
1996
1984
1965
1968
1945
1935
1937
1928
1910
1913
1887
1883
1859
1844
1840
1835
1833
1831
1851
1843
1846
1831
1835
1844
1833
1814
1811
1813
1802
1802
1798
1795
1803
1804
1809
1833
1820
1818
1835
1844
1848
1883
1894
1902
1927
1942
1939
1949
1954
1966
1976
1978
1987
2002
2019
2039
2052
2070
2065
2044
2047
2044
2055
2068
2075
2087
2091
2090
2084
2087
2092
2092
2087
2069
2087
2079
2095
2107
2076
2071
2075
2044
2048
2043
2047
2044
2035
2030
2034
2028
2017
2020
2040
2031
2028
2034
2030
2031
2011
2005
2000
2001
2008
2008
2025
2006
1995
1979
1965
1952
1957
1942
1942
1951
1945
1926
1919
1918
1916
1915
1909
1911
1907
1926
1926
1923
1935
1930
1927
1926
1930
1944
1953
1966
1972
1971
1983
1984
1984
1972
1975
1971
1969
1966
1970
1966
1951
1936
1932
1921
1930
1933
1926
1931
1926
1944
1931
1919
1920
1932
1933
1946
1946
1947
1943
1942
1941
1924
1927
1917
1931
1926
1939
1918
1912
1903
1905
1904
1887
1897
1877
1886
1875
1868
1867
1864
1846
1846
1829
1824
1807
1792
1785
1789
1809
1811
1821
1831
1824
1803
1804
1796
1811
1813
1810
1814
1750
1775
1812
1827
1839
1844
1853
1836
1853
1860
1871
1885
1892
1904
1909
1935
1930
1953
1947
1955
1963
1980
1973
2003
2009
2020
2008
2016
2018
2046
2053
2052
2092
2083
2098
2088
2115
2120
2113
2123
2136
2133
2119
2144
2145
2147
2143
2173
2193
2203
2216
2206
2190
2197
2189
2197
2203
2210
2215
2228
2127
2191
2156
2217
2245
2241
2262
2255
2266
2267
2276
2192
2114
2076
2161
2117
2157
2227
2267
2284
2289
2270
2249
2244
2235
2204
2171
2187
2167
2155
2176
2171
2179
2177
2172
2168
2159
2158
2160
2181
2187
2180
2169
2152
2164
2161
2153
2131
2113
2093
2056
2011
1961
1920
1887
1785
1805
1827
1848
1871
1880
1876
1864
1848
1828
1820
1799
1799
1789
1792
1782
1785
1798
1799
1815
1830
1846
1864
1861
1870
1847
1843
1855
1870
1883
1880
1887
1888
1893
1916
1918
1937
1951
1961
1964
1973
1967
1996
2003
1999
2002
2008
2015
2046
2063
2076
2095
2092
2092
2103
2099
2100
2104
2114
2145
2146
2165
2166
2183
2160
2172
2177
2165
2168
2182
2175
2173
2167
2150
2147
2153
2150
2173
2159
2171
2185
2191
2193
2180
2180
2166
2153
2151
2152
2144
2136
2124
2117
2095
2084
2077
2054
2058
2046
2035
2019
2009
2001
1955
1938
1907
1904
1879
1888
1859
1855
1838
1822
1799
1775
1745
1732
1733
1715
1711
1704
1700
1695
1691
1703
1692
1695
1699
1706
1692
1695
1695
1670
1659
1653
1651
1667
1660
1673
1682
1695
1675
1660
1663
1660
1676
1665
1681
1685
1704
1715
1714
1721
1731
1715
1718
1705
1718
1728
1741
1772
1767
1796
1810
1829
1836
1875
1904
1930
1926
1924
1938
1949
1969
1986
1999
2012
2033
2043
2042
2049
2045
2051
2067
2075
2090
2097
2079
2088
2102
2117
2136
2147
2166
2179
2178
2183
2188
2195
2200
2207
2222
2224
2249
2262
2257
2259
2279
2266
2267
2258
2251
2242
2228
2235
2217
2218
2220
2216
2228
2235
2249
2240
2240
2234
2225
2214
2214
2209
2215
2191
2192
2199
2209
2195
2212
2224
2218
2211
2203
2204
2204
2195
2209
2199
2192
2190
2172
2159
2127
2115
2113
2092
2085
2047
2026
2003
2014
2035
2048
2047
2048
2035
2022
2008
1999
1983
1960
1947
1957
1952
1937
1910
1888
1876
1882
1876
1873
1895
1907
1912
1897
1884
1889
1907
1909
1920
1941
1950
1959
1980
1992
1999
2017
2038
2059
2064
2074
2070
2086
2111
2109
2124
2139
2156
2156
2168
2172
2176
2169
2168
2178
2186
2177
2179
2175
2174
2177
2188
2185
2176
2179
2179
2179
2176
2173
2187
2180
2191
2194
2184
2170
2191
2197
2184
2165
2185
2192
2172
2179
2183
2179
2159
2166
2175
2166
2181
2172
2179
2169
2146
2142
2124
2126
2120
2108
2104
2104
2119
2099
2075
2074
2067
2057
2048
2054
2035
2042
2030
2010
1991
1968
1975
1954
1954
1956
1948
1944
1935
1931
1936
1940
1928
1935
1916
1916
1899
1908
1926
1933
1939
1926
1920
1923
1913
1901
1913
1902
1904
1895
1915
1912
1911
1915
1903
1902
1895
1900
1923
1936
1919
1913
1902
1904
1888
1886
1882
1881
1901
1907
1905
1907
1924
1918
1926
1918
1928
1930
1943
1953
1968
1952
1954
1974
1975
2001
2012
2026
2043
2054
2071
2068
2060
2071
2076
2094
2118
2133
2153
2158
2155
2161
2160
2163
2147
2155
2152
2154
2152
2152
2163
2169
2167
2158
2164
2180
2190
2190
2177
2179
2185
2184
2185
2185
2178
2171
2182
2196
2190
2183
2171
2173
2160
2167
2156
2146
2149
2172
2180
2169
2152
2151
2138
2139
2138
2116
2119
2110
2086
2079
2056
2051
2057
2056
2053
2055
2052
2034
2035
2025
2023
2004
2018
2002
1985
1968
1948
1961
1931
1928
1914
1920
1907
1908
1905
1896
1899
1879
1873
1862
1857
1852
1850
1848
1855
1852
1870
1862
1859
1868
1876
1878
1870
1886
1891
1909
1909
1921
1944
1958
1953
1963
1956
1952
1962
1974
1985
2002
2004
2004
2028
2027
2041
2054
2060
2057
2052
2053
2057
2059
2058
2063
2053
2055
2061
2066
2080
2076
2071
2078
2088
2087
2094
2097
2108
2126
2132
2150
2151
2151
2163
2176
2175
2163
2167
2149
2144
2156
2160
2159
2160
2174
2182
2187
2186
2185
2183
2168
2159
2164
2156
2160
2147
2128
2122
2112
2095
2078
2080
2063
2057
2056
2059
2059
2060
2052
2038
2020
2001
1999
1986
1998
1987
1970
1992
1988
1988
1979
1969
1969
1970
1961
1970
1967
1977
1967
1972
1981
1980
1974
1968
1972
1991
1980
1976
1987
1979
1971
1974
1964
1959
1959
1949
1951
1945
1938
1930
1936
1927
1924
1921
1903
1921
1912
1892
1892
1886
1881
1886
1873
1892
1894
1891
1891
1895
1884
1893
1857
1854
1856
1866
1870
1881
1885
1873
1868
1859
1848
1863
1857
1870
1893
1902
1900
1901
1895
1880
1885
1886
1903
1912
1919
1919
1923
1911
1900
1903
1892
1879
1887
1901
1900
1894
1884
1892
1880
1874
1870
1878
1884
1878
1875
1879
1879
1884
1876
1870
1865
1863
1870
1872
1874
1879
1889
1905
1900
1892
1892
1904
1910
1906
1908
1912
1916
1907
1907
1909
1912
1931
1924
1949
1955
1959
1958
1962
1961
1980
1977
1984
1973
1976
1982
1988
1997
2008
2008
1991
1993
1996
2008
1997
2016
2008
2009
2007
2019
2012
2018
2014
2022
2033
2048
2046
2043
2049
2045
2048
2060
2059
2072
2096
2086
2084
2075
2078
2084
2072
2078
2082
2073
2065
2073
2076
2069
2051
2036
2049
2048
2056
2055
2062
2063
2051
2049
2052
2062
2057
2047
2043
2043
2032
2046
2044
2044
2044
2043
2054
2056
2068
2080
2092
2076
2070
2064
2080
2072
2078
2080
2071
2063
2059
2059
2065
2062
2082
2083
2081
2086
2079
2088
2089
2094
2094
2100
2102
2087
2079
2083
2085
2088
2070
2062
2057
2053
2066
2081
2075
2048
2058
2063
2052
2060
2060
2039
2049
2052
2050
2049
2048
2033
2030
2033
2035
2032
2023
2003
2020
2030
2032
2043
2046
2035
2028
2023
2023
2018
2004
1999
2005
2002
1983
1989
1987
1989
1998
1999
1984
1984
1969
1967
1962
1962
1954
1956
1948
1953
1942
1942
1935
1928
1942
1942
1939
1933
1938
1944
1932
1924
1907
1926
1914
1916
1939
1946
1950
1945
1942
1943
1937
1934
1935
1953
1976
1979
1974
1987
2002
1983
2000
1991
1928
1964
1976
1994
1999
2016
1895
1949
1920
1982
2003
2031
2036
2051
2051
2062
2046
2022
1920
1840
1851
1946
2007
2048
1952
1884
1885
1969
1914
1963
2034
2080
2084
2089
2104
2085
2089
2103
2105
2116
2123
2116
2118
2104
2104
2087
2111
2100
2091
2094
2106
2094
2091
2102
2090
2079
2079
2083
2081
2084
2079
2079
2069
2049
2056
2065
2057
2049
2054
2057
2037
2046
2051
1967
1888
1970
2017
2040
2032
2031
2030
2035
2048
2048
2054
2057
2067
2065
2068
2070
2051
2043
2050
2040
2029
2041
2034
2051
2040
2040
2052
2034
2016
2023
2023
2028
2033
2018
2029
2026
2032
2023
2017
2015
2021
2017
2012
2011
2006
1998
1995
1976
1957
1966
1977
1972
1980
1983
1988
1974
1971
1954
1962
1959
1968
1964
1970
1969
1990
1993
1985
1986
1985
2008
2010
2008
2015
2019
2023
2014
2024
2018
2010
2017
2020
2025
2024
2023
2044
2033
2022
2024
2020
2031
2021
2017
2025
2035
2019
2015
2036
2025
2032
2018
2020
2026
2016
2017
2019
2013
2017
2030
2028
2031
2038
2035
2029
2023
2033
2008
2022
2019
2023
2022
2018
2012
2027
2019
2034
2030
2030
2033
2014
2032
2032
2041
2026
2026
2011
1999
1979
1991
1988
1980
1981
1983
1982
1982
1971
1961
1957
1952
1968
1972
1969
1957
1961
1957
1959
1947
1950
1961
1961
1966
1976
1983
1969
1962
1960
1960
1967
1985
2013
2016
2029
2026
2030
2019
2018
2008
2016
2025
2047
2070
2072
2069
2057
2055
2042
2064
2075
2091
2092
2110
2124
2128
2127
2120
2104
2109
2105
2116
2115
2122
2107
2108
2115
2120
2132
2124
2121
2135
2145
2148
2144
2131
2136
2140
2130
2123
2128
2128
2121
2119
2136
2136
2143
2130
2132
2143
2155
2158
2154
2163
2141
2146
2143
2139
2133
2129
2140
2139
2145
2131
2124
2115
2104
2111
2101
2113
2108
2107
2103
2096
2094
2075
2069
2071
2072
2052
2048
2052
2063
2065
2056
2043
2040
2055
2065
2066
2052
2058
2069
2095
2074
2074
2059
2078
2067
2076
2080
2088
2097
2114
2101
2110
2096
2099
2100
2108
2100
2129
2139
2141
2132
2134
2125
2119
2136
2129
2127
2128
2127
2126
2109
2102
2099
2106
2107
2117
2120
2129
2125
2132
2129
2128
2129
2115
2121
2110
2117
2100
2100
2096
2092
2097
2097
2107
2086
2088
2091
2084
2085
2090
2091
2087
2072
2072
2083
2075
2082
2080
2076
2084
2079
2070
2059
2048
2049
2035
2017
2010
2012
2015
2021
2017
2029
2023
2020
2009
1995
1983
1991
1981
1993
2023
2030
2042
2041
2033
2027
2017
2019
2028
2031
2014
1989
1977
1960
1937
1915
1927
1938
1938
1935
1935
1900
1876
1865
1863
1850
1864
1863
1847
1848
1835
1831
1825
1810
1804
1804
1819
1827
1835
1831
1832
1823
1805
1810
1839
1855
1865
1873
1885
1897
1888
1887
1871
1880
1889
1898
1911
1907
1935
1942
1951
1972
1974
1982
1993
1998
2003
2020
2047
2044
2059
2057
2067
2073
2080
2069
2066
2078
2097
2102
2120
2128
2141
2147
2134
2128
2127
2124
2112
2110
2124
2130
2117
2136
2123
2118
2109
2103
2094
2090
2095
2104
2113
2119
2102
2101
2083
2083
2090
2086
2072
2066
2067
2041
2040
2027
2024
2029
2015
2000
1990
1984
1982
1956
1937
1922
1901
1900
1902
1901
1880
1876
1857
1824
1819
1793
1781
1780
1770
1771
1751
1739
1743
1742
1735
1722
1716
1707
1713
1699
1694
1705
1709
1698
1691
1684
1683
1673
1675
1681
1680
1688
1706
1703
1694
1715
1704
1716
1724
1729
1728
1750
1740
1739
1739
1744
1752
1761
1766
1778
1777
1796
1798
1810
1821
1807
1816
1824
1847
1878
1897
1921
1929
1940
1922
1922
1937
