1993
1968
1979
1998
2010
2010
1994
1983
1999
2019
2028
2029
2019
1998
1947
1921
1878
1863
1847
1853
1874
1888
1876
1862
1857
1836
1829
1875
1920
1947
1984
1994
1984
1989
1995
1999
2040
2092
2128
2162
2175
2198
2203
2215
2245
2273
2300
2309
2326
2315
2305
2304
2287
2276
2272
2255
2252
2233
2211
2211
2209
2221
2243
2273
2286
2308
2306
2302
2280
2259
2258
2244
2237
2240
2247
2261
2263
2266
2252
2240
2242
2212
2179
2149
2128
2121
2091
2101
2074
2063
2052
2030
2001
1976
1963
1947
1947
1961
1958
1964
1951
1950
1948
1958
1958
1950
1949
1928
1911
1909
1901
1886
1879
1870
1871
1863
1852
1838
1830
1823
1833
1817
1804
1800
1800
1776
1761
1750
1744
1745
1741
1731
1724
1736
1734
1729
1724
1728
1716
1720
1724
1726
1729
1742
1729
1724
1713
1721
1736
1740
1750
1759
1747
1745
1754
1767
1764
1750
1763
1774
1779
1783
1780
1801
1800
1813
1824
1829
1853
1869
1878
1915
1944
1976
1984
1977
2011
2006
2014
2043
2049
2052
2088
2093
2096
2115
2102
2110
2099
2087
2102
2105
2111
2111
2115
2124
2124
2130
2113
2113
2121
2140
2152
2134
2132
2116
2112
2146
2170
2179
2203
2218
2231
2227
2233
2242
2272
2291
2309
2322
2360
2364
2391
2411
2438
2447
2456
2454
2462
2476
2471
2472
2489
2500
2517
2518
2529
2520
2519
2516
2518
2525
2520
2531
2553
2573
2575
2563
2563
2568
2553
2552
2565
2569
2562
2577
2595
2607
2599
2609
2623
2625
2632
2648
2646
2665
2672
2689
2706
2710
2729
2729
2744
2749
2746
2748
2756
2760
2760
2756
2748
2719
2704
2691
2685
2676
2647
2621
2605
2584
2572
2556
2530
2523
2489
2484
2471
2442
2428
2404
2390
2366
2354
2363
2340
2322
2296
2299
2292
2274
2254
2240
2215
2202
2186
2191
2188
2166
2163
2144
2125
2083
2059
2049
2038
2024
1988
1964
1951
1915
1902
1872
1860
1826
1802
1784
1759
1740
1712
1691
1679
1666
1660
1638
1595
1575
1555
1526
1511
1480
1463
1446
1427
1413
1404
1395
1368
1341
1329
1288
1253
1228
1199
1184
1147
1120
1107
1072
1040
1000
994
952
933
920
914
889
881
875
864
857
839
827
799
775
767
753
733
725
715
681
670
656
635
641
628
630
626
635
612
601
579
576
571
568
580
585
579
554
548
543
524
540
553
544
530
535
528
508
503
507
523
523
531
519
508
515
510
518
508
499
503
506
504
511
522
529
521
526
535
537
543
545
570
571
595
612
635
652
673
695
724
743
766
788
834
857
878
879
890
932
962
985
1011
1024
1042
1069
1092
1108
1126
1154
1168
1212
1246
1281
1308
1334
1353
1375
1411
1450
1482
1512
1531
1586
1610
1635
1668
1708
1744
1777
1816
1837
1872
1922
1962
2009
2034
2062
2108
2140
2159
2197
2232
2273
2283
2306
2328
2353
2387
2432
2462
2492
2515
2530
2547
2577
2609
2645
2676
2691
2724
2758
2793
2817
2840
2877
2916
2940
2968
3003
3041
3062
3087
3118
3144
3169
3201
3233
3266
3312
3341
3368
3405
3417
3440
3473
3493
3508
3531
3547
3564
3601
3641
3636
3652
3652
3648
3666
3669
3696
3715
3707
3724
3724
3720
3728
3742
3753
3772
3790
3798
3816
3828
3836
3836
3836
3842
3877
3889
3892
3898
3900
3904
3897
3903
3906
3904
3910
3896
3894
3878
3860
3846
3833
3831
3827
3816
3800
3790
3802
3767
3753
3744
3726
3713
3697
3693
3683
3677
3676
3666
3650
3622
3609
3581
3574
3568
3555
3548
3546
3520
3505
3488
3470
3456
3443
3425
3416
3386
3378
3340
3320
3297
3275
3249
3225
3219
3210
3195
3174
3130
3101
3077
3048
3010
2983
2964
2958
2921
2879
2850
2830
2791
2752
2726
2698
2676
2656
2612
2593
2572
2545
2516
2492
2457
2438
2404
2366
2327
2299
2287
2262
2220
2188
2165
2143
2114
2081
2057
2036
1999
1965
1956
1926
1907
1880
1853
1819
1793
1772
1758
1736
1717
1702
1635
1607
1628
1631
1624
1604
1604
1587
1567
1543
1532
1511
1481
1479
1475
1476
1465
1459
1442
1421
1412
1404
1391
1377
1372
1367
1357
1345
1323
1298
1297
1281
1274
1260
1254
1238
1237
1245
1226
1191
1180
1165
1172
1160
1143
1138
1128
1114
1106
1075
1062
1050
1046
1019
1020
1018
996
980
963
956
954
937
818
871
911
932
935
935
921
904
889
796
703
665
701
693
711
799
840
851
867
851
841
834
847
840
835
830
820
816
810
799
787
784
798
797
803
794
797
798
816
799
793
782
806
807
808
808
818
815
817
692
750
794
833
851
864
878
873
884
904
915
929
922
928
940
946
948
944
941
951
955
984
987
1012
1036
1044
1048
1047
1043
1056
1065
1079
1103
1116
1144
1158
1163
1171
1163
1179
1175
1181
1201
1228
1246
1252
1268
1267
1270
1279
1276
1290
1319
1340
1360
1375
1406
1409
1396
1408
1425
1436
1448
1486
1506
1519
1523
1539
1549
1564
1596
1598
1630
1658
1691
1699
1703
1730
1756
1776
1798
1819
1864
1873
1881
1894
1911
1928
1944
1968
2012
2030
2065
2087
2098
2127
2154
2179
2204
2224
2245
2285
2319
2342
2363
2385
2402
2423
2448
2480
2511
2535
2558
2592
2608
2624
2655
2671
2695
2699
2712
2732
2752
2786
2802
2815
2823
2860
2867
2879
2888
2928
2945
2968
2989
2997
3015
3032
3046
3041
3076
3084
3118
3120
3129
3142
3131
3146
3158
3162
3176
3175
3180
3202
3210
3217
3224
3236
3235
3238
3235
3241
3241
3235
3239
3245
3232
3227
3240
3239
3230
3230
3237
3247
3250
3245
3258
3262
3264
3264
3279
3282
3281
3275
3288
3273
3264
3254
3265
3279
3270
3271
3260
3271
3266
3263
3271
3267
3259
3246
3239
3220
3214
3207
3193
3186
3193
3180
3162
3135
3139
3130
3127
3123
3104
3096
3087
3071
3041
3032
3033
3016
3007
3000
2975
2975
2957
2926
2925
2920
2897
2890
2877
2867
2869
2842
2846
2823
2792
2778
2750
2751
2730
2716
2683
2671
2675
2650
2637
2630
2622
2582
2576
2554
2531
2520
2500
2465
2447
2415
2390
2364
2356
2334
2319
2291
2294
2268
2236
2230
2194
2169
2145
2132
2107
2079
2075
2051
2028
1995
1980
1959
1927
1910
1899
1861
1854
1828
1810
1793
1752
1737
1727
1698
1686
1663
1644
1628
1606
1576
1560
1537
1530
1509
1491
1488
1463
1441
1416
1399
1372
1361
1340
1335
1307
1302
1271
1251
1235
1220
1214
1209
1199
1188
1171
1156
1149
1126
1106
1101
1103
1099
1097
1084
1065
1060
1041
1019
991
979
978
974
956
947
944
946
942
921
899
884
867
867
859
867
869
876
881
863
849
833
817
802
806
822
834
827
817
803
788
779
779
772
774
780
766
766
761
777
763
752
764
773
762
787
800
795
793
777
771
763
761
767
793
806
819
823
827
832
830
832
841
863
879
890
897
907
934
945
954
962
979
1008
1024
1029
1037
1046
1058
1079
1087
1113
1132
1144
1167
1190
1207
1246
1244
1255
1267
1266
1272
1297
1327
1352
1359
1384
1411
1431
1455
1469
1487
1521
1560
1574
1607
1628
1649
1663
1680
1699
1724
1746
1762
1800
1832
1860
1904
1921
1933
1958
1984
2033
2077
2091
2140
2162
2181
2206
2224
2233
2264
2302
2329
2358
2391
2412
2435
2435
2448
2481
2506
2521
2558
2585
2611
2648
2673
2702
2716
2726
2741
2776
2795
2825
2825
2826
2840
2850
2853
2860
2878
2907
2937
2964
2975
2993
2985
2998
3000
3017
3041
3070
3082
3102
3114
3137
3134
3139
3160
3152
3165
3175
3187
3210
3226
3224
3230
3238
3232
3257
3244
3253
3265
3268
3272
3276
3286
3289
3300
3292
3286
3301
3310
3308
3326
3324
3337
3341
3340
3343
3335
3335
3335
3337
3324
3323
3325
3321
3312
3304
3323
3311
3311
3321
3322
3306
3297
3260
3235
3233
3235
3237
3225
3229
3221
3199
3182
3161
3126
3102
3086
3098
3099
3086
3069
3056
3034
3008
2972
2943
2931
2913
2905
2875
2859
2852
2835
2801
2785
2758
2730
2718
2695
2677
2654
2634
2602
2577
2566
2518
2512
2494
2463
2455
2431
2401
2360
2349
2311
2286
2271
2250
2222
2192
2170
2128
2098
2085
2047
2020
1995
1984
1953
1927
1912
1879
1835
1815
1784
1752
1732
1706
1678
1657
1628
1603
1579
1553
1518
1482
1456
1431
1417
1405
1383
1376
1356
1322
1308
1284
1265
1230
1223
1202
1177
1153
1118
1111
1082
1058
1051
1031
1008
989
960
949
933
922
911
897
860
843
840
824
810
781
774
770
748
722
714
703
704
688
680
643
640
615
612
608
605
609
611
609
596
572
548
526
515
519
506
510
501
505
508
495
495
486
471
462
457
454
465
471
469
479
479
472
461
461
450
458
469
476
480
489
499
497
499
519
538
538
523
567
569
588
608
606
611
625
640
655
666
681
702
736
752
766
783
812
834
861
861
879
892
905
933
946
968
987
1003
1036
1060
1095
1128
1149
1167
1188
1220
1244
1268
1281
1326
1342
1361
1396
1423
1459
1473
1504
1517
1531
1556
1590
1611
1627
1630
1661
1681
1693
1710
1721
1761
1783
1801
1823
1860
1862
1873
1898
1920
1948
1970
1990
2026
2023
2041
2056
2071
2097
2113
2144
2176
2214
2224
2246
2259
2286
2307
2335
2352
2371
2376
2409
2420
2426
2460
2471
2502
2526
2550
2574
2591
2609
2636
2632
2648
2662
2676
2695
2697
2711
2732
2759
2784
2797
2796
2812
2813
2812
2849
2869
2881
2901
2909
2927
2924
2932
2924
2936
2953
2961
2983
2984
3004
2988
3004
3023
3022
3032
3034
3038
3048
3058
3061
3056
3063
3077
3071
3043
3049
3055
3066
3084
3092
3074
3078
3064
3065
3059
3068
3072
3071
3068
3064
3048
3049
3040
3034
3036
3054
3056
3016
3039
3051
3034
3028
3031
3038
3026
3034
3019
3000
3012
3017
3011
2993
3001
2994
3008
3012
2991
2994
2979
2966
2958
2931
2914
2919
2899
2909
2915
2930
2910
2908
2888
2870
2852
2849
2836
2825
2816
2802
2804
2792
2766
2769
2747
2740
2722
2719
2723
2715
2704
2701
2679
2671
2656
2631
2622
2619
2613
2625
2497
2510
2541
2546
2534
2531
2515
2500
2486
2486
2495
2357
2290
2310
2360
2296
2306
2344
2363
2360
2347
2336
2317
2294
2272
2255
2240
2232
2233
2225
2204
2188
2181
2149
2132
2106
2099
2068
2052
2034
2022
2016
2003
1990
1855
1886
1910
1912
1910
1896
1896
1876
1866
1846
1810
1785
1784
1776
1758
1739
1726
1697
1677
1665
1633
1623
1625
1631
1634
1619
1595
1603
1576
1550
1532
1518
1514
1512
1500
1484
1474
1463
1456
1419
1416
1401
1389
1401
1378
1377
1379
1375
1359
1337
1310
1307
1295
1285
1297
1295
1307
1288
1283
1283
1267
1259
1259
1259
1266
1260
1246
1239
1235
1244
1232
1219
1216
1220
1217
1230
1233
1225
1213
1207
1203
1213
1205
1220
1231
1249
1261
1248
1244
1250
1252
1243
1248
1255
1279
1270
1259
1275
1268
1273
1288
1276
1287
1305
1311
1333
1320
1319
1316
1315
1310
1325
1338
1347
1366
1393
1394
1421
1434
1436
1446
1464
1467
1499
1505
1521
1544
1564
1566
1569
1577
1590
1608
1626
1639
1656
1678
1692
1705
1724
1735
1756
1778
1805
1822
1836
1851
1867
1872
1882
1886
1914
1952
1967
1977
1991
1992
2008
2028
2031
2038
2073
2096
2119
2153
2179
2193
2210
2230
2229
2238
2260
2284
2303
2326
2337
2358
2374
2385
2380
2385
2405
2437
2457
2476
2497
2508
2518
2515
2527
2550
2555
2576
2595
2602
2602
2608
2601
2602
2616
2636
2637
2671
2681
2684
2690
2687
2693
2707
2713
2728
2744
2744
2732
2740
2745
2762
2780
2788
2780
2767
2764
2775
2790
2788
2809
2806
2814
2812
2808
2792
2791
2792
2800
2811
2808
2819
2809
2815
2819
2840
2848
2836
2845
2839
2840
2847
2838
2835
2825
2827
2822
2819
2836
2849
2849
2838
2824
2824
2822
2809
2828
2839
2837
2840
2828
2811
2800
2777
2777
2784
2781
2790
2784
2772
2762
2752
2740
2742
2748
2744
2741
2746
2749
2728
2723
2729
2708
2711
2700
2681
2669
2673
2674
2645
2628
2608
2630
2612
2619
2614
2614
2619
2611
2599
2595
2590
2578
2568
2555
2544
2540
2543
2534
2533
2535
2509
2495
2478
2480
2470
2474
2465
2471
2463
2468
2446
2455
2435
2425
2424
2409
2412
2406
2400
2383
2379
2360
2344
2324
2321
2316
2316
2316
2317
2306
2288
2288
2272
2249
2231
2252
2232
2229
2226
2211
2200
2187
2176
2162
2164
2159
2153
2153
2137
2122
2112
2092
2078
2063
2057
2049
2038
2034
2019
2005
1999
2001
1976
1968
1953
1932
1934
1923
1915
1920
1918
1899
1881
1854
1836
1835
1823
1827
1822
1817
1798
1792
1775
1772
1768
1763
1752
1732
1734
1714
1695
1677
1671
1674
1668
1661
1639
1617
1591
1572
1571
1550
1560
1559
1555
1545
1542
1523
1497
1484
1466
1440
1428
1412
1416
1421
1414
1397
1388
1369
1345
1335
1332
1310
1283
1269
1263
1246
1240
1246
1218
1212
1207
1186
1172
1172
1169
1153
1137
1127
1129
1121
1120
1102
1109
1108
1112
1116
1099
1096
1072
1087
1074
1073
1080
1082
1089
1074
1082
1064
1066
1063
1078
1095
1093
1107
1105
1103
1106
1093
1077
1089
1087
1091
1090
1116
1130
1146
1150
1153
1142
1147
1157
1151
1148
1164
1183
1191
1198
1211
1206
1216
1214
1231
1252
1269
1279
1288
1301
1332
1331
1350
1348
1353
1383
1411
1398
1415
1419
1425
1443
1460
1474
1493
1504
1535
1529
1542
1548
1556
1567
1579
1599
1610
1612
1628
1645
1663
1680
1686
1686
1704
1735
1751
1765
1774
1801
1819
1820
1832
1822
1843
1859
1875
1883
1899
1932
1944
1956
1958
1984
1999
2028
2040
2055
2076
2087
2087
2096
2100
2112
2136
2140
2136
2158
2179
2179
2190
2209
2227
2231
2240
2259
2252
2268
2289
2289
2295
2297
2315
2320
2340
2357
2371
2380
2371
2395
2401
2395
2408
2418
2428
2435
2441
2457
2454
2454
2443
2451
2476
2465
2471
2475
2478
2502
2513
2499
2515
2511
2512
2496
2499
2505
2517
2513
2529
2524
2518
2516
2503
2498
2510
2519
2512
2515
2510
2521
2507
2510
2499
2508
2496
2496
2492
2499
2491
2504
2502
2472
2458
2461
2453
2428
2433
2429
2436
2428
2425
2416
2397
2402
2380
2383
2376
2379
2368
2360
2337
2349
2359
2350
2334
2328
2326
2310
2297
2290
2302
2296
2303
2279
2268
2266
2248
2246
2249
2225
2232
2219
2219
2222
2197
2200
2204
2184
2167
2169
2169
2179
2161
2152
2148
2140
2157
2151
2140
2125
2119
2117
2109
2096
2107
2091
2086
2070
2081
2070
2067
2052
2047
2048
2052
2062
2055
2031
2027
2023
2018
2015
2016
2008
1999
1996
1982
1964
1951
1953
1953
1937
1939
1939
1937
1934
1924
1910
1920
1900
1896
1879
1861
1873
1862
1844
1829
1835
1801
1811
1810
1817
1811
1804
1799
1783
1773
1766
1760
1757
1760
1745
1737
1723
1720
1730
1744
1730
1729
1714
1709
1720
1705
1709
1709
1718
1700
1716
1726
1712
1708
1705
1692
1683
1685
1676
1688
1692
1685
1693
1697
1695
1722
1735
1722
1729
1716
1720
1720
1716
1731
1734
1735
1727
1735
1729
1726
1746
1745
1743
1756
1765
1759
1750
1747
1752
1752
1752
1762
1775
1766
1763
1775
1771
1790
1787
1782
1784
1776
1769
1777
1785
1800
1796
1796
1783
1785
1787
1794
1807
1801
1806
1798
1813
1806
1808
1822
1833
1831
1844
1860
1842
1850
1846
1858
1854
1852
1860
1875
1871
1884
1867
1866
1883
1888
1888
1875
1880
1879
1887
1906
1914
1915
1923
1939
1932
1945
1952
1945
1948
1958
1955
1961
1974
1975
1974
1981
1943
1972
1997
1985
2008
2015
1973
1972
1946
2024
2061
2076
2075
2094
2082
2081
2078
2093
2104
2113
2117
2118
2124
2124
2126
2127
2115
2121
2006
2006
2079
2124
2158
2164
2172
2164
2144
2150
2151
2164
2162
2172
2175
2169
2172
2171
2163
2168
2168
2175
2168
2067
2127
2160
2176
2184
2188
2186
2199
2204
2187
2104
2035
2031
2116
2079
2129
2204
2231
2224
2213
2208
2218
2226
2227
2228
2238
2238
2241
2246
2226
2232
2232
2233
2236
2227
2247
2228
2223
2232
2228
2239
2220
2211
2230
2245
2246
2260
2252
2239
2242
2246
2230
2237
2103
2158
2204
2228
2231
2248
2245
2232
2234
2216
2233
2234
2227
2226
2233
2215
2205
2206
2227
2235
2253
2243
2241
2243
2234
2241
2235
2223
2232
2241
2243
2234
2231
2235
2217
2218
2207
2190
2199
2205
2189
2191
2181
2184
2175
2190
2175
2176
2179
2188
2192
2183
2187
2169
2163
2162
2163
2171
2166
2167
2169
2159
2156
2150
2147
2154
2139
2160
2156
2144
2151
2146
2131
2125
2115
2127
2124
2119
2121
2130
2131
2120
2126
2110
2110
2096
2105
2115
2113
2107
2122
2102
2121
2117
2111
2105
2095
2095
2086
2086
2096
2098
2078
2068
2072
2085
2084
2091
2097
2091
2083
2084
2083
2082
2087
2081
2073
2072
2064
2065
2056
2072
2066
2044
2043
2044
2040
2046
2029
2038
2046
2034
2020
2018
2008
2008
2019
2028
2044
2045
2037
2014
2017
2008
2006
