1916
1915
1919
1934
1952
1971
1969
1971
1963
1969
1970
1856
1896
1925
1937
1939
1947
1957
1939
1894
1876
1798
1712
1738
1800
1969
2044
1816
1673
1587
1484
1454
1515
1650
1816
1926
1969
1945
1910
1936
2018
2198
2427
2677
2897
3041
3099
3109
3089
3121
3195
3318
3456
3564
3645
3685
3699
3730
3764
3801
3836
3865
3889
3853
3787
3718
3674
3681
3704
3726
3694
3587
3452
3334
3219
3137
3084
3046
3024
3006
2969
2943
2933
2928
2961
3000
3055
3093
3154
3184
3215
3255
3345
3420
3502
3531
3551
3531
3504
3491
3510
3543
3572
3592
3568
3497
3392
3274
3171
3105
3059
3043
3041
3014
2961
2854
2715
2545
2385
2275
2190
2170
2155
2132
2057
1943
1799
1675
1569
1503
1466
1481
1522
1558
1576
1483
1523
1544
1530
1536
1542
1584
1627
1711
1779
1842
1908
1961
2027
2079
2149
2226
2307
2366
2403
2412
2383
2351
2319
2277
2275
2274
2246
2217
2141
2072
1994
1934
1901
1917
1951
1986
2014
2052
2062
2072
2097
2134
2149
2151
2156
2137
2112
2071
2026
1984
1944
1911
1916
1923
1923
1924
1916
1916
1911
1910
1897
1895
1888
1852
1809
1740
1666
1576
1489
1415
1332
1263
1167
1059
951
819
701
595
508
455
408
369
347
335
318
315
296
312
310
324
320
316
280
247
198
175
160
152
149
137
131
127
120
116
114
112
111
110
110
110
106
105
103
100
100
97
96
95
93
91
90
89
86
84
82
81
79
78
77
75
75
74
73
72
71
70
70
69
68
69
69
70
70
70
70
70
71
71
71
72
72
73
72
72
72
71
71
71
70
70
70
70
69
69
69
69
69
70
70
70
71
71
71
71
72
73
74
75
76
77
79
79
81
82
83
83
85
86
88
90
90
91
92
93
92
94
93
95
96
98
99
100
100
101
103
105
107
112
116
123
126
133
146
156
177
229
271
385
497
615
702
787
871
934
1018
1106
1206
1297
1369
1476
1566
1659
1763
1837
1915
2008
2109
2215
2328
2453
2561
2693
2803
2915
3009
3106
3200
3304
3390
3475
3569
3664
3732
3813
3888
3946
4031
4093
4095
4095
4094
4094
4094
4095
4094
4094
4094
4095
4094
4094
4094
4094
4094
4094
4095
4095
4094
4094
4095
4094
4094
4094
4094
4094
4094
4094
4094
4094
4094
4094
4094
4094
4094
4094
4094
4094
4094
4094
4094
4094
4094
4094
4094
4095
4094
4094
4094
4094
4094
4094
4094
4094
4094
4095
4094
4095
4094
4094
4094
4094
4094
4094
4094
4094
4095
4094
4094
4094
4094
4094
4094
4095
4094
4095
4095
4094
4094
4094
4094
4094
4095
4094
4094
4094
4094
4094
4094
4094
4094
4095
4094
4094
4094
4094
4094
4094
4094
4094
4094
4094
4095
4095
4094
4094
4094
4094
4095
4094
4094
4094
4095
4094
4094
4094
4095
4094
4095
4095
4094
4094
4094
4094
4094
4094
4094
4094
4094
4094
4094
4094
4094
4094
4095
4094
4094
4094
4094
4094
4094
4095
4094
4094
4095
4094
4094
4094
4094
4011
3833
3692
3582
3484
3384
3284
3197
3089
2966
2832
2729
2611
2510
2408
2319
2242
2143
2047
1944
1840
1741
1648
1562
1470
1379
1305
1228
1124
1039
952
856
792
720
676
625
606
568
525
470
419
371
324
279
240
199
180
168
156
150
143
135
131
128
127
121
118
116
112
111
112
110
109
106
106
103
102
101
100
98
98
96
96
96
95
94
93
92
90
90
89
88
86
86
85
85
84
83
83
83
82
81
82
82
81
81
81
81
81
81
81
81
81
81
82
81
81
81
81
81
81
81
81
80
80
81
80
80
81
82
82
82
82
83
83
83
85
85
86
87
88
88
89
90
90
92
92
93
94
95
97
97
99
101
102
104
107
111
113
117
124
127
134
145
157
172
200
248
313
396
484
559
652
738
816
910
1001
1082
1169
1240
1327
1388
1470
1536
1608
1675
1740
1808
1880
1927
1972
2016
2071
2135
2183
2230
2291
2328
2391
2421
2459
2498
2524
2576
2604
2649
2686
2727
2763
2790
2808
2857
2894
2955
3011
3055
3106
3140
3183
3240
3280
3318
3381
3428
3482
3544
3612
3719
3770
3828
3903
4001
4092
4095
4094
4095
4094
4095
4094
4095
4094
4094
4094
4094
4094
4094
4094
4094
4094
4095
4094
4095
4094
4094
4094
4095
4094
4094
4094
4094
4094
4094
4094
4094
4094
4094
4094
4094
4094
4094
4094
4094
4094
4094
4094
4094
4094
4094
4094
4095
4095
4095
4094
4094
4094
4095
4094
4095
4094
4095
4094
4094
4094
4094
4094
4094
4094
4094
4095
4094
4094
4094
4094
4095
4094
4094
4094
4095
4094
4095
4094
4094
4094
4094
4095
4094
4094
4094
4095
4095
4094
4094
4094
4094
4095
4094
4094
4094
4094
4094
4094
4094
4094
4094
4094
4094
4095
4094
4094
4094
4094
4094
4094
4094
4094
4094
4094
4094
4094
4094
4095
4094
4095
4095
4094
4094
4094
4094
4094
4052
3873
3738
3455
3273
3125
3086
3137
2992
2837
2893
2898
2849
2780
2681
2613
2537
2470
2409
2361
2275
2217
2144
2064
1961
1882
1799
1716
1628
1547
1449
1347
1252
1161
1059
964
878
777
678
583
476
378
275
193
202
140
140
129
125
124
118
115
111
108
106
103
102
101
99
98
97
95
94
92
91
90
89
88
88
88
86
84
83
83
82
81
80
80
79
79
77
77
76
75
74
74
74
73
73
72
72
71
71
70
70
69
69
68
67
68
67
67
66
66
66
65
66
65
65
65
64
64
64
64
64
64
64
64
63
63
63
63
63
63
63
63
63
63
63
62
63
62
62
62
62
62
62
62
62
63
62
63
63
62
63
63
63
63
63
63
64
64
64
64
65
65
65
66
66
67
67
67
68
68
69
70
70
71
71
72
72
72
72
73
73
75
75
76
76
77
78
79
79
80
81
82
83
84
87
88
91
92
94
95
97
99
101
105
108
114
120
124
131
139
153
167
213
296
396
524
631
740
833
929
1039
1160
1268
1387
1479
1581
1665
1757
1848
1920
2002
2099
2183
2270
2372
2444
2515
2577
2660
2728
2807
2895
2987
3079
3168
3225
3313
3361
3441
3505
3556
3612
3679
3762
3820
3874
3924
3977
4021
4092
4094
4094
4095
4094
4095
4094
4094
4094
4094
4094
4094
4094
4094
4094
4095
4094
4094
4094
4094
4094
4094
4094
4094
4094
4094
4094
4095
4094
4094
4095
4094
4094
4094
4094
4094
4094
4094
4094
4094
4095
4094
4094
4094
4094
4094
4094
4094
4095
4095
4094
4094
4094
4094
4094
4094
4094
4094
4094
4094
4094
4094
4095
4095
4094
4094
4095
4094
4094
4094
4094
4094
4094
4094
4094
4094
4094
4095
4094
4094
4094
4095
4094
4095
4094
4094
4094
4094
4094
4094
4095
4094
4092
3992
3896
3835
3774
3736
3692
3662
3615
3557
3512
3444
3407
3350
3309
3244
3200
3143
3080
3017
2955
2884
2827
2765
2686
2629
2569
2504
2442
2372
2298
2237
2183
2104
2046
1984
1916
1849
1790
1735
1666
1598
1535
1489
1422
1366
1298
1224
1166
1084
1014
939
859
797
720
688
618
570
516
465
403
350
306
264
246
231
210
193
185
174
165
158
154
153
148
142
140
139
134
131
128
128
125
123
120
120
120
118
116
117
114
114
113
112
112
112
111
111
109
110
109
109
108
107
108
107
106
105
107
105
104
106
104
103
103
103
103
104
104
104
103
103
104
103
103
103
104
103
106
104
106
104
105
105
104
107
106
105
106
107
106
106
105
107
107
107
107
108
107
107
105
106
108
108
107
110
111
111
114
114
115
115
118
120
123
127
128
131
131
137
142
147
159
160
179
198
219
256
290
330
385
449
499
574
637
720
795
871
938
1009
1069
1131
1196
1279
1363
1462
1557
1646
1729
1796
1853
1930
2005
2076
2151
2230
2292
2364
2436
2512
2584
2627
2710
2768
2846
2915
2990
3054
3114
3183
3251
3307
3375
3423
3497
3560
3633
3701
3757
3811
3885
3959
4030
4092
4095
4095
4094
4095
4094
4094
4094
4094
4094
4094
4094
4094
4094
4094
4094
4094
4094
4094
4094
4094
4094
4094
4094
4094
4094
4094
4094
4094
4094
4094
4094
4095
4094
4094
4094
4094
4094
4094
4095
4095
4094
4094
4094
4094
4094
4094
4094
4095
4094
4094
4094
4094
4094
4095
4094
4094
4094
4094
4094
4094
4094
4094
4094
4094
4094
4094
4094
4094
4094
4094
4094
4094
4094
4095
4094
4094
4094
4094
4095
4094
4094
4094
4094
4094
4094
4094
4094
4094
4094
4094
4094
4094
4095
4094
4094
4094
4094
4094
4094
4094
4094
4094
4094
4094
4094
4094
4095
4094
4094
4094
4094
4094
4094
4094
4095
4094
4095
4094
4095
4094
4094
4094
4094
4094
4094
4095
4094
4094
4094
4094
4094
4094
4094
4094
4094
4095
4094
4093
3964
3848
3765
3687
3604
3527
3462
3391
3316
3249
3179
3128
3064
3008
2942
2876
2821
2758
2681
2623
2560
2483
2415
2368
2307
2260
2208
2137
2068
1997
1932
1879
1816
1763
1712
1651
1608
1537
1472
1415
1351
1290
1208
1150
1099
1047
1005
941
883
805
744
682
633
589
532
476
422
372
318
271
226
190
182
166
161
149
146
139
134
130
131
127
126
121
119
120
115
112
111
111
109
106
105
105
104
103
102
101
99
98
98
96
97
97
96
94
95
93
93
92
92
92
90
90
91
90
89
89
89
88
88
89
88
88
89
88
89
88
88
88
89
88
88
88
89
88
89
89
89
89
89
90
90
89
90
90
91
92
91
92
92
93
94
95
96
94
94
96
97
97
99
99
100
103
105
104
104
107
107
108
110
112
115
115
116
120
120
124
127
129
133
137
141
140
151
151
157
172
180
185
209
237
273
316
358
414
466
514
555
594
646
693
744
801
850
929
968
1038
1083
1140
1189
1238
1284
1344
1392
1436
1487
1553
1622
1667
1725
1783
1824
1865
1928
1982
2019
2091
2141
2216
2278
2308
2319
2347
2411
2484
2559
2627
2693
2764
2819
2851
2904
2944
2979
3015
3073
3141
3212
3262
3333
3380
3426
3447
3480
3507
3547
3596
3664
3715
3740
3783
3823
3857
3896
3939
3968
4002
4048
4093
4094
4094
4094
4094
4095
4094
4094
4094
4094
4094
4094
4094
4094
4094
4094
4094
4094
4094
4095
4094
4094
4095
4094
4094
4094
4089
4093
4094
4094
4094
4094
4095
4094
4094
4094
4094
4095
4092
4094
4095
4094
4094
4094
4094
4094
4094
4094
4095
4094
4094
4094
4094
4094
4094
4094
4095
4094
4094
4094
4095
4094
4094
4094
4094
4094
4094
4093
4059
3959
3892
3839
3798
3745
3700
3666
3479
3470
3454
3489
3496
3464
3429
3388
3356
3337
3307
3279
3247
3198
3152
3112
3067
3041
3008
2976
2947
2910
2864
2829
2809
2772
2732
2687
2630
2582
2534
2489
2451
2412
2378
2339
2291
2240
2189
2156
2119
2062
2012
1958
1929
1880
1844
1806
1749
1692
1654
1599
1554
1498
1447
1409
1361
1326
1294
1265
1223
1163
1141
1092
1043
1003
963
938
913
880
867
835
804
765
720
671
620
578
556
528
483
457
422
391
362
309
260
212
199
192
179
168
166
160
154
150
143
139
136
136
136
134
132
135
130
129
129
126
122
123
121
123
123
123
123
121
122
122
124
120
120
120
123
121
121
121
124
124
121
122
123
124
122
122
124
124
125
124
127
126
126
124
127
126
125
126
129
129
131
137
137
138
135
137
138
138
142
144
144
148
159
163
161
164
174
176
190
192
201
215
230
278
298
313
339
360
397
424
454
455
470
498
534
549
581
599
632
676
701
730
762
777
805
840
864
903
926
945
983
1013
1059
1093
1125
1144
1190
1235
1286
1319
1361
1392
1424
1459
1481
1519
1554
1600
1641
1687
1746
1798
1848
1894
1898
1934
1971
1985
2001
2024
2074
2103
2144
2165
2190
2218
2264
2287
2309
2331
2376
2396
2432
2468
2495
2527
2583
2616
2632
2643
2644
2691
2723
2754
2800
2848
2890
2930
2952
2976
2994
3007
3027
3072
3095
3122
3139
3150
3180
3204
3241
3267
3292
3311
3328
3350
3369
3385
3412
3422
3449
3475
3494
3517
3524
3548
3552
3566
3571
3598
3599
3602
3618
3629
3649
3660
3670
3676
3693
3707
3712
3729
3743
3740
3747
3750
3731
3732
3747
3757
3772
3766
3788
3772
3774
3758
3735
3727
3714
3711
3714
3698
3695
3699
3696
3698
3679
3631
3612
3614
3586
3576
3557
3536
3520
3513
3492
3467
3449
3427
3407
3385
3373
3357
3340
3315
3299
3275
3279
3272
3262
3251
3232
3212
3196
3170
3153
3142
3119
3092
3068
3041
3024
2982
2967
2947
2904
2888
2868
2851
2809
2792
2774
2742
2721
2711
2675
2643
2609
2588
2571
2536
2528
2500
2463
2457
2430
2391
2364
2334
2310
2298
2286
2292
2268
2261
2237
2219
2196
2187
2155
2147
2148
2138
2117
2095
2092
2058
2050
2037
2016
1983
1951
1928
1895
1869
1849
1823
1806
1790
1762
1750
1742
1709
1676
1640
1629
1603
1594
1580
1576
1560
1538
1536
1516
1488
1469
1447
1445
1437
1448
1437
1415
1404
1370
1356
1336
1316
1316
1313
1303
1302
1283
1274
1284
1259
1244
1223
1200
1212
1192
1201
1202
1191
1174
1166
1150
1139
1119
1123
1120
1114
1122
1124
1135
1127
1123
1102
1104
1095
1088
1080
1100
1096
1089
1081
1082
1085
1085
1095
1100
1100
1111
1125
1133
1116
1130
1112
1113
1121
1135
1135
1129
1154
1143
1123
1132
1132
1132
1143
1151
1151
1150
1165
1145
1155
1170
1174
1189
1196
1202
1225
1247
1260
1279
1283
1287
1290
1305
1315
1331
1348
1371
1394
1418
1443
1446
1456
1471
1478
1496
1509
1526
1556
1586
1600
1604
1630
1648
1672
1688
1715
1725
1737
1753
1767
1784
1791
1817
1833
1824
1824
1835
1850
1860
1883
1918
1925
1931
1944
1951
1963
1984
2000
2006
2005
2030
2024
2049
2070
2087
2108
2129
2136
2147
2151
2154
2163
2159
2159
2161
2153
2174
2189
2184
2190
2188
2186
2185
2188
2196
2188
2186
2196
2209
2231
2231
2226
2215
2225
2227
2225
2235
2215
2230
2232
2232
2229
2239
2232
2232
2248
2246
2255
2276
2284
2282
2294
2304
2312
2323
2325
2338
2342
2341
2324
2341
2339
2343
2346
2332
2348
2353
2372
2390
2397
2388
2390
2393
2377
2385
2396
2409
2425
2432
2443
2433
2444
2465
2463
2471
2476
2507
2512
2529
2524
2512
2504
2502
2492
2510
2520
2528
2538
2537
2532
2534
2537
2530
2532
2539
2540
2535
2547
2558
2562
2559
2555
2546
2542
2525
2529
2550
2564
2557
2533
2520
2511
2499
2504
2498
2515
2513
2519
2517
2489
2474
2472
2444
2442
2432
2431
2423
2420
2409
2396
2394
2372
2363
2362
2341
2343
2336
2319
2300
2284
2257
2232
2228
2212
2215
2222
2199
2198
2194
2182
2159
2168
2152
2152
2147
2148
2132
2126
2121
2113
2108
2102
2092
2085
2064
2055
2039
2031
2026
2022
2014
2001
2017
2000
1995
1990
1998
1994
1974
1951
1961
1945
1932
1926
1912
1909
1917
1904
1902
1902
1894
1905
1894
1888
1904
1905
1923
1926
1932
1927
1918
1918
1920
1917
1918
1910
1907
1893
1880
1888
1878
1846
1840
1838
1823
1827
1827
1836
1846
1854
1849
1845
1828
1824
1810
1792
1799
1821
1841
1830
1831
1836
1823
1812
1799
1822
1809
1811
1803
1784
1772
1760
1767
1744
1736
1752
1758
1758
1761
1757
1744
1741
1740
1742
1739
1742
1732
1733
1748
1760
1734
1743
1742
1752
1753
1761
1775
1773
1769
1760
1769
1772
1779
1799
1800
1820
1829
1843
1848
1838
1821
1831
1836
1846
1833
1856
1871
1891
1875
1865
1863
1861
1863
1861
1864
1884
1885
1922
1906
1895
1889
1876
1859
1857
1881
1905
1898
1916
1936
1928
1922
1907
1907
1908
1868
1880
1910
1933
1935
1935
1939
1927
1931
1929
1935
1945
1953
1953
1933
1938
1941
1942
1944
1962
1978
1975
1991
1980
1964
1944
1944
1932
1929
1945
1958
1980
1992
2008
2018
2003
1998
1993
2003
2012
2021
2038
2040
2050
2061
2058
2060
2055
2049
2067
2080
2078
2087
2110
2078
2026
2069
2108
2110
2131
2145
2129
2148
2074
1992
1955
2032
2125
2051
2047
2119
2077
2055
2138
2199
2210
2228
2216
2216
2208
2226
2240
2247
2251
2268
2264
2260
2247
2247
2270
2266
2284
2292
2291
2288
2302
2288
2272
2276
2279
2284
2298
2291
2313
2318
2300
2304
2295
2300
2299
2196
2252
2301
2324
2333
2343
2343
2337
2323
2313
2323
2328
2323
2328
2332
2312
2287
2285
2297
2299
2302
2283
2295
2299
2294
2312
2300
2303
2302
2293
2296
2306
2286
2305
2306
2302
2300
2299
2292
2270
2275
2286
2281
2263
2261
2256
2257
2237
2225
2211
2211
2200
2182
2182
2179
2146
2137
2126
2112
2108
2102
2104
2096
2094
2108
2075
2056
2049
2039
2034
2040
2039
2044
2028
2028
1999
2001
1968
1970
1970
1971
1976
1979
1956
1937
1936
1913
1897
1902
1892
1877
1873
1875
1862
1846
1841
1835
1822
1823
1812
1816
1816
1830
1811
1797
1809
1812
1809
1804
1792
1800
1792
1782
1774
1763
1760
1761
1753
1758
1747
1752
1761
1764
1776
1771
1742
1743
1752
1743
1740
1757
1760
1779
1764
1760
1753
1743
1728
1737
1746
1777
1771
1775
1762
1753
1760
1755
1744
1743
1759
1767
1769
1790
1790
1796
1803
1805
1796
1799
1816
1828
1833
1843
1851
1843
1848
1846
1855
1840
1841
1860
1866
1881
1873
1882
1885
1882
1873
1882
1902
1899
1900
1924
1894
1892
1907
1907
1907
1915
1916
1911
1940
1924
1924
1926
1928
1914
1922
1932
1935
1948
1957
1950
1942
1939
1940
1946
1942
1927
1907
1921
1931
1952
1944
1944
1932
1932
1924
1900
1900
1907
1900
1935
1925
1916
1901
1886
1897
1891
1880
1867
1885
1880
1881
1881
1868
1868
1849
1865
1858
1861
1859
1862
1859
1854
1847
1823
1835
1831
1839
1834
1840
1843
1845
1837
1824
1834
1821
1836
1839
1852
1851
1869
1868
1878
1868
1880
1873
1883
1885
1894
1899
1897
1899
1904
1892
1888
1902
1900
1903
1898
1920
1928
1939
1948
1935
1951
1938
1934
1936
1955
1950
1959
1973
1987
1988
1999
1998
1993
1992
2006
2007
2019
2017
2016
2009
2024
2024
2012
2029
2055
2054
2072
2088
2082
2058
2066
2048
2056
2060
2055
2073
2096
2096
2096
2099
2087
2079
2081
2070
2092
2097
2100
2112
2115
2101
2093
2077
