2035
2016
2024
2035
2025
2028
2015
2015
2022
2016
2014
2016
2022
2015
2022
2016
1995
1995
1996
1975
1968
1976
1978
1969
1962
1961
1968
1963
1943
1929
1924
1914
1903
1919
1907
1916
1913
1916
1905
1907
1899
1891
1901
1908
1896
1893
1880
1888
1888
1884
1887
1884
1881
1888
1898
1871
1863
1860
1861
1857
1868
1860
1862
1869
1877
1873
1886
1873
1873
1875
1867
1865
1874
1875
1884
1868
1885
1876
1876
1881
1874
1889
1894
1897
1897
1895
1892
1888
1886
1905
1896
1916
1919
1911
1902
1916
1899
1902
1910
1915
1910
1914
1916
1909
1912
1904
1895
1915
1923
1920
1925
1913
1911
1903
1903
1902
1887
1892
1901
1917
1910
1907
1923
1906
1906
1893
1887
1912
1900
1899
1913
1924
1927
1926
1923
1907
1902
1908
1896
1905
1908
1916
1905
1898
1895
1883
1891
1904
1895
1895
1899
1905
1900
1898
1911
1907
1896
1905
1888
1905
1903
1912
1917
1925
1910
1906
1908
1932
1919
1916
1931
1935
1931
1923
1913
1904
1909
1919
1924
1938
1945
1946
1957
1953
1955
1946
1960
1950
1967
1963
1958
1963
1984
1971
1979
1971
1963
1964
1956
1962
1961
1967
1962
1967
1965
1966
1946
1940
1941
1962
1966
1972
1961
1970
1960
1943
1944
1949
1946
1948
1947
1951
1953
1964
1968
1958
1957
1950
1951
1949
1944
1935
1939
1931
1917
1922
1931
1942
1946
1952
1957
1964
1947
1929
1928
1929
1933
1927
1928
1933
1928
1939
1928
1929
1900
1891
1893
1899
1916
1915
1927
1932
1934
1921
1906
1904
1916
1916
1927
1951
1944
1945
1930
1933
1941
1935
1939
1948
1974
1969
1965
1953
1972
1984
1973
1973
1968
1996
1994
1999
2008
2005
2010
2006
2018
2020
2014
2016
2048
2036
2048
2050
2059
2057
2052
2048
2063
2051
2051
2055
2050
2062
2064
2064
2055
2046
2065
2066
2063
2078
2064
2064
2058
2055
2068
2075
2066
2062
2065
2069
2071
2084
2081
2073
2093
2095
2095
2096
2097
2108
2105
2113
2114
2118
2110
2110
2126
2103
2104
2107
2102
2108
2109
2112
2116
2118
2103
2110
2093
2087
2096
2106
2124
2123
2120
2114
2119
2108
2120
2126
2127
2141
2140
2136
2149
2165
2159
2156
2146
2144
2137
2138
2129
2128
2148
2153
2164
2173
2154
2147
2143
2147
2143
2142
2152
2150
2142
2169
2160
2180
2188
2195
2188
2195
2195
2187
2172
2177
2168
2174
2168
2179
2177
2182
2179
2163
2158
2148
2153
2151
2147
2141
2148
2156
2146
2147
2135
2112
2111
2118
2128
2131
2130
2130
2137
2142
2121
2116
2113
2119
2122
2102
2103
2103
2107
2116
2108
2108
2100
2087
2083
2091
2087
2094
2096
2094
2097
2087
2088
2081
2099
2108
2110
2039
2057
2071
2067
2064
2064
2049
2058
2063
2064
2082
2071
2074
2067
2058
2060
2063
2056
2054
2052
2059
2052
2032
2043
2046
2053
2067
2057
2060
2060
2048
2037
2047
2049
2048
2042
2063
2060
2059
2061
2061
2052
2052
2058
2055
2055
2033
2040
2034
2039
2033
2035
2032
2024
2025
2016
2025
2028
2012
2013
1994
1987
1984
1960
1948
1965
1846
1874
1934
1950
1959
1971
1979
1955
1941
1953
1845
1768
1741
1826
1889
1784
1838
1905
1934
1864
1840
1891
1934
1948
1966
1957
1964
1958
1966
1962
1985
1985
1974
1975
1962
1958
1940
1936
1948
1948
1950
1944
1951
1952
1947
1938
1947
1944
1930
1955
1947
1851
1888
1906
1933
1947
1937
1950
1944
1952
1950
1939
1951
1952
1952
1963
1960
1959
1953
1952
1959
1963
1956
1952
1955
1958
1951
1950
1932
1940
1932
1932
1943
1948
1952
1963
1967
1956
1950
1941
1936
1922
1933
1949
1932
1939
1937
1935
1936
1931
1934
1944
1956
1959
1971
1960
1968
1975
1967
1973
1984
1968
1971
1956
1976
1980
1986
1993
1984
1992
1998
1997
2000
1989
1984
1982
1998
1994
2009
2004
2010
2007
2015
2005
2028
2037
2048
2045
2060
2052
2072
2080
2080
2089
2088
2090
2108
2100
2103
2101
2089
2094
2109
2099
2113
2112
2104
2109
2104
2128
2136
2134
2137
2137
2137
2126
2132
2140
2137
2137
2144
2162
2153
2148
2160
2172
2168
2176
2172
2177
2174
2187
2178
2196
2173
2178
2187
2179
2185
2186
2176
2178
2168
2171
2177
2171
2182
2182
2178
2168
2165
2174
2175
2186
2195
2186
2187
2189
2166
2163
2175
2168
2150
2157
2174
2170
2185
2184
2179
2190
2195
2204
2212
2209
2211
2214
2199
2180
2184
2181
2186
2191
2181
2183
2182
2188
2198
2191
2200
2200
2192
2203
2204
2209
2212
2199
2197
2192
2185
2176
2167
2164
2165
2152
2140
2155
2160
2160
2149
2152
2139
2137
2132
2137
2129
2122
2105
2127
2120
2102
2095
2074
2073
2052
2066
2055
2063
2074
2067
2064
2054
2047
2050
2032
2027
2037
2019
2016
2019
2016
2001
1991
1983
1974
1976
1963
1967
1959
1968
1959
1959
1958
1967
1962
1963
1952
1949
1946
1925
1929
1923
1924
1938
1943
1938
1928
1936
1923
1932
1927
1932
1936
1932
1921
1913
1906
1915
1924
1908
1911
1899
1899
1905
1901
1891
1892
1902
1912
1923
1914
1896
1903
1896
1898
1874
1875
1877
1883
1879
1876
1868
1857
1857
1852
1861
1871
1868
1869
1869
1846
1838
1832
1840
1841
1852
1854
1862
1855
1848
1844
1830
1830
1830
1836
1827
1831
1859
1868
1865
1851
1837
1845
1829
1836
1847
1848
1844
1840
1833
1831
1830
1805
1807
1825
1842
1849
1845
1848
1842
1838
1829
1828
1843
1848
1840
1849
1845
1851
1860
1850
1843
1844
1843
1843
1859
1863
1875
1883
1865
1870
1877
1882
1871
1889
1906
1906
1896
1904
1906
1908
1904
1916
1919
1938
1946
1944
1951
1951
1948
1944
1933
1948
1945
1968
1979
1973
1968
1964
1974
1975
1976
1982
1979
1972
1976
1974
1980
1975
1968
1966
1964
1947
1951
1978
1980
1984
1980
1987
1974
1980
1964
1947
1963
1971
1984
1998
1998
2001
2004
1996
1975
1968
1975
1993
2006
2054
2076
2073
2029
1939
1863
1789
1750
1722
1702
1672
1649
1615
1590
1554
1551
1586
1687
1794
1911
2047
2154
2251
2345
2465
2550
2668
2760
2876
2955
3004
3040
3057
3047
3031
3002
2992
2951
2937
2924
2918
2896
2868
2847
2813
2802
2795
2811
2847
2884
2896
2909
2908
2904
2901
2901
2875
2878
2863
2835
2798
2771
2731
2703
2684
2667
2654
2641
2603
2567
2500
2445
2398
2365
2345
2321
2286
2224
2174
2147
2117
2060
1998
1940
1889
1832
1768
1737
1699
1668
1601
1536
1486
1438
1401
1392
1395
1376
1335
1290
1268
1251
1246
1264
1288
1294
1311
1313
1299
1295
1285
1280
1312
1323
1336
1359
1348
1342
1317
1305
1307
1319
1346
1376
1408
1440
1471
1497
1525
1559
1608
1645
1696
1743
1822
1894
1947
1982
2030
2065
2090
2109
2131
2172
2192
2199
2220
2223
2241
2240
2240
2236
2258
2261
2294
2332
2370
2374
2378
2375
2372
2389
2407
2411
2429
2424
2416
2405
2387
2366
2368
2345
2326
2329
2331
2340
2343
2338
2331
2331
2320
2320
2323
2295
2319
2355
2361
2380
2384
2388
2366
2373
2361
2351
2330
2322
2313
2305
2282
2257
2213
2197
2159
2153
2133
2129
2126
2121
2083
2088
2076
2068
2063
2080
2082
2080
2112
2117
2116
2100
2101
2094
2108
2118
2136
2154
2172
2165
2178
2191
2201
2189
2195
2213
2215
2236
2247
2255
2265
2239
2239
2241
2273
2303
2331
2331
2335
2361
2362
2396
2415
2441
2465
2494
2532
2541
2567
2580
2590
2591
2586
2587
2583
2583
2560
2541
2523
2508
2478
2459
2437
2428
2399
2379
2364
2340
2312
2300
2255
2241
2206
2166
2153
2124
2110
2080
2074
2060
2016
1987
1966
1951
1930
1934
1945
1951
1950
1968
1964
1951
1948
1950
1939
1944
1930
1906
1875
1857
1846
1809
1757
1717
1699
1658
1628
1596
1565
1523
1482
1430
1374
1288
1235
1198
1149
1100
1052
1012
979
931
886
861
840
812
789
782
779
755
773
760
759
745
749
748
753
763
763
760
763
751
742
740
755
763
763
760
754
757
757
742
723
726
713
719
720
706
709
703
719
723
707
720
721
737
728
735
729
731
707
709
709
706
703
722
742
740
737
723
722
735
747
752
767
812
832
855
878
883
889
903
913
944
987
1014
1048
1079
1093
1111
1136
1157
1172
1198
1229
1260
1272
1304
1309
1308
1298
1321
1331
1344
1372
1376
1390
1384
1395
1399
1419
1432
1441
1449
1467
1490
1515
1528
1520
1528
1548
1542
1553
1579
1616
1637
1643
1668
1671
1698
1740
1791
1812
1865
1905
1941
1986
2012
2047
2073
2099
2119
2141
2160
2179
2228
2238
2249
2247
2259
2279
2298
2312
2334
2279
2324
2347
2381
2383
2401
2440
2459
2469
2472
2491
2514
2536
2552
2588
2599
2628
2665
2686
2698
2715
2738
2754
2751
2781
2796
2802
2819
2837
2857
2872
2887
2904
2923
2953
2976
2991
3027
3064
3116
3148
3169
3201
3250
3283
3313
3344
3375
3411
3440
3480
3524
3548
3587
3596
3596
3566
3635
3669
3690
3706
3704
3716
3736
3738
3620
3560
3532
3655
3630
3628
3699
3740
3746
3756
3772
3772
3787
3791
3788
3784
3804
3811
3804
3804
3820
3806
3799
3814
3815
3826
3830
3839
3846
3865
3865
3880
3866
3873
3738
3791
3839
3852
3840
3855
3855
3840
3844
3847
3825
3793
3795
3788
3781
3780
3769
3767
3764
3751
3744
3718
3704
3679
3650
3640
3627
3616
3587
3565
3555
3535
3504
3480
3480
3467
3439
3412
3382
3333
3311
3263
3232
3199
3158
3113
3082
3038
2993
2968
2937
2908
2868
2835
2807
2783
2760
2721
2691
2660
2622
2588
2559
2529
2513
2483
2460
2414
2361
2318
2269
2240
2207
2197
2152
2110
2062
2033
1955
1920
1877
1826
1777
1746
1731
1685
1643
1608
1547
1498
1452
1406
1347
1298
1240
1191
1124
1059
999
939
888
817
769
725
659
614
548
490
439
387
348
305
280
248
215
200
179
167
162
158
155
149
145
144
143
138
135
129
127
125
127
126
124
120
119
119
116
115
113
112
113
111
111
108
108
107
107
107
105
104
104
103
104
101
103
102
101
100
99
98
98
98
98
99
98
98
97
97
98
98
99
99
99
100
99
102
103
104
103
105
107
108
109
110
112
115
117
117
121
123
122
126
127
135
136
141
143
147
154
158
162
175
186
196
226
258
262
268
238
218
220
234
274
361
440
520
614
699
763
840
901
980
1072
1168
1278
1369
1430
1475
1518
1556
1596
1676
1768
1872
1993
2069
2109
2142
2168
2170
2194
2245
2350
2448
2568
2648
2711
2742
2760
2791
2827
2877
2958
3049
3110
3173
3219
3252
3300
3358
3417
3469
3501
3512
3488
3461
3449
3469
3513
3574
3609
3655
3699
3701
3707
3732
3771
3816
3885
3943
4004
4089
4094
4094
4094
4094
4094
4094
4094
4095
4094
4094
4094
4094
4094
4095
4094
4095
4094
4094
4095
4094
4095
4095
4094
4094
4094
4095
4094
4095
4094
4094
4094
4094
4095
4094
4094
4094
4094
4094
4094
4094
4094
4094
4094
4094
4094
4094
4095
4094
4094
4094
4094
4062
3928
3857
3820
3774
3749
3729
3720
3695
3663
3634
3592
3526
3465
3415
3366
3308
3264
3241
3219
3215
3198
3182
3152
3112
3078
3016
2959
2912
2865
2846
2817
2791
2780
2792
2793
2781
2758
2735
2713
2722
2731
2700
2682
2676
2650
2611
2595
2578
2550
2532
2527
2499
2478
2446
2396
2377
2337
2296
2258
2236
2219
2190
2167
2137
2119
2068
2028
2002
2001
1991
1961
1959
1938
1913
1873
1821
1803
1767
1750
1742
1707
1665
1600
1539
1476
1411
1356
1327
1300
1293
1276
1248
1218
1193
1158
1117
1083
1063
1057
1048
1043
1025
1025
1020
1013
1011
1015
1020
1022
1028
1033
1055
1074
1085
1094
1103
1089
1101
1115
1121
1120
1133
1143
1148
1178
1201
1193
1203
1211
1227
1236
1251
1256
1267
1278
1275
1272
1271
1272
1286
1297
1316
1324
1329
1323
1328
1342
1340
1331
1327
1331
1344
1346
1353
1347
1323
1300
1278
1238
1208
1190
1159
1151
1140
1128
1118
1105
1077
1054
1016
1009
983
960
950
926
898
857
847
839
838
831
839
830
816
792
780
750
714
689
659
650
616
589
560
536
513
486
472
447
422
412
414
403
387
378
372
357
359
378
378
391
402
402
399
387
371
358
374
380
396
416
453
470
497
519
535
553
557
566
586
612
620
632
633
663
669
705
735
765
781
788
809
821
819
820
824
838
835
836
840
864
885
909
930
939
947
945
971
990
985
1004
1013
1054
1087
1095
1131
1181
1213
1230
1245
1274
1294
1314
1334
1345
1356
1364
1383
1390
1377
1396
1411
1436
1460
1471
1491
1491
1489
1486
1485
1496
1491
1491
1515
1520
1513
1502
1484
1496
1497
1511
1507
1510
1518
1514
1515
1516
1512
1530
1537
1545
1571
1591
1612
1612
1617
1623
1648
1656
1680
1701
1749
1767
1792
1820
1855
1876
1904
1936
1967
1986
2025
2070
2083
2124
2162
2185
2214
2249
2275
2319
2364
2393
2435
2471
2504
2549
2608
2667
2718
2760
2816
2860
2912
2958
2991
3038
3091
3123
3173
3200
3259
3301
3350
3396
3436
3464
3503
3537
3575
3606
3633
3672
3717
3736
3781
3820
3868
3896
3948
4000
4064
4092
4094
4094
4095
4094
4094
4095
4094
4095
4094
4094
4094
4095
4094
4094
4095
4094
4095
4094
4095
4094
4094
4094
4094
4094
4094
4094
4094
4094
4094
4094
4094
4094
4094
4094
4094
4094
4094
4094
4094
4094
4094
4094
4094
4094
4094
4094
4094
4094
4094
4095
4094
4094
4094
4094
4094
4094
4094
4094
4094
4094
4094
4094
4095
4094
4095
4095
4094
4095
4094
4095
4095
4093
4062
3978
3931
3868
3854
3836
3827
3812
3768
3758
3723
3669
3625
3594
3569
3535
3515
3476
3444
3392
3357
3303
3247
3204
3148
3115
3068
3026
2982
2936
2883
2858
2823
2777
2736
2693
2678
2640
2590
2560
2507
2451
2408
2367
2336
2324
2279
2262
2253
2217
2200
2160
2108
2059
2040
2011
1978
1949
1923
1886
1854
1826
1777
1756
1713
1696
1657
1646
1624
1591
1573
1556
1525
1480
1463
1451
1404
1382
1339
1312
1289
1242
1208
1186
1164
1142
1104
1081
1052
1010
978
925
904
883
853
832
804
780
758
724
702
670
668
643
631
623
612
594
579
553
514
495
462
428
428
432
421
391
368
347
339
324
314
319
326
304
295
279
243
221
221
209
198
195
196
185
183
163
161
159
153
155
160
158
164
157
154
154
155
151
152
149
152
154
153
158
153
156
154
159
161
163
169
171
180
180
197
195
206
209
226
237
240
257
288
299
309
331
355
377
399
432
475
494
528
548
570
593
624
656
582
664
742
786
811
846
858
878
908
830
795
796
946
988
972
1075
1150
1182
1227
1281
1336
1379
1430
1467
1497
1539
1590
1613
1651
1698
1752
1808
1864
1900
1939
1976
2013
2051
2104
2132
2164
2205
2252
2274
2312
2341
2299
2312
2384
2446
2516
2560
2615
2654
2688
2704
2729
2745
2772
2816
2855
2899
2948
2958
2972
2988
2995
3022
3045
3073
3105
3132
3151
3159
3166
3178
3177
3184
3205
3249
3281
3318
3340
3371
3374
3387
3396
3416
3458
3492
3523
3556
3591
3596
3599
3602
3610
3619
3636
3671
3705
3720
3729
3732
3734
3753
3766
3780
3805
3815
3849
3862
3852
3848
3876
3881
3892
3915
3930
3950
3964
3975
3984
3984
3976
3976
3989
3997
4014
4013
4048
4084
4092
4092
4091
4062
3996
3957
3932
3903
3879
3886
3859
3812
3763
3712
3674
3635
3612
3607
3592
3592
3579
3567
3528
3498
3467
3433
3408
3375
3336
3308
3270
3184
3119
3040
2968
2894
2847
2813
2775
2739
2679
2620
2524
2446
2370
2310
2257
2231
2206
2163
2113
2063
2001
1934
1870
1826
1780
1744
1699
1640
1586
1539
1494
1448
1439
1427
1417
1395
1399
1375
1331
1286
1239
1208
1170
1168
1165
1177
1170
1139
1124
1103
1091
1092
1114
1128
1144
1149
1146
1149
1128
1134
1131
1131
1150
1170
1191
1196
1181
1164
1123
1094
1085
1074
1088
1111
1121
1126
1109
1108
1085
1068
1036
1027
1043
1046
1036
1015
979
940
915
887
856
847
837
841
820
802
787
746
716
693
688
671
668
652
647
623
583
536
505
474
467
454
431
392
369
342
319
317
312
300
302
290
290
293
291
286
282
259
252
265
265
260
271
261
265
267
259
279
299
336
341
370
391
386
404
426
443
469
496
548
584
633
659
702
729
768
800
814
855
899
948
984
1004
1040
1066
1094
1150
1192
1208
1255
1281
1332
1363
1396
1450
1479
1525
1554
1603
1631
1663
1697
1740
1778
1809
1839
1883
1904
1958
1989
2011
2059
2107
2104
2120
2148
2163
2192
2216
2227
2257
2275
2292
2304
2329
2348
2376
2384
2414
2434
2432
2445
2457
2439
2437
2452
2467
2479
2488
2479
2476
2450
2442
2439
2428
2416
2410
2412
2404
2379
2382
2355
2336
2319
2318
2320
2332
2321
2317
2296
2298
2294
2288
2290
2289
2288
2284
2270
2255
2243
2224
2215
2212
2195
2201
2209
2208
2195
2176
2176
2156
2154
2144
2157
2169
2193
2218
2215
2188
2195
2200
2204
2214
2227
2233
2235
2254
2247
2243
2251
2252
2255
2255
2257
2268
2281
2291
2299
2316
2321
2321
2344
2368
2384
2414
2407
2414
2420
2438
2454
2444
2462
2495
2507
2518
2540
2558
2568
2596
2611
2622
2633
2647
2675
2679
2691
2719
2709
2702
2691
2690
2709
2730
2740
2753
2777
2792
2787
2791
2791
2771
2773
2783
2783
2771
2774
2740
2723
2692
2678
2674
2668
2684
2709
2715
2712
2700
2648
2609
2564
2542
2517
2527
2527
2528
2496
2486
2457
2416
2390
2403
2419
2451
2460
2458
2430
2396
2357
2343
2328
2336
2376
2420
2430
2428
2407
2379
2355
2329
2332
2361
2383
2388
2397
2374
2371
2335
2324
2332
2337
2359
2392
2416
2421
2415
2395
2402
2403
2425
2473
2497
2500
2505
2510
2492
2503
2494
2526
2548
2567
2593
2618
2598
2605
2573
2559
2570
2558
2574
2591
2614
2621
2622
2615
2598
2593
2580
2564
2551
2551
2553
2535
2519
2501
2479
2449
2451
2472
2480
2491
2474
2447
2412
2372
2333
2294
2250
2243
2247
2244
2240
2204
2177
2164
2158
2136
2128
2113
2124
2111
2083
2058
2033
2004
1973
1954
1927
1916
1896
1894
1871
1836
1810
1788
1746
1722
1706
1700
1699
1710
1709
1689
1661
1636
1610
1574
1553
1543
1524
1506
1484
1450
1416
1381
1364
1337
1324
1304
1315
1287
1267
1249
1235
1196
1164
1160
1152
1136
1124
1117
1122
1095
1068
1041
1035
1029
1023
1012
1028
1032
1020
1012
988
982
997
1001
1023
1052
1053
1068
1075
1082
1082
1090
1095
1112
1133
1151
1164
1170
1175
1188
1200
1208
1216
1224
1235
1250
1257
1282
1300
1304
1336
1368
1384
1400
1441
1448
1468
1486
1500
1505
1533
1556
1580
1604
1617
1633
1633
1654
1682
1672
1688
1707
1732
1753
1770
1792
1784
1795
1802
1818
1836
1845
1880
1903
1928
1944
1964
1980
1977
1996
2007
2022
2043
2052
2071
2080
2094
2110
2118
2096
2125
2132
2157
2177
2182
2207
2217
2218
2220
2227
2249
2260
2262
2262
2263
2263
2276
2265
2255
2259
2254
2247
2245
2247
2260
2233
2231
2212
2200
2188
2166
2155
2170
2179
2174
2150
2141
2134
2111
2121
2137
2148
2136
2132
2134
2138
2147
2137
2135
2118
2131
2140
2169
2174
2181
2174
2179
2168
2180
2177
2188
2204
2226
2244
2262
2272
2272
2273
2281
2292
2296
2320
2334
2333
2339
2348
2360
2375
2392
2408
2423
2453
2460
2478
2496
2527
2528
2543
2561
2576
2601
2635
2659
2676
2695
2689
2705
2733
2744
2795
2811
2822
2860
2895
2915
2917
2917
2929
2949
2966
2968
2999
3011
3020
3016
3040
3036
3046
3048
3051
3060
3084
3096
3112
3125
3118
3104
3091
3102
3106
3102
3100
3099
3098
3079
3086
3069
3043
3039
3034
3028
3022
3015
2996
2991
2972
2951
2935
2923
2911
2912
2912
2895
2873
2861
2844
2836
2818
2816
2816
2801
2771
2753
2742
2718
2681
2656
2648
2612
2591
2590
2576
2551
2544
2524
2486
2469
2430
2417
2410
2395
2380
2375
2326
2306
2270
2254
2223
2200
2189
2176
2159
2143
2124
2097
2085
2057
2032
1999
1982
1968
1944
1925
1899
1899
1874
1860
1861
1831
1803
1791
1795
1779
1763
1742
1699
1671
1652
1647
1654
1639
1611
1598
1568
1548
1538
1512
1494
1483
1470
1464
1444
1425
1408
1394
1369
1352
1343
1324
1304
1288
1284
1260
1257
1222
1212
1207
1166
1163
1154
1150
1139
1121
1112
1078
948
972
1009
1032
1037
1044
1058
1043
1037
956
865
835
930
919
909
972
1004
1052
1056
1043
1048
1051
1042
1048
1048
1046
1051
1065
1063
1060
1079
1068
1069
1059
1068
1080
1080
1083
1088
1084
1112
1121
1128
1119
1137
1136
1148
1160
1174
1168
1164
1088
1130
1167
1198
1207
1222
1232
1248
1250
1259
1280
1299
1326
1332
1363
1371
1389
1381
1400
1414
1428
1445
1463
1484
1511
1542
1563
1583
1595
1607
1628
1635
1649
1667
1703
1731
1745
1787
1793
1807
1850
1852
1859
1888
1912
1927
1952
1970
1974
1997
2011
2041
2057
2075
2106
2117
2131
2142
2157
2167
2174
2181
2196
2235
2238
2261
2277
2307
2305
2326
2311
2331
2339
2373
2368
2396
2412
2421
2412
2416
2435
2446
2442
2459
2478
2490
2496
2500
2502
2511
2507
2536
2545
2551
2545
2564
2564
2567
2599
2588
2575
2600
2599
2584
2600
2610
2592
2596
2589
2594
2594
2598
2593
2611
2608
2599
2578
2579
2580
2550
2549
2550
2542
2553
2547
2542
2550
2545
2528
2500
2504
2476
2466
2462
2455
2430
2425
2433
2437
2433
2421
2400
2394
2390
2374
2372
2369
2355
2352
2339
2339
2333
2339
2340
2319
2325
2315
2303
2295
2292
2272
2271
2254
2244
2240
2241
2219
2223
2209
2207
2210
2208
2207
2187
2181
2172
2152
2148
2145
2146
2157
2158
2164
2168
2162
2158
2157
2137
2136
2145
2133
2142
2134
2119
2125
2132
2141
2148
2158
2131
2115
2118
2117
2129
2134
2140
2140
2149
2139
2136
2144
2139
2136
2136
2132
2123
2131
2127
2134
2124
2128
2106
2114
2110
2111
2088
2099
2090
2086
2068
2075
2057
2062
2045
2015
2015
2025
2023
2025
2010
1997
1977
1981
1976
1971
1962
1950
1966
1935
1921
1895
1874
1863
1864
1864
1866
1850
1847
1842
1823
1803
1806
1803
1796
1779
1792
1793
1794
1788
1779
1766
1755
1745
1745
1749
1734
1726
1725
1730
1715
1721
1718
1731
1719
1727
1728
1730
1726
1719
1731
1741
1756
1760
1764
1762
1779
1785
1784
1794
1806
1800
1820
1831
1832
1838
1868
1862
1881
1884
1891
1891
1903
1912
1923
1946
1956
1972
1973
1975
1986
2007
2024
2035
2041
2032
2064
2079
2086
2086
2083
2083
2078
2084
2089
2115
2117
2131
2138
2118
2120
2129
2129
2136
2138
2133
2150
2149
2142
2137
2132
2144
2135
2129
2127
2132
2128
2122
2108
2111
2119
2114
2103
2097
2072
2083
2072
2072
2056
2055
2041
2030
2028
2031
2008
2012
2018
2025
2021
2018
1993
1984
1978
1964
1981
1974
1968
1961
1937
1920
1917
1921
1908
1912
1908
1924
1924
1928
1931
1916
1914
1902
1899
1888
1886
1891
1892
1883
1879
1876
1861
1856
1860
1873
1871
1872
1871
1870
1881
1893
1885
1888
1891
1895
1907
1917
1910
1927
1939
1933
1911
1913
1924
1918
1923
1930
1936
1939
1928
1917
1916
1919
1916
1930
1928
1931
1937
1931
1924
1914
1915
1931
1933
1948
1969
1973
1977
1957
1948
1936
1926
1919
1923
1931
1934
1934
1939
1942
1926
1923
1904
1907
1919
1921
1923
1919
1933
1912
1891
1890
1878
1863
1858
1864
1872
1876
1875
1872
1862
1840
1828
1822
1834
1828
1831
1843
1840
1836
1840
1846
1846
1839
1817
1826
1828
1840
1846
1851
1852
1845
1843
1850
1858
1852
1887
1884
1888
1881
1875
1852
1841
1839
1838
1867
1884
1889
1892
1907
1918
1916
1924
1919
1939
1945
1969
1973
1977
1975
1973
1993
1988
1992
1985
2014
2019
2035
2039
2044
2052
2051
2051
2062
2079
2078
2095
2100
2124
2132
2148
2141
2155
2155
2163
2172
2171
2174
2188
2178
2177
2184
2200
2206
2213
2225
2209
2211
2217
2217
2213
2215
2209
2209
2216
2207
2204
2190
2191
2192
2186
2179
2176
2162
2164
2159
2155
2135
2139
2146
2134
2119
2118
2123
2098
2102
2090
2077
2088
2081
2078
2086
2082
2083
2087
2067
2063
2064
2048
2045
2054
2064
2055
2064
2045
2036
2035
2035
2017
1995
2016
2032
2046
2038
2029
2039
2016
2016
2023
2023
2032
2039
2034
2039
2027
2035
2036
2037
2039
2059
2076
2086
2072
2058
2057
2052
2052
2056
2067
2076
2079
2103
2087
2088
2089
2087
2096
2095
2099
2105
2115
2113
2110
2115
2106
2104
2097
2100
2131
2141
2145
2156
2146
2109
2099
2107
2108
2106
2115
2135
2132
2110
2102
2104
2115
2096
2102
2102
2108
2098
2096
2083
2083
2076
2076
2074
2076
2090
2096
2087
2086
2071
2060
2058
2072
2087
2091
2104
2100
2099
2092
2092
2078
2080
2079
2100
2114
2111
2112
2122
2110
2109
2090
2084
2088
2086
2070
2075
2102
2092
2086
2069
2065
2056
2060
2069
2072
2076
2069
2069
2087
2071
2066
2064
2064
2060
2062
2054
2054
2047
2041
2017
2008
2015
2016
2006
2011
2013
1994
1999
2004
1976
1963
1956
1945
1948
1963
1949
1947
1946
1950
1944
1948
1950
1939
1938
1937
1932
1933
1944
1931
1916
1920
1912
1917
1928
1926
1922
1909
1910
1895
1899
1890
1895
1889
1895
1888
1907
1902
1889
1880
1888
1880
1881
1903
1903
1904
1910
1900
1897
1902
1888
1886
1887
1895
1920
1927
1936
1944
1936
1931
1930
1940
1933
1936
1940
1944
1934
1936
1926
1941
1943
1950
1940
1944
1964
1977
1970
1968
1970
1970
1976
1970
1967
1972
1968
1978
1971
1988
1998
2012
2016
1998
1991
1984
1991
2003
2007
2022
2034
2051
2045
2048
2050
2054
2060
2056
2056
2054
2053
2059
2059
2072
2093
2092
2070
2079
2103
2113
2123
2121
2107
2110
2105
2111
2129
2120
2131
2151
2152
2168
2176
2182
2168
2105
2134
2158
2172
2183
2187
2192
2190
2180
2183
2178
2178
2168
2176
2170
2196
2211
2211
