2020
2043
2027
2020
2028
2023
2044
2049
2055
2071
2071
2079
2068
2063
2058
2066
2067
2071
2094
2078
2083
2101
2115
2092
2096
2061
2064
2067
2076
2092
2104
2100
2104
2112
2092
2078
2082
2084
2089
2114
2115
2105
2089
2096
2094
2102
2106
2115
2112
2132
2139
2143
2131
2121
2120
2128
2122
2129
2125
2123
2120
2118
2114
2110
2111
2121
2131
2145
2137
2137
2141
2135
2141
2137
2132
2131
2144
2172
2167
2151
2162
2145
2136
2139
2149
2154
2164
2156
2148
2168
2157
2161
2150
2132
2132
2124
2119
2136
2136
2120
2130
2136
2111
2119
2114
2105
2112
2120
2111
2124
2123
2121
2125
2132
2121
2106
2105
2108
2139
2143
2130
2131
2116
2105
2105
2115
2108
2110
2102
2107
2095
2092
2096
2096
2075
2080
2079
2093
2091
2087
2077
2081
2072
2075
2060
2072
2083
2092
2067
2063
2068
2068
2070
2056
2062
2082
2099
2084
2082
2062
2049
2043
2038
2048
2059
2041
2059
2057
2059
2049
2041
2032
2037
2042
2041
2040
2049
2047
2044
2036
2012
2031
2032
2028
2032
2017
2011
2016
2022
2025
2017
2022
2031
2034
2027
2063
2085
2103
2088
2036
1929
1788
1682
1638
1636
1736
1860
1983
2055
2103
2095
2090
2109
2159
2251
2344
2478
2592
2639
2667
2666
2668
2688
2752
2855
2936
3007
3055
3071
3053
3007
2989
2985
2996
3033
3075
3136
3151
3128
3083
2995
2940
2915
2947
3014
3094
3151
3168
3124
3033
2911
2797
2708
2618
2531
2470
2384
2292
2192
2091
2077
2092
2121
2151
2172
2152
2104
2057
2011
1985
1976
2025
2065
2105
2126
2127
2142
2177
2219
2266
2327
2353
2378
2412
2432
2443
2441
2423
2414
2420
2430
2436
2435
2421
2432
2454
2486
2528
2588
2629
2660
2670
2692
2687
2687
2682
2693
2675
2641
2601
2559
2494
2428
2380
2348
2331
2339
2346
2372
2386
2402
2278
2332
2373
2386
2392
2390
2355
2321
2288
2275
2141
2065
2055
2122
2105
2032
1967
1980
1897
1917
1912
1884
1833
1799
1760
1724
1702
1665
1620
1580
1540
1497
1454
1456
1447
1446
1441
1450
1464
1475
1498
1488
1482
1498
1507
1539
1555
1569
1579
1599
1636
1647
1651
1691
1748
1804
1857
1898
1929
1952
1930
1930
1915
1908
1920
1903
1903
1917
1932
1929
1934
1923
1892
1892
1880
1860
1850
1824
1809
1755
1736
1720
1697
1692
1685
1670
1660
1628
1612
1588
1564
1535
1517
1510
1517
1503
1490
1498
1486
1460
1425
1396
1363
1349
1336
1318
1269
1201
1147
1111
1066
1023
997
967
951
886
840
802
754
682
634
595
547
535
513
483
466
436
378
335
286
249
223
223
243
242
232
240
230
221
223
236
229
224
207
206
177
167
156
145
144
137
135
131
128
126
120
119
117
113
112
110
108
106
107
104
106
103
105
105
104
105
105
105
105
105
105
104
104
105
104
104
105
105
104
105
105
105
103
102
102
102
102
103
103
103
102
102
102
101
102
102
103
104
106
107
107
108
109
110
110
112
115
115
119
123
124
127
132
132
136
141
148
157
168
201
230
260
328
387
436
480
542
595
663
737
812
865
929
1000
1071
1137
1208
1276
1337
1428
1503
1556
1583
1609
1652
1696
1713
1751
1790
1840
1887
1922
1946
1977
1996
2047
2116
2171
2251
2309
2397
2460
2520
2594
2672
2735
2816
2898
2982
3070
3180
3273
3367
3476
3580
3688
3799
3915
4039
4094
4094
4094
4094
4094
4094
4095
4095
4094
4094
4094
4094
4094
4094
4094
4094
4094
4095
4094
4094
4094
4094
4094
4094
4094
4094
4094
4094
4094
4094
4095
4094
4095
4094
4095
4094
4094
4094
4094
4094
4094
4094
4094
4094
4094
4095
4094
4094
4094
4094
4095
4094
4094
4094
4094
4094
4094
4094
4094
4094
4094
4095
4094
4094
4094
4094
4094
4095
4094
4095
4095
4094
4094
4094
4095
4094
4094
4094
4094
4094
4094
4094
4094
4095
4094
4094
4095
4094
4094
4094
4095
4095
4094
4094
4094
4095
4095
4094
4094
4095
4094
4094
4095
4094
4094
4094
4095
4094
4094
4094
4094
4095
4094
4094
4095
4095
4094
4094
4094
4094
4094
4094
4095
4094
4094
4094
4094
4094
4095
4094
4094
4095
4094
4095
4095
4094
4094
3987
3836
3727
3613
3500
3388
3291
3186
3086
3012
2918
2863
2800
2725
2643
2571
2486
2428
2360
2303
2254
2221
2170
2126
2089
2034
1992
1934
1896
1827
1779
1726
1683
1625
1575
1509
1431
1372
1299
1238
1191
1109
1047
982
927
877
823
747
686
638
585
546
492
450
420
387
350
322
296
275
267
244
254
247
245
244
234
231
237
239
253
262
271
277
284
284
276
279
278
267
261
262
248
236
227
229
199
194
194
186
186
191
187
170
172
167
164
160
159
153
153
149
143
143
138
138
140
133
136
133
133
134
134
132
138
132
136
131
132
136
135
139
141
143
147
144
146
151
155
156
163
179
172
185
208
230
232
253
256
280
289
317
334
342
354
361
379
391
396
392
424
417
435
430
423
434
460
460
480
492
494
509
532
561
580
603
653
672
707
748
796
840
896
945
968
976
1011
1056
1084
1126
1177
1221
1248
1282
1295
1315
1338
1372
1393
1415
1444
1485
1543
1576
1603
1620
1625
1662
1694
1724
1754
1799
1825
1863
1876
1886
1904
1931
1938
1971
1998
2039
2073
2096
2114
2146
2157
2172
2192
2231
2265
2284
2305
2316
2340
2357
2378
2410
2441
2471
2511
2553
2587
2619
2628
2643
2687
2707
2742
2764
2778
2805
2833
2855
2883
2897
2916
2942
2956
2982
3001
3043
3074
3101
3126
3148
3161
3177
3199
3233
3248
3280
3310
3327
3347
3366
3376
3392
3411
3420
3447
3472
3509
3528
3568
3588
3599
3620
3648
3684
3715
3732
3762
3783
3808
3823
3853
3854
3895
3923
3951
3972
3987
4001
4025
4046
4076
4090
4093
4095
4094
4094
4095
4095
4094
4094
4094
4094
4094
4094
4094
4095
4095
4094
4094
4094
4094
4094
4095
4094
4095
4094
4094
4094
4094
4094
4094
4094
4094
4094
4094
4094
4095
4094
4094
4095
4094
4094
4094
4095
4094
4094
4094
4094
4094
4094
4094
4095
4094
4095
4094
4094
4094
4094
4094
4094
4094
4094
4094
4094
4094
4095
4094
4094
4094
4094
4094
4094
4094
4094
4094
4094
4094
4095
4094
4093
4093
4078
3992
3945
3921
3905
3896
3882
3857
3826
3799
3779
3751
3735
3718
3672
3655
3640
3613
3581
3571
3547
3527
3513
3497
3464
3441
3393
3372
3339
3323
3301
3276
3244
3216
3166
3135
3079
3047
2998
2967
2920
2862
2800
2742
2683
2628
2591
2557
2506
2463
2399
2346
2298
2246
2202
2150
2117
2082
2037
2007
1949
1912
1882
1856
1822
1785
1751
1699
1668
1636
1581
1547
1506
1479
1434
1403
1382
1355
1300
1244
1199
1156
1100
1060
1025
993
935
888
836
774
700
645
596
551
499
453
400
344
295
231
199
179
162
154
145
142
137
134
128
124
117
116
113
112
111
110
108
107
103
103
102
100
99
98
96
95
95
93
92
92
91
90
90
89
88
87
87
87
85
86
86
84
83
83
83
82
81
81
80
80
79
79
78
78
78
77
77
77
76
76
76
75
75
75
74
75
74
73
74
73
73
73
73
73
72
73
73
72
72
72
73
72
72
72
72
72
72
72
72
73
73
73
73
73
73
74
73
74
74
75
75
75
76
76
76
76
77
78
79
78
79
79
81
81
82
83
83
84
85
86
87
88
89
90
91
93
95
96
98
100
103
104
106
108
111
114
120
121
129
135
139
146
150
159
179
201
225
270
347
412
476
544
611
665
737
819
882
945
1010
1081
1135
1215
1262
1333
1395
1460
1516
1579
1647
1740
1814
1873
1960
2025
2090
2158
2225
2298
2361
2441
2508
2588
2652
2704
2741
2824
2893
2970
3038
3121
3183
3254
3316
3364
3419
3483
3543
3610
3653
3714
3767
3805
3840
3879
3920
3972
4028
4090
4094
4095
4094
4095
4094
4094
4094
4094
4094
4094
4094
4095
4094
4094
4094
4094
4095
4094
4094
4094
4095
4095
4094
4094
4095
4094
4094
4094
4094
4094
4094
4094
4095
4084
4094
4095
4094
4094
4087
4094
4094
4094
4094
4082
4081
4095
4094
4094
4094
4094
4093
4087
4084
4094
4095
4094
4094
4094
4095
4094
4094
4094
4060
4039
4040
4094
4094
4094
4052
3988
3953
3919
3898
3846
3835
3776
3719
3712
3892
3983
3988
3963
3892
3835
3775
3713
3652
3584
3523
3465
3397
3335
3264
3192
3111
3054
2982
2915
2873
2806
2738
2676
2617
2561
2502
2438
2385
2331
2279
2211
2156
2083
2003
1937
1884
1837
1781
1715
1679
1607
1548
1502
1449
1390
1349
1294
1225
1172
1123
1072
1042
993
940
892
840
786
739
704
660
635
591
569
534
492
446
430
407
388
364
343
312
289
270
236
215
203
207
195
187
183
176
160
163
164
159
158
152
151
148
150
147
145
142
141
137
142
135
173
132
137
136
135
138
136
138
137
137
141
138
160
159
149
139
163
156
148
150
156
157
160
165
174
182
190
192
215
224
236
263
271
312
330
374
405
434
470
496
533
561
593
630
646
686
734
771
809
855
877
903
955
996
1020
1059
1091
993
1098
1179
1263
1305
1351
1383
1428
1463
1504
1548
1587
1615
1655
1698
1746
1795
1824
1856
1915
1955
2001
2045
2094
2144
2170
2215
2258
2281
2303
2343
2378
2420
2444
2478
2519
2557
2585
2619
2648
2656
2692
2723
2743
2764
2793
2810
2855
2858
2881
2915
2934
2954
2986
3003
3031
3067
3083
3111
3142
3171
3190
3201
3223
3246
3283
3295
3312
3352
3365
3378
3400
3418
3423
3446
3451
3483
3504
3507
3521
3535
3553
3566
3582
3598
3601
3623
3633
3645
3646
3647
3644
3646
3649
3672
3663
3679
3665
3675
3662
3648
3649
3636
3638
3631
3642
3651
3649
3644
3637
3629
3625
3602
3605
3609
3608
3611
3600
3601
3595
3582
3577
3573
3566
3548
3547
3535
3535
3524
3520
3504
3504
3508
3504
3506
3500
3492
3480
3467
3461
3447
3428
3401
3409
3395
3385
3383
3360
3345
3320
3314
3294
3293
3272
3256
3254
3240
3219
3188
3168
3158
3128
3093
3078
3064
3052
3038
3018
2995
2981
2950
2921
2907
2888
2864
2841
2820
2802
2784
2775
2766
2758
2749
2732
2729
2709
2690
2697
2694
2665
2651
2639
2620
2604
2593
2585
2579
2556
2537
2521
2508
2497
2471
2471
2468
2467
2448
2430
2413
2380
2364
2353
2338
2332
2324
2321
2313
2287
2259
2239
2228
2226
2213
2203
2196
2183
2164
2144
2124
2116
2116
2107
2102
2094
2066
2046
2045
2021
2015
2005
1999
1996
1965
1961
1945
1933
1898
1856
1838
1824
1804
1799
1776
1762
1763
1745
1717
1695
1665
1630
1631
1603
1595
1576
1549
1527
1500
1493
1455
1420
1408
1392
1359
1350
1313
1295
1267
1232
1224
1212
1194
1196
1177
1157
1132
1104
1079
1065
1042
1027
1025
1008
975
970
956
941
916
902
892
879
867
861
832
804
791
789
774
746
722
715
711
710
697
681
651
633
638
621
625
625
624
601
599
583
586
558
559
551
563
550
553
546
533
527
519
537
522
521
511
509
508
499
493
505
510
494
471
475
471
476
493
496
511
508
520
520
541
535
534
540
540
538
543
564
574
583
586
582
605
618
633
647
650
676
676
694
707
703
721
744
776
793
801
811
829
855
881
903
917
941
958
991
1015
1027
1063
1090
1126
1144
1174
1209
1217
1255
1276
1291
1304
1327
1339
1376
1425
1432
1454
1484
1514
1539
1575
1613
1627
1652
1679
1712
1734
1758
1785
1799
1815
1844
1871
1883
1903
1923
1961
1987
2000
2047
2049
2061
2081
2098
2112
2141
2165
2185
2201
2215
2248
2254
2256
2280
2297
2328
2356
2385
2401
2413
2423
2444
2476
2488
2487
2517
2534
2559
2568
2591
2599
2617
2628
2645
2669
2702
2720
2740
2776
2779
2795
2799
2829
2867
2874
2897
2913
2942
2942
2958
2970
2980
3003
3009
3040
3039
3049
3064
3084
3089
3102
3108
3133
3136
3132
3142
3155
3160
3187
3200
3208
3210
3231
3239
3248
3257
3262
3267
3272
3265
3264
3270
3284
3287
3303
3324
3315
3318
3323
3312
3312
3313
3329
3330
3353
3366
3372
3371
3356
3361
3346
3365
3364
3356
3361
3379
3369
3361
3371
3372
3371
3357
3347
3353
3348
3336
3336
3329
3321
3311
3294
3289
3296
3282
3268
3254
3251
3239
3228
3225
3216
3207
3197
3190
3169
3148
3116
3108
3094
3085
3063
3051
3042
3017
3014
2993
2990
2980
2963
2956
2911
2908
2891
2876
2864
2848
2822
2816
2779
2748
2734
2714
2687
2647
2648
2623
2620
2592
2560
2534
2525
2501
2481
2466
2434
2402
2390
2363
2334
2318
2289
2247
2239
2211
2183
2161
2150
2136
2104
2094
2060
2035
2017
1981
1961
1939
1903
1867
1845
1823
1810
1791
1780
1743
1724
1690
1680
1664
1645
1627
1603
1561
1539
1519
1452
1417
1400
1381
1353
1331
1299
1285
1257
1221
1188
1166
1138
1121
1097
1075
1047
1016
995
970
928
905
869
839
817
802
774
760
732
722
694
683
645
638
633
616
588
559
532
509
496
466
463
456
451
431
367
374
384
373
352
340
335
329
318
306
300
293
283
254
257
240
235
228
232
228
239
220
233
237
228
230
232
239
231
224
218
224
220
212
206
216
227
244
242
251
262
276
281
282
295
312
338
332
341
371
380
383
382
392
414
431
463
476
497
511
518
396
463
434
513
591
624
657
684
703
705
711
622
592
578
696
728
706
811
761
827
930
1001
1048
1082
1126
1142
1183
1210
1260
1291
1315
1348
1367
1387
1430
1451
1475
1508
1543
1574
1621
1658
1685
1734
1763
1777
1820
1861
1891
1927
1950
1991
2029
2065
2084
2130
2150
2198
2227
2257
2297
2337
2368
2384
2408
2444
2468
2499
2512
2508
2547
2581
2603
2634
2656
2672
2691
2704
2740
2777
2820
2835
2867
2887
2898
2908
2935
2961
2987
2997
3036
3060
3078
3082
3107
3123
3131
3136
3172
3187
3224
3248
3266
3266
3277
3292
3304
3309
3315
3337
3345
3342
3359
3359
3368
3368
3375
3386
3414
3419
3423
3425
3438
3443
3460
3463
3458
3453
3444
3434
3436
3441
3456
3454
3445
3450
3445
3445
3443
3436
3438
3435
3432
3432
3411
3402
3393
3378
3365
3368
3355
3350
3338
3344
3327
3307
3290
3281
3259
3267
3252
3238
3226
3206
3174
3138
3136
3116
3104
3090
3079
3063
3028
2927
2944
2967
2963
2956
2940
2940
2929
2913
2895
2859
2832
2800
2784
2768
2757
2740
2743
2720
2681
2661
2653
2630
2616
2605
2591
2564
2564
2546
2521
2496
2459
2454
2433
2432
2396
2387
2366
2328
2320
2316
2292
2288
2256
2234
2224
2220
2205
2193
2176
2149
2124
2127
2123
2101
2084
2058
2047
2032
2011
1997
1973
1964
1945
1932
1938
1931
1925
1904
1885
1861
1870
1855
1832
1804
1809
1807
1798
1784
1775
1785
1760
1757
1745
1747
1724
1716
1698
1683
1678
1683
1651
1645
1644
1625
1622
1616
1620
1599
1598
1594
1583
1579
1570
1569
1579
1584
1566
1557
1561
1553
1530
1525
1537
1543
1540
1528
1523
1513
1528
1526
1506
1516
1513
1509
1507
1527
1511
1528
1522
1534
1520
1516
1522
1515
1516
1534
1522
1531
1524
1529
1528
1548
1532
1542
1552
1551
1549
1538
1536
1539
1542
1543
1558
1559
1560
1565
1553
1572
1569
1566
1567
1567
1576
1580
1580
1575
1582
1569
1582
1580
1576
1563
1578
1572
1582
1592
1598
1592
1617
1617
1622
1609
1615
1615
1619
1631
1635
1640
1650
1636
1654
1644
1645
1643
1647
1655
1652
1667
1660
1677
1667
1680
1680
1676
1668
1678
1675
1676
1682
1675
1667
1688
1673
1676
1670
1695
1689
1696
1684
1694
1695
1707
1705
1712
1710
1715
1712
1730
1736
1743
1734
1737
1739
1738
1736
1755
1772
1788
1796
1796
1806
1799
1798
1804
1806
1793
1794
1803
1824
1828
1850
1847
1847
1836
1842
1855
1889
1889
1901
1899
1907
1910
1904
1894
1887
1919
1935
1945
1943
1950
1954
1958
1958
1958
1976
1986
2004
2023
2001
2008
2002
1997
1991
2007
2016
2032
2039
2057
2052
2066
2045
2033
2037
2027
2032
2048
2074
2087
2095
2097
2090
2092
2099
2102
2115
2127
2118
2128
2135
2135
2124
2119
2125
2134
2156
2156
2151
2156
2153
2160
2148
2139
2149
2149
2150
2173
2181
2184
2182
2188
2180
2172
2169
2186
2204
2224
2231
2241
2233
2235
2224
2203
2206
2208
2224
2238
2263
2279
2282
2284
2270
2255
2266
2264
2279
2305
2316
2323
2313
2316
2316
2296
2312
2315
2308
2332
2326
2334
2330
2332
2322
2320
2325
2323
2329
2331
2329
2316
2315
2306
2296
2303
2297
2300
2317
2329
2329
2328
2314
2290
2302
2307
2296
2302
2316
2316
2314
2294
2273
2255
2265
2261
2265
2264
2277
2293
2285
2288
2288
2284
2280
2276
2273
2276
2271
2284
2286
2273
2260
2259
2251
2259
2263
2260
2265
2259
2272
2275
2276
2268
2275
2289
2296
2304
2301
2298
2291
2288
2288
2260
2273
2296
2287
2304
2304
2292
2273
2273
2268
2271
2283
2284
2288
2292
2304
2300
2294
2286
2268
2266
2262
2270
2275
2273
2279
2273
2274
2275
2265
2264
2258
2248
2251
2259
2259
2254
2237
2231
2216
2205
2211
2219
2216
2220
2195
2186
2187
2187
2190
2185
2203
2199
2204
2200
2188
2173
2149
2139
2132
2153
2152
2172
2176
2179
2151
2130
2130
2121
2119
2133
2130
2136
2140
2144
2136
2115
2097
2074
2073
2078
2088
2101
2116
2118
2104
2109
2111
2087
2093
2098
2102
2110
2107
2088
2065
2049
2047
2055
2040
2046
2052
2080
2063
2065
2037
2044
2043
2033
2037
2050
2049
2048
2047
2018
1980
1967
1972
1957
1955
1963
1953
1947
1948
1938
1943
1919
1900
1900
1894
1908
1912
1909
1898
1875
1848
1844
1836
1842
1831
1834
1839
1827
1840
1815
1791
1783
1756
1762
1767
1771
1771
1757
1749
1731
1713
1692
1694
1685
1691
1686
1692
1681
1683
1675
1672
1652
1651
1663
1664
1659
1664
1671
1670
1679
1664
1643
1659
1641
1641
1651
1657
1651
1659
1648
1640
1644
1650
1665
1675
1673
1683
1679
1671
1668
1673
1658
1657
1676
1681
1696
1701
1709
1706
1708
1708
1724
1720
1716
1719
1724
1730
1726
1728
1730
1742
1745
1760
1771
1781
1771
1764
1774
1775
1788
1807
1794
1803
1823
1814
1812
1817
1826
1835
1840
1838
1836
1841
1852
1844
1847
1863
1868
1889
1895
1881
1900
1893
1895
1905
1913
1920
1919
1922
1911
1857
1874
1879
1905
1932
1932
1932
1961
1965
1971
1987
1987
1986
1992
2007
2017
2016
2050
2059
2048
2046
2044
2047
2050
2063
2056
2063
2083
2094
2089
2081
2081
2083
2075
2092
2123
2137
2152
2146
2140
2136
2124
2130
2141
2146
2172
2191
2196
2207
2213
2203
2185
2173
2183
2187
2179
2178
2195
2025
2109
2160
2164
2148
2163
2182
2191
2203
2078
2008
1985
2080
2054
2033
2103
2152
2179
2183
2200
2197
2175
2159
2155
2147
2165
2169
2175
2171
2156
2147
2125
2110
2104
2108
2113
2122
2118
2117
2101
2086
2079
2066
2052
2056
2049
2070
2064
2071
2071
2051
2040
2012
2016
1993
1886
1939
1976
2010
2009
2002
1990
1972
1954
1951
1946
1955
1964
1969
1976
1959
1948
1936
1935
1947
1945
1944
1948
1939
1911
1907
1904
1894
1893
1902
1924
1934
1928
1931
1927
1920
1905
1884
1895
1902
1893
1892
1895
1888
1886
1870
1857
1854
1850
1848
1869
1860
1862
1863
1853
1851
1852
1836
1843
1840
1840
1855
1854
1841
1850
1848
1838
1843
1825
1830
1828
1837
1843
1860
1854
1865
1869
1859
1855
1868
1866
1871
1875
1885
1880
1886
1889
1891
1903
1912
1919
1912
1926
1910
1903
1907
1915
1905
1911
1934
1926
1937
1961
1948
1939
1934
1944
1930
1928
1941
1959
1971
1984
1984
1991
1985
1994
1993
1983
1987
1996
1995
1993
2011
2012
2032
2035
2040
2049
2048
2048
2050
2061
2069
2078
2074
2080
2097
2086
2103
2102
2117
2121
2111
2107
2094
2113
2111
2125
2125
2124
2129
2131
2122
2131
2140
2143
2139
2154
2146
2153
2151
2157
2156
2144
2161
2156
2163
2158
2152
2151
2162
2165
2177
2173
2171
2156
2140
2151
2171
2168
2204
2188
2200
2184
2168
2162
2160
2164
2164
2183
2188
2184
2178
2185
2193
2179
2188
2183
2191
2185
2192
2181
2172
2175
2184
2169
2160
2159
2182
2172
2171
2174
2179
2183
2163
2167
2165
2144
2160
2138
2127
2140
2147
2160
2154
2160
2147
2132
2127
2114
2100
2098
2097
2098
2104
2098
2096
2101
2105
2102
2105
2099
2086
2084
2078
2055
2051
2072
2072
2063
2053
2047
2035
2035
2021
2010
2024
2041
2051
2062
2061
2055
2056
2049
2022
2022
2025
2036
2039
2036
2044
2049
2040
2019
2006
2011
2008
2023
2032
2034
2035
2035
2023
2030
2045
2026
2012
2015
2023
2032
2042
2038
2037
2036
2008
2007
2010
2028
2046
2034
2024
2032
2023
2015
2021
1998
2006
2012
2008
1991
2011
2001
2002
1996
2014
2007
2000
1991
2012
2012
2010
2006
2001
2007
1997
1993
2002
1995
2003
1988
1984
2008
1996
1991
1985
1994
2003
1999
2017
2012
2012
2019
2006
2003
2002
2001
2019
2010
2014
2014
2004
2008
2011
2000
2022
2010
2011
2022
2028
2030
2024
2015
2009
1996
2003
2023
2038
2047
2067
2057
2042
2051
2059
2064
2061
2069
2077
2062
2081
2084
2081
2096
2088
2079
2092
2071
2062
2051
2056
2063
2066
2078
2081
2071
2066
2062
2072
2098
2087
2088
2102
2104
2115
2098
2083
2088
2095
2091
2101
2108
2094
2088
2092
2113
2132
2128
2115
2103
2110
2105
2091
2092
2097
2116
2115
2098
2097
2091
2113
2119
2124
2122
2114
2108
2100
2104
2105
2095
2108
2116
2109
2126
2115
2113
2124
2115
2107
2124
2113
2110
2105
2112
2104
2114
2124
2140
2133
2116
2134
2127
2132
2133
2121
2131
2128
2144
2135
2135
2138
2160
2155
2154
2150
2140
2142
2147
2161
2165
2151
2150
2137
2148
2144
2150
2159
2172
2156
2172
2164
2156
2154
2145
2137
2144
2129
2129
2133
2143
2140
2139
2140
2132
2130
2139
2145
2138
2119
2115
2112
2116
2122
2116
2112
2110
2115
2115
2096
2104
2099
2086
2088
2075
2085
2080
2087
2085
2087
2075
2064
2058
2043
2051
2055
2051
2044
2028
2035
2031
2031
2005
1998
1994
1996
1981
1980
1981
1978
1980
1964
1956
1952
1952
1928
1925
1927
1939
1955
1930
1933
1941
1923
1898
1885
1897
1897
1904
1904
1900
1898
1894
1883
1870
1859
1857
1860
1864
1854
1843
1855
1843
1846
1834
1830
1855
1857
1849
1846
1837
1842
1811
1824
1820
1831
1841
1848
1839
1846
1847
1833
1831
1827
1827
1804
1808
1813
1816
1832
1840
1831
1807
1804
1807
1789
1813
1807
1818
1822
1801
1811
1814
1822
1824
1820
1821
1844
1844
1836
1815
1830
1829
1822
1820
1829
1828
1831
1833
1820
1823
1809
1820
1833
1815
1818
1816
1819
1806
1799
1799
1799
1803
1819
1825
1821
1819
1836
1851
1849
1859
1852
1840
1843
1840
1855
1864
1867
1873
1872
1868
1862
1876
1875
1879
1878
1881
1891
1888
1892
1891
1886
1893
1904
1896
1903
1929
1947
1953
1963
1968
1953
1949
1955
1967
1972
1995
1993
2016
2012
2011
1994
2001
2007
2019
2016
2015
2012
2014
2003
1998
2001
2010
2012
1999
2005
1995
2001
2012
2014
2014
2019
2024
2003
2008
2011
2019
2021
2023
2027
2049
2043
2044
2044
2026
2032
2027
2022
2040
2046
2030
2040
2052
2047
2029
2037
2052
2033
2035
2027
2038
2055
2051
2050
2044
2040
2051
2045
2047
2051
2051
2051
2058
2047
2050
2046
2058
2062
2065
