2104
2115
2098
2083
2088
2095
2091
2101
2108
2094
2088
2092
2113
2132
2128
2115
2103
2110
2105
2091
2092
2097
2116
2115
2098
2097
2091
2113
2119
2124
2122
2114
2108
2100
2104
2105
2095
2108
2116
2109
2126
2115
2113
2124
2115
2107
2124
2113
2110
2105
2112
2104
2114
2124
2140
2133
2116
2134
2127
2132
2133
2121
2131
2128
2144
2135
2135
2138
2160
2155
2154
2150
2140
2142
2147
2161
2165
2151
2150
2137
2148
2144
2150
2159
2172
2156
2172
2164
2156
2154
2145
2137
2144
2129
2129
2133
2143
2140
2139
2140
2132
2130
2139
2145
2138
2119
2115
2112
2116
2122
2116
2112
2110
2115
2115
2096
2104
2099
2086
2088
2075
2085
2080
2087
2085
2087
2075
2064
2058
2043
2051
2055
2051
2044
2028
2035
2031
2031
2005
1998
1994
1996
1981
1980
1981
1978
1980
1964
1956
1952
1952
1928
1925
1927
1939
1955
1930
1933
1941
1923
1898
1885
1897
1897
1904
1904
1900
1898
1894
1883
1870
1859
1857
1860
1864
1854
1843
1855
1843
1846
1834
1830
1855
1857
1849
1846
1837
1842
1811
1824
1820
1831
1841
1848
1839
1846
1847
1833
1831
1827
1827
1804
1808
1813
1816
1832
1840
1831
1807
1804
1807
1789
1813
1807
1818
1822
1801
1811
1814
1822
1824
1820
1821
1844
1844
1836
1815
1830
1829
1822
1820
1829
1828
1831
1833
1820
1823
1809
1820
1833
1815
1818
1816
1819
1806
1799
1799
1799
1803
1819
1825
1821
1819
1836
1851
1849
1859
1852
1840
1843
1840
1855
1864
1867
1873
1872
1868
1862
1876
1875
1879
1878
1881
1891
1888
1892
1891
1886
1893
1904
1896
1903
1929
1947
1953
1963
1968
1953
1949
1955
1967
1972
1995
1993
2016
2012
2011
1994
2001
2007
2019
2016
2015
2012
2014
2003
1998
2001
2010
2012
1999
2005
1995
2001
2012
2014
2014
2019
2024
2003
2008
2011
2019
2021
2023
2027
2049
2043
2044
2044
2026
2032
2027
2022
2040
2046
2030
2040
2052
2047
2029
2037
2052
2033
2035
2027
2038
2055
2051
2050
2044
2040
2051
2045
2047
2051
2051
2051
2058
2047
2050
2046
2058
2062
2065
2065
2057
2060
2054
2034
2046
2063
2073
2068
2079
2059
2057
2047
2039
2036
2049
2059
2055
2051
2061
2058
2049
2047
2051
2052
2041
2051
2067
2081
2063
2059
2060
2053
2032
2033
2037
2048
2051
2045
2038
2039
2034
2023
2023
2035
2016
2008
2003
2003
2023
1997
1991
1992
1976
1984
1992
1982
1980
1999
2017
2014
1996
1991
1982
1972
1992
1984
1993
1980
1978
1968
1968
1958
1970
1960
1963
1961
1968
1963
1960
1956
1951
1934
1943
1952
1950
1959
1954
1966
1980
1968
1970
1971
1964
1958
1961
1951
1955
1957
1967
1972
1968
1948
1964
1960
1955
1949
1955
1960
1964
1956
1964
1971
1966
1976
1993
1988
1993
1976
1972
1961
1951
1955
1966
1954
1960
1972
1967
1913
1903
1927
1876
1916
1924
1935
1962
1973
1916
1932
1932
1937
1947
1955
1955
1950
1966
1965
1980
1964
1968
1937
1945
1949
1963
1966
1963
1963
1952
1948
1945
1949
1935
1947
1954
1966
1972
1979
1975
1976
1971
1977
1973
1968
1972
1959
1969
1977
1971
1965
1968
1977
1977
1987
2000
2009
2000
1987
1995
1989
1995
2010
2020
2017
2009
2025
2017
2026
2028
2036
2033
1999
1929
1975
2003
2016
2028
2031
2025
2036
1991
1936
1875
1932
1999
1934
1881
1907
1976
2032
2050
2066
2083
1959
1893
1854
1959
2001
1966
2037
2058
2076
2070
2062
2060
2071
2072
2077
2078
2078
2071
2059
2066
2057
2061
2078
2086
2081
2093
2112
2096
2090
2096
2088
2085
2084
2103
2081
2096
2079
2092
2085
2088
2086
2067
2080
2094
1982
2055
2099
2100
2098
2102
2096
2108
2114
2129
2151
2134
2131
2142
2128
2119
2126
2141
2127
2122
2122
2129
2119
2107
2099
2111
2107
2106
2131
2126
2135
2149
2136
2157
2136
2140
2124
2130
2137
2140
2150
2150
2137
2145
2148
2128
2134
2138
2128
2131
2137
2139
2132
2142
2131
2126
2139
2138
2146
2160
2163
2173
2183
2189
2167
2154
2152
2152
2164
2162
2169
2157
2151
2148
2142
2131
2130
2145
2141
2163
2175
2165
2163
2162
2159
2157
2150
2136
2156
2161
2160
2176
2175
2179
2173
2168
2146
2162
2170
2183
2183
2195
2200
2198
2177
2170
2158
2161
2171
2177
2176
2160
2160
2148
2145
2151
2165
2164
2156
2169
2166
2160
2157
2155
2147
2140
2136
2128
2139
2144
2144
2122
2122
2105
2104
2102
2099
2112
2119
2126
2129
2120
2101
2076
2072
2083
2092
2097
2096
2100
2098
2107
2104
2079
2080
2096
2091
2095
2100
2087
2093
2104
2099
2086
2072
2077
2077
2076
2064
2063
2072
2058
2061
2044
2055
2071
2082
2076
2080
2076
2056
2049
2048
2036
2051
2046
2051
2073
2052
2056
2067
2065
2055
2044
2049
2050
2051
2044
2048
2044
2035
2048
2055
2051
2054
2059
2053
2046
2040
2048
2031
2027
2043
2053
2044
2050
2040
2039
2029
2025
2020
2028
2028
2033
2034
2035
2034
2028
2026
2032
2036
2027
2019
2017
2016
2017
2019
2030
2020
2011
2010
1999
2000
1987
1983
2008
2002
2002
2005
1995
1972
1977
1952
1968
1974
1990
1986
1977
1971
1985
1980
1978
1964
1959
1968
1982
1985
1995
1968
1963
1949
1945
1949
1954
1947
1955
1953
1937
1931
1945
1946
1944
1949
1951
1937
1945
1953
1964
1964
1952
1960
1959
1942
1948
1945
1956
1953
1966
1959
1956
1951
1938
1924
1958
1961
1943
1950
1953
1962
1941
1940
1948
1935
1920
1934
1953
1966
1970
1957
1957
1951
1946
1932
1947
1950
1963
1970
1963
1940
1927
1913
1911
1907
1910
1916
1926
1924
1923
1910
1913
1909
1901
1896
1888
1870
1884
1892
1895
1888
1878
1875
1878
1887
1890
1888
1885
1878
1899
1907
1892
1893
1877
1882
1885
1871
1887
1888
1887
1876
1883
1871
1886
1864
1875
1884
1886
1887
1898
1895
1895
1875
1871
1880
1889
1902
1904
1916
1921
1906
1897
1899
1887
1893
1894
1914
1911
1912
1927
1922
1916
1913
1907
1885
1881
1911
1891
1911
1916
1917
1928
1927
1929
1910
1927
1932
1937
1930
1929
1929
1932
1917
1921
1917
1930
1933
1960
1959
1963
1965
1959
1955
1960
1954
1953
1968
1963
1975
1972
1967
1953
1968
1964
1976
1969
1969
1971
1988
1992
1975
1978
1970
1970
1974
1988
1998
2009
2012
2012
2011
2019
2010
2012
2008
2016
2017
2035
2033
2044
2045
2043
2033
2039
2044
2049
2059
2074
2058
2060
2065
2080
2081
2095
2091
2083
2095
2096
2110
2115
2099
2103
2092
2107
2103
2092
2105
2120
2125
2120
2117
2121
2115
2134
2135
2137
2131
2134
2129
2125
2108
2112
2125
2127
2141
2148
2152
2147
2154
2158
2153
2133
2132
2127
2133
2121
2126
2136
2137
2136
2131
2139
2148
2138
2147
2150
2135
2149
2140
2150
2159
2155
2155
2168
2162
2140
2155
2165
2157
2149
2152
2137
2141
2151
2147
2155
2147
2156
2150
2156
2144
2148
2152
2162
2167
2167
2163
2177
2166
2145
2141
2149
2140
2154
2178
2182
2187
2200
2191
2193
2183
2164
2156
2148
2164
2155
2163
2165
2171
2168
2160
2147
2135
2136
2122
2128
2150
2151
2155
2148
2139
2132
2129
2128
2128
2140
2141
2131
2119
2116
2127
2114
2114
2110
2104
2094
2107
2111
2106
2087
2084
2083
2089
2086
2086
2078
2084
2070
2057
2064
2049
2046
2067
2067
2073
2062
2073
2067
2059
2061
2055
2051
2060
2043
2052
2063
2055
2061
2056
2038
2042
2043
2036
2055
2045
2039
2038
2029
2007
2014
2006
2010
2003
2027
2010
2003
2001
1977
1972
1957
1962
1971
1978
1985
1992
1980
1969
1970
1956
1935
1948
1934
1935
1947
1944
1936
1932
1918
1923
1930
1927
1932
1922
1932
1910
1905
1896
1895
1897
1882
1870
1868
1876
1891
1908
1904
1912
1892
1888
1871
1859
1870
1890
1899
1900
1886
1878
1864
1854
1848
1842
1834
1836
1843
1863
1874
1864
1854
1843
1826
1831
1836
1850
1848
1844
1848
1843
1837
1835
1838
1846
1833
1821
1824
1831
1842
1842
1843
1843
1827
1835
1833
1843
1832
1842
1840
1847
1845
1846
1818
1815
1828
1829
1842
1830
1838
1849
1848
1850
1843
1849
1843
1842
1841
1849
1846
1840
1840
1834
1827
1824
1834
1831
1848
1868
1874
1867
1874
1878
1870
1865
1860
1880
1867
1868
1879
1872
1874
1867
1882
1903
1918
1912
1916
1910
1909
1901
1914
1924
1912
1906
1908
1918
1900
1895
1901
1912
1905
1895
1900
1912
1911
1908
1910
1903
1895
1886
1880
1883
1895
1888
1884
1885
1891
1898
1905
1901
1911
1911
1915
1903
1905
1892
1916
1920
1932
1916
1905
1927
1920
1915
1907
1904
1907
1908
1912
1919
1929
1926
1944
1952
1945
1955
1959
1971
1966
1969
1983
1995
1978
1979
1972
1972
1968
1964
1971
1987
1969
1992
2000
1991
2003
2012
2008
2018
2011
2011
2023
2034
2030
2025
2019
2027
2022
2016
2007
2019
2041
2043
2064
2013
2038
2058
2027
2024
2042
2006
2040
2037
2059
2051
2058
2071
2062
2059
2071
1960
1954
2016
2056
2082
2094
2068
2081
2079
2090
2098
2095
2095
2082
2084
2072
2079
2090
2095
2099
2089
2094
2097
2094
2104
2121
2135
2124
2151
2136
2127
2124
2134
2136
2132
2137
2147
2146
2142
2153
2145
2148
2166
2157
2158
2157
2175
2177
2179
2173
2183
2183
2184
2189
2182
2175
2174
2171
2186
2195
2198
2187
2198
2192
2202
2206
2203
2192
2191
2206
2201
2191
2188
2185
2183
2190
2191
2186
2180
2176
2165
2159
2174
2161
2165
2168
2168
2174
2163
2160
2152
2139
2129
2129
2132
2150
2150
2142
2152
2142
2046
2072
2096
2132
2148
2147
2149
2163
2157
2045
2003
2026
2080
2119
2142
2069
2009
1995
2075
2034
2063
2124
2139
2164
2165
2170
2175
2174
2170
2158
2168
2137
2142
2152
2148
2150
2152
2155
2145
2141
2137
2132
2132
2131
2124
2135
2135
2133
2127
2125
2104
2092
2092
2070
2083
2090
2085
2084
2085
2069
2052
2051
2040
2054
2046
2041
2051
2052
2027
2027
2023
2027
2016
2014
2018
2022
2007
2006
1982
1973
1980
1979
1971
1974
1977
1987
1987
1979
1976
1959
1954
1964
1975
1967
1960
1966
1974
1960
1960
1972
1948
1940
1957
1951
1940
1948
1944
1962
1969
1956
1948
1927
1935
1942
1940
1950
1961
1948
1939
1944
1928
1925
1914
1932
1944
1952
1935
1948
1950
1941
1942
1939
1945
1954
1951
1951
1957
1953
1937
1931
1936
1927
1929
1941
1955
1965
1957
1955
1928
1929
1940
1944
1956
1948
1949
1966
1967
1963
1928
1921
1918
1933
1960
1962
1942
1946
1933
1923
1920
1930
1932
1938
1954
1944
1939
1943
1947
1932
1939
1939
1939
1929
1942
1949
1976
1974
1962
1958
1943
1941
1956
1950
1945
1954
1963
1963
1980
1982
1982
1984
1973
1986
1996
1969
1987
1998
1985
1993
1990
1983
2000
1996
1998
1996
2004
2009
2014
1999
2007
2001
2004
2002
2006
2010
2030
2030
2025
2010
2002
1996
2023
2039
2032
2023
2051
2055
2066
2047
2043
2055
2057
2049
2044
2057
2066
2061
2054
2049
2041
2063
2069
2060
2074
2073
2088
2080
2072
2070
2055
1965
1864
1769
1742
1829
2035
2284
2506
2672
2766
2819
2886
2967
3099
3245
3423
3575
3680
3721
3712
3663
3596
3585
3620
3687
3776
3827
3853
3850
3803
3729
3668
3638
3616
3625
3635
3615
3603
3555
3492
3415
3359
3280
3233
3220
3228
3203
3150
3086
2973
2875
2761
2690
2624
2558
2498
2516
2520
2472
2358
2225
2089
1968
1874
1796
1795
1809
1848
1877
1878
1851
1817
1784
1761
1778
1826
1877
1934
1976
2030
2080
2137
2177
2208
2228
2232
2208
2184
2166
2134
2144
2163
2194
2245
2273
2270
2262
2214
2156
2119
2112
2129
2156
2187
2192
2180
2148
2097
2080
2046
2048
2079
2112
2137
2171
2188
2199
2198
2220
2235
2272
2302
2352
2391
2404
2414
2399
2371
2329
2312
2278
2254
2224
2192
2168
2163
2140
2102
2071
2072
2055
2028
2000
1978
1934
1871
1838
1800
1757
1723
1692
1656
1630
1602
1562
1553
1528
1480
1459
1414
1377
1357
1347
1313
1313
1323
1345
1351
1349
1344
1359
1332
1331
1367
1405
1422
1456
1483
1477
1478
1461
1425
1399
1386
1364
1363
1379
1399
1413
1412
1425
1437
1461
1468
1516
1547
1579
1620
1624
1607
1593
1569
1548
1539
1534
1504
1477
1450
1398
1363
1328
1276
1248
1231
1231
1234
1220
1206
1188
1158
1111
1050
1003
963
929
889
872
859
841
790
742
659
622
577
528
492
446
402
353
286
227
174
157
155
147
141
135
130
126
124
118
115
114
111
110
108
107
105
104
103
101
99
97
96
94
92
91
90
89
88
88
87
87
86
86
85
85
84
84
85
85
84
84
84
84
84
85
84
84
84
84
84
84
84
83
83
83
84
83
84
84
84
83
84
84
85
84
86
87
87
88
89
88
89
90
92
93
95
98
100
102
102
105
106
108
112
115
116
119
120
120
122
128
128
139
139
150
150
156
163
175
183
193
247
297
367
422
487
556
616
691
748
851
956
1048
1157
1302
1393
1491
1580
1655
1713
1783
1868
1941
2015
2088
2172
2254
2320
2389
2433
2488
2562
2633
2700
2762
2840
2908
2979
3070
3151
3237
3324
3424
3515
3592
3664
3732
3803
3865
3926
3977
4064
4093
4095
4094
4095
4095
4095
4094
4094
4094
4094
4094
4094
4095
4094
4094
4095
4094
4094
4094
4094
4095
4094
4094
4094
4094
4094
4094
4094
4094
4094
4095
4095
4094
4094
4094
4094
4094
4094
4094
4094
4094
4094
4095
4094
4094
4095
4094
4094
4094
4094
4094
4094
4094
4094
4094
4094
4094
4094
4094
4095
4095
4094
4094
4094
4095
4094
4094
4094
4094
4094
4094
4095
4094
4095
4094
4095
4094
4095
4094
4094
4095
4094
4094
4094
4094
4094
4095
4094
4094
4094
4094
4094
4094
4095
4094
4095
4095
4094
4094
4094
4094
4094
4094
4094
4095
4094
4095
4094
4094
4095
4095
4094
4094
4094
4094
4094
4095
4094
4094
4094
4094
4094
4094
4094
4094
4094
4094
4094
4095
4095
4094
4095
4094
4094
4094
4094
4095
4094
4094
4094
4094
4094
4094
4094
4094
4094
4094
4094
4094
4094
4094
4094
4094
4094
4095
4092
3922
3779
3640
3535
3426
3334
3203
3086
2983
2878
2747
2636
2515
2388
2279
2158
2040
1906
1795
1667
1554
1426
1323
1220
1115
1004
890
783
673
591
473
381
320
246
193
167
153
145
138
132
126
123
120
116
111
108
105
103
101
98
97
94
92
91
90
89
88
87
86
84
84
83
82
81
81
81
79
80
79
79
79
78
78
78
77
77
77
76
76
76
75
75
75
74
73
73
73
73
72
72
71
72
72
71
71
71
71
71
71
70
70
71
71
71
100
113
113
70
69
70
70
70
71
71
71
71
71
71
71
72
72
73
73
74
74
75
76
76
77
79
79
80
80
82
82
83
84
86
87
87
88
89
91
91
93
93
94
95
97
97
98
100
102
102
104
105
108
109
110
112
113
115
119
122
122
126
127
135
137
145
156
172
178
208
225
268
321
405
476
585
673
775
860
950
1047
1144
1225
1302
1416
1530
1637
1713
1823
1891
1973
2038
2100
2167
2240
2284
2351
2407
2454
2513
2564
2599
2638
2679
2719
2764
2831
2878
2928
2922
2975
3000
3041
3110
3148
3199
3242
3282
3324
3350
3398
3439
3469
3500
3549
3598
3646
3691
3736
3770
3818
3856
3884
3934
3959
3991
4032
4090
4094
4094
4094
4094
4094
4094
4094
4094
4094
4094
4094
4094
4094
4094
4095
4094
4095
4094
4094
4095
4094
4094
4094
4094
4094
4094
4094
4095
4094
4094
4094
4067
4073
4080
4094
4095
4095
4094
4095
4095
4094
4094
4094
4094
4094
4094
4095
4094
4095
4095
4094
4094
4094
4094
4094
4094
4094
4094
4095
4094
4095
4094
4094
4094
4094
4094
4094
4094
4094
4094
4094
4094
4094
4094
4094
4095
4094
4094
4094
4094
4094
4094
4095
4094
4094
4094
4094
4094
4094
4095
4094
4094
4094
4094
4095
4094
4094
4094
4094
4094
4094
4094
4095
4095
4094
4094
4095
4094
4094
4094
4094
4094
4094
4094
4094
4095
4094
4094
4094
4094
4094
4094
4094
4094
4095
4094
4094
4094
4094
4094
4035
3934
3876
3824
3784
3756
3705
3657
3611
3580
3533
3490
3447
3407
3374
3320
3271
3241
3196
3152
3124
3078
3027
2959
2915
2857
2809
2769
2713
2655
2624
2565
2496
2452
2411
2363
2328
2278
2224
2142
2100
2050
1993
1951
1915
1871
1827
1774
1736
1664
1618
1567
1524
1471
1442
1395
1348
1300
1258
1235
1183
1127
1093
1052
1020
961
927
870
824
790
755
705
678
637
596
556
519
484
456
424
395
361
318
288
256
219
192
181
176
167
158
156
149
143
142
136
133
130
127
122
121
121
118
117
115
111
112
110
126
127
130
100
123
113
103
105
106
105
103
101
99
97
96
96
97
97
98
98
132
144
141
92
94
96
97
98
97
95
96
94
92
93
92
93
93
93
94
93
93
92
94
93
93
94
95
94
94
92
93
92
92
94
95
98
99
98
97
96
95
94
95
96
99
100
102
103
103
102
101
102
102
102
103
105
105
108
108
110
112
112
115
116
116
115
116
115
118
120
120
125
130
131
135
134
138
138
140
142
144
152
156
162
172
183
184
206
217
245
278
327
404
462
494
531
573
627
701
763
843
915
1006
1076
1164
1206
1259
1312
1368
1420
1469
1542
1590
1624
1653
1692
1738
1781
1846
1900
1966
2011
2023
2068
2005
2083
2155
2200
2233
2278
2320
2366
2428
2468
2495
2535
2567
2599
2609
2642
2680
2714
2737
2773
2807
2861
2908
2953
3001
3025
3031
3049
3056
3064
3086
3106
3135
3179
3220
3242
3264
3267
3276
3305
3338
3364
3370
3392
3408
3437
3467
3487
3520
3537
3552
3569
3596
3605
3602
3609
3616
3613
3610
3593
3598
3611
3616
3627
3608
3598
3584
3576
3542
3527
3534
3480
3265
3148
3131
3302
3391
3414
3404
3395
3399
3382
3379
3371
3336
3305
3286
3271
3248
3239
3235
3240
3253
3218
3179
3151
3121
3113
3092
3082
3072
3070
3077
3045
3012
2992
2972
2941
2913
2909
2882
2864
2857
2839
2802
2765
2736
2715
2683
2668
2622
2595
2547
2475
2430
2396
2339
2323
2301
2280
2264
2217
2165
2099
2043
2007
1997
1961
1957
1942
1926
1878
1856
1791
1735
1697
1677
1643
1614
1600
1566
1519
1491
1452
1424
1385
1353
1313
1285
1270
1243
1225
1187
1166
1135
1123
1099
1063
1038
1020
1006
955
935
898
856
835
810
779
769
732
710
665
652
628
603
595
569
550
525
509
473
446
414
415
406
397
359
359
327
324
294
283
288
271
267
240
231
227
222
224
231
241
245
248
234
234
229
215
226
240
243
254
260
270
260
275
286
298
321
322
325
340
359
366
388
387
391
414
422
430
447
466
472
486
501
508
515
527
543
573
597
612
638
653
671
695
710
737
757
780
806
838
880
892
924
964
1000
1047
1066
1112
1129
1167
1203
1237
1265
1310
1346
1381
1420
1468
1484
1542
1571
1604
1644
1685
1727
1772
1815
1871
1910
1950
2009
2030
2082
2118
2153
2194
2255
2298
2326
2362
2373
2412
2472
2500
2540
2568
2601
2650
2677
2700
2734
2767
2800
2835
2857
2893
2923
2976
3002
3052
3079
3127
3152
3174
3204
3226
3264
3296
3307
3329
3364
3371
3404
3423
3444
3464
3486
3509
3532
3544
3540
3532
3552
3573
3588
3612
3646
3671
3698
3713
3743
3758
3779
3774
3811
3818
3838
3859
3874
3906
3940
3954
3977
3980
4000
4044
4076
4092
4094
4094
4094
4095
4094
4094
4095
4094
4094
4094
4094
4094
4094
4095
4094
4094
4094
4094
4094
4094
4094
4095
4094
4094
4095
4094
4094
4094
4094
4094
4094
4094
4094
4094
4094
4094
4094
4095
4094
4094
4094
4094
4094
4094
4095
4095
4094
4094
4094
4094
4095
4094
4094
4093
4086
4015
3967
3940
3911
3871
3862
3848
3820
3782
3780
3760
3747
3727
3706
3680
3635
3607
3577
3552
3541
3512
3501
3465
3455
3402
3375
3317
3283
3244
3216
3193
3150
3109
3072
3039
2998
2959
2926
2912
2883
2848
2806
2771
2731
2702
2672
2655
2624
2595
2560
2532
2516
2488
2473
2444
2419
2380
2345
2311
2276
2255
2230
2213
2168
2131
2105
2083
2043
1999
1971
1954
1913
1886
1856
1832
1806
1790
1764
1750
1712
1690
1661
1631
1600
1579
1545
1523
1484
1458
1444
1428
1396
1356
1336
1322
1297
1272
1248
1216
1191
1192
1185
1180
1162
1153
1146
1142
1123
1103
1078
1063
1042
1029
1022
1008
997
985
977
977
959
936
935
931
918
903
888
875
869
867
855
838
838
829
836
820
812
814
820
809
805
793
789
823
815
804
798
801
808
798
767
777
785
803
802
802
801
794
811
814
822
834
851
866
885
907
900
905
913
900
911
928
953
962
969
972
982
974
988
988
988
1012
1005
1012
1023
1036
1039
1043
1043
1041
1066
1088
1108
1131
1153
1160
1164
1167
1178
1186
1200
1213
1231
1242
1264
1277
1291
1292
1315
1332
1359
1376
1383
1390
1404
1427
1468
1470
1505
1520
1544
1569
1600
1607
1651
1655
1672
1683
1691
1713
1715
1726
1766
1776
1781
1791
1814
1833
1829
1832
1853
1875
1886
1917
1931
1935
1934
1945
1953
1982
2000
2032
2038
2039
2039
2059
2070
2076
2096
2109
2124
2112
2145
2167
2185
2198
2199
2204
2201
2221
2249
2252
2271
2288
2319
2334
2296
2312
2343
2377
2396
2411
2407
2432
2429
2425
2444
2447
2452
2463
2471
2476
2476
2484
2476
2480
2490
2499
2489
2475
2498
2503
2495
2492
2484
2476
2474
2475
2458
2473
2480
2490
2495
2504
2488
2477
2497
2507
2499
2521
2532
2552
2547
2550
2544
2551
2567
2566
2571
2577
2584
2598
2595
2588
2596
2629
2619
2622
2618
2640
2640
2646
2657
2652
2663
2644
2644
2646
2651
2678
2672
2667
2663
2655
2653
2662
2657
2646
2657
2648
2654
2651
2656
2648
2638
2633
2655
2652
2657
2657
2641
2635
2627
2614
2601
2601
2613
2609
2595
2591
2613
2604
2615
2603
2583
2569
2574
2579
2589
2577
2567
2537
2538
2534
2536
2531
2449
2488
2507
2540
2538
2536
2516
2492
2483
2358
2297
2270
2347
2424
2453
2343
2286
2272
2356
2329
2300
2362
2392
2409
2395
2392
2373
2367
2368
2349
2334
2347
2327
2315
2303
2297
2292
2276
2259
2265
2258
2245
2238
2219
2195
2183
2171
2159
2159
2153
2140
2136
2124
2100
2087
2088
2067
2060
2060
2051
2047
2036
2019
2008
1996
1777
1621
1560
1715
1867
1929
1863
1922
1937
1944
1937
1941
1934
1920
1902
1873
1841
1835
1825
1817
1835
1820
1814
1799
1784
1787
1766
1757
1729
1707
1698
1700
1684
1671
1665
1658
1660
1642
1615
1607
1606
1588
1575
1574
1555
1535
1532
1516
1514
1500
1501
1463
1449
1447
1451
1447
1439
1434
1412
1395
1376
1371
1367
1366
1343
1347
1335
1338
1340
1326
1313
1298
1284
1291
1273
1267
1262
1257
1249
1240
1230
1212
1204
1191
1195
1188
1176
1151
1148
1151
1148
1139
1123
1113
1102
1110
1102
1095
1087
1095
1075
1079
1068
1052
1046
1028
1009
1020
1021
1017
1018
1011
1007
999
977
981
986
988
986
995
977
977
977
971
968
961
951
943
936
944
953
958
958
951
952
959
960
956
958
979
993
989
978
985
994
1000
1008
1014
1030
1028
1031
1052
1060
1073
1068
1080
1068
1081
1105
1108
1129
1138
1139
1148
1164
1172
1191
1187
1191
1208
1221
1224
1234
1234
1254
1262
1260
1273
1296
1301
1299
1329
1350
1369
1368
1392
1405
1414
1437
1452
1467
1488
1491
1488
1515
1535
1528
1560
1587
1592
1626
1652
1662
1695
1708
1705
1728
1763
1784
1790
1814
1605
1529
1474
1729
1857
1917
1952
1990
2011
2042
2058
2076
2087
2100
2118
2127
2136
2159
2170
2168
2182
2198
2216
2225
2243
2255
2264
2296
2303
2313
2327
2345
2350
2374
2367
2406
2409
2418
2437
2445
2469
2495
2511
2508
2518
2541
2546
2562
2584
2615
2620
2640
2658
2670
2685
2692
2702
2712
2719
2734
2761
2788
2799
2811
2817
2808
2814
2817
2800
2812
2839
2856
2873
2886
2885
2873
2873
2856
2867
2875
2881
2884
2899
2903
2908
2905
2905
2905
2907
2915
2918
2919
2914
2909
2897
2893
2887
2884
2894
2906
2896
2891
2876
2858
2858
2860
2850
2857
2866
2862
2849
2847
2844
2836
2819
2800
2782
2775
2765
2769
2775
2784
2767
2742
2733
2724
2722
2698
2704
2712
2694
2689
2669
2644
2625
2625
2632
2624
2616
2611
2595
2595
2589
2571
2559
2555
2556
2551
2532
2520
2521
2519
2496
2488
2476
2477
2481
2481
2481
2479
2455
2449
2427
2406
2383
2385
2381
2385
2389
2379
2365
2347
2352
2318
2307
2296
2309
2315
2295
2277
2270
2261
2241
2232
2230
2237
2221
2215
2217
2217
2208
2195
2179
2171
2162
2155
2153
2136
2127
2140
2134
2128
2119
2108
2107
2111
2106
2089
2095
2087
2064
2050
2041
2041
2046
2039
2035
2026
2020
2015
2003
1993
1995
1976
1984
1980
1970
1975
1969
1958
1956
1957
1950
1926
1905
1910
1918
1910
1920
1902
1874
1856
1854
1852
1857
1844
1846
1847
1848
1858
1855
1827
1823
1826
1832
1822
1827
1817
1817
1810
1797
1806
1802
1808
1810
1809
1801
1818
1804
1788
1795
1792
1799
1814
1803
1814
1804
1796
1759
1774
1771
1765
1764
1755
1760
1764
1772
1757
1770
1764
1767
1768
1765
1729
1750
1756
1761
1758
1764
1767
1759
1771
1765
1755
1755
1750
1765
1784
1795
1781
1758
1759
1781
1787
1788
1790
1786
1791
1780
1784
1771
1781
1785
1790
1787
1791
1801
1792
1780
1789
1769
1772
1787
1795
1796
1776
1775
1763
1765
1757
1753
1748
1761
1753
1757
1752
1751
1750
1740
1745
1736
1747
1744
1753
1752
1763
1767
1769
1747
1750
1739
1740
1746
1743
1741
1743
1770
1761
1772
1760
1772
1764
1763
1760
1767
1774
1768
1761
1758
1759
1774
1762
1747
1743
1750
1778
1776
1777
1782
1767
1773
1767
1767
1768
1774
1760
1775
1780
1784
1780
1784
1792
1772
1777
1785
1791
1788
1787
1810
1812
1803
1798
1787
1781
1775
1784
1796
1808
1804
1811
1822
1830
1814
1801
1803
1814
1809
1840
1848
1848
1865
1864
1863
1848
1848
1840
1846
1863
1876
1884
1897
1889
1889
1888
1885
1892
1905
1920
1935
1937
1932
1937
1928
1932
1915
1929
1962
1964
1972
1958
1962
1941
1940
1947
1952
1962
1984
1988
1983
1995
1999
1989
1989
2005
2007
2021
2025
2036
2026
2029
2026
2031
2035
2043
2039
2035
2048
2056
2060
2069
2067
2060
2062
2053
2063
2083
2079
2089
2069
2087
2012
2058
2069
2081
2038
2075
2101
2137
2151
2063
2086
2100
2110
2110
2120
2153
2153
2163
2163
2165
2160
2159
2171
2181
2185
2202
2220
2206
2239
2244
2230
2225
2226
2240
2244
2246
2272
2272
2261
2270
2287
2294
2280
2281
2301
2309
2297
2314
2328
2321
2298
2300
2310
2320
2324
2324
2326
2325
2326
2328
2329
2320
2327
2337
2335
2349
2280
2275
2319
2353
2361
2368
2386
2374
2365
2357
2339
2228
2191
2225
2312
2289
2228
2304
2380
2409
2432
2439
2434
2444
2438
2420
2404
2412
2415
2417
2425
2434
2441
2431
2426
2418
2421
2418
2432
2433
2435
2418
2433
2438
2433
2417
2414
2416
2416
2407
2398
2397
2392
2375
2372
2388
2392
2390
2388
2401
2402
2405
2396
2383
2375
2355
2361
2371
2369
2353
2361
2343
2341
2320
2327
2328
2323
2326
2325
2323
2304
2283
2271
2272
2264
2245
2249
2252
2248
2240
2232
2220
2209
2213
2202
2196
2185
2172
2158
2150
2146
2143
2132
2099
2092
2097
2088
2077
2064
2058
2056
2052
2033
2028
2004
1994
2002
2007
2006
1993
1979
1976
1956
1942
1939
1933
1922
1916
1923
1902
1888
1871
1875
1877
1877
1895
1895
1880
1858
1848
1842
1833
1819
1805
1800
1791
1785
1780
1779
1743
1752
1764
1751
1735
1741
1736
1732
1737
1727
1712
1704
1694
1713
1695
1678
1665
1676
1669
1679
1667
1657
1657
1651
1656
1651
1642
1664
1648
1656
1635
1635
1632
1648
1656
1645
1637
1639
1627
1621
1522
1551
1589
1603
1617
1612
1622
1628
1646
1638
1645
1638
1614
1603
1609
1612
1638
1647
1650
1633
1648
1641
1619
1630
1646
1655
1656
1667
1657
1661
1651
1649
1646
1657
1663
1680
1689
1681
1679
1666
1693
1703
1705
1715
1712
1724
1735
1738
1763
1760
1772
1769
1777
1769
1772
1776
1796
1784
1800
1799
1816
1827
1824
1830
1823
1827
1844
1864
1878
1870
1880
1892
1907
1907
1895
1895
1913
1928
1932
1942
1950
1965
1977
1978
1986
1997
2017
2028
2040
2056
2050
2059
2049
2060
2071
2076
2082
2098
2108
2118
2131
2136
2136
2149
2150
2139
2143
2158
2160
2150
2144
2131
2154
2168
2173
2188
2197
2195
2187
2168
2182
2180
2172
2183
2199
2198
2206
2211
2195
2193
2199
2186
2165
2175
2185
2193
2185
2180
2175
2173
2185
2183
2195
2214
2195
2191
2183
2182
2192
2183
2176
2175
2173
2191
2191
2191
2181
2190
2207
2195
2192
2190
2182
2183
2185
2193
2209
2214
2207
2201
2200
2199
2202
2200
2203
2196
2202
2207
2198
2188
2207
2206
2181
2185
2181
2194
2188
2197
2184
2190
2184
2171
2163
2149
2152
2158
2147
2164
2177
2184
2171
2179
2179
2166
2169
2164
2163
2160
2158
2166
2162
2156
2137
2138
2135
2138
2130
2127
2117
2109
2102
2093
2087
2102
2107
2093
2110
2102
2088
2092
2089
2083
2076
2070
2048
2055
2056
2065
2063
2053
2031
2038
2040
2034
2036
2034
2019
2023
2015
2004
2004
1988
1981
1971
1989
1980
1976
1977
1971
1974
1985
1977
1969
1975
1960
1956
1962
1963
1956
1965
1950
1968
1959
1947
1942
1948
1940
1936
1958
1962
1947
1940
1951
1945
1942
1951
1951
1956
1945
1944
1946
1927
1923
1914
1912
1904
1900
1905
1920
1917
1930
1916
1915
1912
1913
1922
1918
1921
1932
1915
1903
1902
1908
1912
1934
1931
1952
1954
1955
1951
1948
1953
1944
1964
1951
1964
1929
1928
1929
1910
1910
1911
1929
1946
1964
1961
1964
1976
1962
1955
1964
1966
1982
1985
1984
1985
2003
1985
1998
2011
2010
2001
1993
1984
1984
1990
1996
1998
2002
2012
1998
1991
1987
1991
1981
1978
1990
2004
2016
2014
2017
2019
2033
2033
2033
2026
2039
2027
2041
2054
2079
2071
2091
2096
2095
2093
2075
2062
2060
2045
2054
2059
2084
2082
2085
2102
2110
2096
2090
2087
2071
2076
2089
2110
2132
2138
2124
2129
2112
2096
2113
2104
2096
2096
2107
2101
2118
2107
2110
2110
2115
2099
2112
2112
2119
2111
2122
2117
2107
2106
2109
2099
2105
2105
2112
2109
2115
2117
2124
2118
2115
2118
2116
2122
2102
2111
2099
2108
2107
2095
2102
2094
2088
2099
2107
2098
2091
2092
2092
2094
2082
2076
2073
2084
2079
2055
2053
2060
2054
2050
2035
2042
2041
2030
2041
2022
2033
2021
2030
2023
2036
2028
2033
2042
2041
2035
2036
2026
2023
2030
2039
2043
2020
2010
2003
1996
2007
2007
2014
2002
1990
1995
1986
1976
1964
1956
1954
1967
1959
1955
1963
1964
1964
1958
1933
1926
1926
1919
1922
1913
1913
1916
1921
1924
1932
1930
1944
1935
1912
1916
1915
1901
1914
1942
1939
1955
1961
1951
1943
1929
1919
1909
1907
1924
1945
1939
1935
1931
1938
1930
1940
1935
1945
1948
1948
1961
1960
1963
1955
1955
1952
1952
1943
1929
1946
1955
1967
1971
1974
1971
1957
1959
1956
1948
1940
1955
1959
1940
1945
1951
1956
1949
1952
1958
1977
1980
1980
1996
1998
1996
1982
1971
1974
1995
1995
1995
1987
1988
1976
1986
1978
1971
1979
1977
1999
1991
1988
1988
1986
1988
1985
1989
2003
1988
1980
1985
1991
1988
1992
1976
1984
1998
1976
2004
2009
2014
2025
2017
2016
2019
2010
2009
1998
2014
2034
2042
2041
2006
2008
2010
2000
2009
2024
2032
2045
2038
2035
2024
2027
2015
2011
2017
2037
2039
2045
2034
2033
2032
2032
2029
2026
2039
2060
2060
2062
2064
2056
2072
2072
2064
2067
2077
2086
2072
2064
2046
2049
2060
2060
2079
2071
2069
2068
2066
2063
2067
2080
2075
2065
2084
2099
2089
2086
2096
2040
2055
2069
2076
2034
2050
2089
2085
2079
2096
2026
2063
2082
2087
2096
2087
2109
2109
2115
2114
2099
2087
2082
2056
2051
2031
2047
2052
2064
2058
2064
2066
2067
2057
2047
2050
2056
2040
2040
2052
2047
2056
2055
2069
2059
2066
2064
2056
2056
2045
2030
2050
2049
2041
2050
2048
2063
2062
2053
2047
2039
2019
1918
1935
1978
1998
2005
2013
2015
2006
2022
2033
2025
2028
1939
1854
1829
1910
1886
1863
1939
1979
2000
2011
2018
2022
2010
2018
2024
2012
2020
2013
2015
1994
1994
2007
1999
2001
2003
2001
1981
1983
1980
1970
1846
1923
1973
1994
1987
1982
1993
1992
1991
1989
1997
2011
2015
2008
1990
1993
1984
1986
1983
1977
1980
1975
1969
1976
1989
1993
1976
1987
1989
1985
1984
1973
1961
1977
1976
1975
1977
1976
1982
1985
1988
2003
2009
1996
2003
2015
2018
2014
2019
2012
2012
2008
2005
1996
2006
2019
2022
2006
2017
2019
2018
2020
2008
2012
2016
2020
2009
2005
2019
2013
2029
2040
2032
2046
2054
2050
2045
2046
2045
2048
2071
2076
2086
2102
2112
2108
2110
2100
2104
2114
2099
2082
2070
2067
2077
2087
2087
2101
2092
2105
2113
2114
2100
2107
2107
2100
2096
2096
2091
2083
2111
2118
2105
2100
2100
2096
2092
2075
2072
2079
2085
2097
2088
2073
2057
2067
2064
2085
2087
2079
2087
2107
2096
