2054
2053
2046
2056
2057
2065
2053
2060
2059
2057
2043
2040
2032
2014
2012
1999
2005
2020
2017
2017
2031
2026
2009
1992
1999
2008
1999
2000
1980
2009
1996
2012
2018
2006
2005
2009
2029
2017
2021
2028
2015
2008
1993
1978
1982
1995
2014
2022
2019
2020
2010
1995
2005
1977
1969
1977
1984
1971
1955
1961
1969
1968
1968
1976
1968
1969
1971
1963
1958
1971
1943
1944
1970
1961
1948
1946
1940
1926
1926
1927
1918
1907
1894
1904
1893
1895
1886
1871
1871
1857
1863
1876
1890
1884
1905
1912
1901
1894
1877
1855
1850
1851
1865
1872
1875
1894
1888
1880
1879
1872
1868
1871
1871
1866
1866
1863
1860
1866
1874
1884
1889
1883
1881
1885
1888
1881
1867
1873
1892
1905
1903
1908
1905
1904
1918
1913
1904
1890
1887
1892
1900
1904
1906
1914
1918
1904
1915
1910
1908
1918
1915
1905
1921
1935
1940
1915
1910
1916
1920
1925
1905
1911
1902
1904
1912
1909
1907
1918
1910
1898
1898
1894
1906
1908
1930
1942
1947
1929
1931
1927
1934
1953
1966
1945
1942
1938
1950
1955
1962
1969
1978
1993
1990
1988
1979
1969
1968
1966
1987
1990
2003
2012
2007
2013
2008
2007
2012
2017
2037
2036
2038
2053
2065
2063
2068
2057
2064
2060
2072
2076
2067
2064
2076
2084
2078
2077
2073
2076
2072
2079
2080
2079
2086
2085
2097
2104
2100
2097
2109
2125
2131
2125
2119
2111
2095
2108
2102
2118
2125
2128
2158
2142
2123
2132
2133
2139
2139
2149
2141
2151
2169
2173
2178
2169
2160
2151
2143
2150
2164
2172
2185
2187
2188
2184
2179
2170
2169
2164
2167
2171
2176
2179
2191
2197
2192
2186
2185
2197
2204
2209
2200
2204
2206
2202
2197
2215
2212
2204
2200
2190
2187
2186
2189
2173
2177
2177
2178
2167
2163
2174
2174
2168
2151
2150
2147
2149
2148
2161
2154
2145
2150
2159
2142
2135
2112
2116
2126
2149
2148
2139
2134
2136
2135
2119
2129
2112
2122
2138
2136
2134
2121
2122
2111
2102
2119
2121
2118
2120
2110
2108
2102
2102
2105
2121
2114
2105
2108
2104
2118
2116
2136
2131
2120
2124
2132
2131
2122
2121
2114
2121
2119
2119
2109
2099
2096
2112
2099
2096
2113
2104
2093
2099
2083
2087
2089
2089
2090
2095
2084
2086
2079
2081
2076
2070
2082
2080
2077
2079
2061
2062
2067
2057
2057
2050
2055
2038
2041
2034
2038
2025
2025
2038
2030
2013
2016
2024
2028
2036
2046
2040
2033
2032
2019
2011
2025
2043
2047
2044
2038
2046
2034
2028
2031
2023
2022
2026
2028
2024
2006
2007
2002
1996
1987
1996
1990
1970
1965
1979
1981
1987
1975
1983
1977
1977
1980
1984
1980
1981
1978
1984
1965
1971
1964
1950
1938
1935
1923
1929
1920
1931
1941
1944
1932
1918
1910
1913
1904
1888
1880
1884
1874
1875
1866
1867
1875
1863
1854
1868
1862
1875
1884
1867
1872
1859
1863
1846
1833
1832
1835
1843
1840
1837
1848
1836
1849
1852
1850
1852
1844
1859
1878
1879
1857
1874
1852
1860
1859
1859
1871
1877
1860
1870
1864
1870
1887
1891
1894
1904
1903
1910
1913
1884
1895
1900
1895
1905
1910
1913
1915
1912
1917
1907
1899
1886
1884
1892
1913
1915
1926
1922
1928
1926
1916
1920
1922
1920
1924
1913
1918
1923
1925
1915
1915
1934
1939
1927
1946
1944
1947
1935
1945
1945
1964
1954
1951
1956
1939
1952
1950
1956
1955
1962
1959
1965
1966
1982
1981
1970
1980
1984
1979
1972
1968
1974
1975
1977
1996
1998
1995
1999
2003
2015
2023
2035
2040
2031
2044
2043
2051
2061
2057
2053
2042
2037
2036
2037
2048
2058
2055
2054
1997
1955
1952
2010
2121
2232
2290
2248
2091
1885
1661
1507
1476
1574
1720
1859
1917
1861
1801
1788
2043
2254
2514
2752
2931
3053
3087
3108
3131
3220
3377
3570
3731
3854
3916
3897
3951
4024
4094
4094
4094
4094
4094
4094
4094
4094
4094
4095
4094
4094
4094
4093
3878
3709
3608
3575
3532
3495
3440
3351
3274
3227
3218
3227
3276
3334
3370
3388
3387
3382
3406
3457
3532
3615
3702
3729
3711
3675
3644
3647
3691
3744
3791
3798
3740
3643
3514
3388
3289
3245
3238
3254
3249
3201
3103
2951
2764
2587
2439
2342
2273
2230
2172
2073
1942
1795
1629
1490
1396
1355
1340
1323
1319
1169
1231
1260
1253
1240
1225
1205
1220
1174
1145
1154
1300
1415
1415
1536
1658
1776
1870
1978
2079
2158
2233
2235
2259
2235
2255
2276
2327
2362
2344
2277
2202
2121
2038
2006
2014
2032
2081
2108
2125
2128
2117
2105
2107
2121
2132
2136
2134
2105
2045
1993
1923
1863
1795
1765
1727
1691
1670
1656
1617
1591
1557
1533
1502
1481
1433
1373
1140
1116
1053
966
887
807
698
606
464
323
190
140
135
125
119
120
116
114
110
109
106
105
104
105
103
103
100
99
97
94
93
90
88
87
84
83
82
80
79
78
78
77
76
76
76
75
75
74
74
73
73
72
72
71
71
71
70
70
69
68
67
67
66
65
65
64
64
63
63
62
62
62
62
61
62
62
62
62
63
63
63
63
64
65
65
66
66
66
66
67
67
67
67
67
67
67
67
67
67
67
67
67
68
68
69
70
70
71
71
72
73
75
76
78
80
81
84
86
88
90
92
95
97
101
103
107
110
111
112
115
116
118
122
124
132
134
140
142
151
155
172
188
227
289
374
471
577
693
808
938
1059
1171
1288
1400
1497
1609
1718
1812
1891
1960
2030
2103
2179
2257
2337
2418
2501
2590
2680
2764
2881
2982
3074
3182
3295
3420
3534
3679
3777
3892
3998
4093
4094
4094
4094
4094
4095
4094
4094
4094
4094
4094
4094
4094
4095
4094
4094
4094
4094
4095
4095
4094
4095
4094
4095
4094
4094
4094
4094
4094
4094
4094
4094
4094
4095
4095
4094
4094
4094
4094
4095
4095
4095
4094
4094
4095
4094
4094
4094
4095
4095
4094
4094
4094
4095
4094
4094
4094
4094
4095
4095
4094
4094
4094
4094
4094
4094
4094
4094
4095
4094
4095
4094
4094
4094
4094
4094
4094
4094
4095
4094
4095
4095
4094
4094
4094
4094
4094
4094
4095
4095
4095
4094
4094
4094
4095
4094
4094
4094
4094
4094
4094
4094
4095
4094
4094
4094
4094
4095
4094
4095
4094
4094
4094
4094
4094
4094
4094
4095
4095
4094
4095
4095
4094
4094
4094
4094
4094
4094
4094
4094
4094
4094
4094
4094
4094
4094
4094
4094
4094
4094
4095
4094
4095
4094
4095
4094
4095
4094
4094
4094
4094
4095
4094
4094
4095
4094
3934
3753
3610
3484
3352
3233
3101
2995
2879
2781
2656
2529
2411
2277
2171
2063
1948
1817
1729
1624
1539
1441
1355
1269
1175
1095
1000
912
831
740
647
571
481
381
291
231
182
163
160
151
147
140
138
133
132
129
127
123
122
119
116
115
112
109
105
104
104
102
99
99
96
96
95
93
91
92
91
90
89
89
88
87
86
86
85
85
84
83
84
83
82
82
81
81
80
79
79
79
78
77
76
76
76
76
76
75
75
74
75
75
75
75
75
75
75
74
75
75
75
76
75
74
75
75
75
75
75
75
74
75
74
74
74
74
75
75
75
75
75
76
76
76
77
77
78
78
79
79
79
80
81
81
82
83
83
84
84
86
87
87
89
89
91
92
95
96
99
101
103
109
109
115
116
121
127
134
141
157
166
199
231
283
357
424
507
594
672
758
824
894
952
1004
1076
1109
1171
1220
1273
1336
1380
1435
1490
1526
1571
1590
1619
1647
1672
1729
1760
1792
1825
1827
1855
1897
1911
1936
1967
1979
2016
2066
2112
2149
2175
2200
2239
2284
2337
2378
2430
2483
2536
2569
2611
2643
2702
2753
2817
2889
2970
3044
3096
3165
3228
3288
3346
3411
3481
3538
3583
3635
3683
3723
3768
3797
3840
3907
3948
3999
4035
4091
4095
4094
4094
4095
4094
4094
4094
4094
4094
4095
4094
4094
4094
4094
4094
4095
4095
4095
4095
4094
4094
4094
4094
4094
4095
4094
4095
4094
4095
4094
4094
4094
4094
4095
4094
4094
4095
4094
4094
4094
4094
4095
4094
4094
4094
4094
4094
4094
4094
4095
4094
4094
4094
4094
4094
4095
4094
4094
4094
4094
4094
4094
4095
4094
4094
4094
4095
4095
4094
4094
4094
4095
4094
4094
4094
4094
4094
4094
4094
4094
4094
4095
4094
4094
4094
4094
4094
4094
4094
4094
4094
4094
4094
4094
4094
4094
4094
4094
4094
4094
4094
4094
4095
4094
4095
4095
4094
4094
4094
4094
4094
4094
4094
4094
4094
4094
4094
4094
4094
4094
4095
4094
4094
4094
4094
4094
4095
4095
4094
4095
4094
4094
4094
4094
4094
4094
4094
4094
4095
4094
4094
4095
4094
4094
4095
4094
4094
4095
4095
4094
4094
4094
4094
4088
3932
3811
3719
3622
3521
3408
3315
3205
3089
3015
2956
2883
2806
2736
2664
2565
2470
2368
2304
2232
2150
2076
2006
1920
1827
1752
1673
1585
1502
1416
1329
1231
1138
1038
953
879
797
723
615
532
435
345
241
171
153
140
133
130
122
119
112
107
104
101
100
96
95
92
91
89
87
85
84
82
82
80
79
79
77
76
76
75
73
73
73
72
71
71
70
69
69
68
67
67
66
66
66
65
65
64
64
64
63
63
63
62
62
62
62
61
61
60
60
61
60
60
60
60
60
60
60
60
60
60
60
59
59
59
59
59
59
59
59
59
59
58
58
58
58
58
59
59
58
58
58
58
59
58
59
58
59
59
59
59
59
59
59
59
59
59
59
60
60
60
75
60
60
60
61
62
62
62
62
63
63
63
64
64
65
65
65
66
67
67
68
68
69
71
71
73
74
75
76
77
77
78
79
81
83
84
88
91
94
95
99
102
107
112
122
136
155
172
202
245
315
400
510
629
683
867
1035
1158
1275
1363
1440
1537
1630
1596
1622
1690
1763
1922
1979
2135
2328
2454
2548
2657
2756
2883
3011
3128
3201
3279
3335
3401
3463
3556
3653
3756
3875
3950
4021
4092
4094
4094
4094
4095
4094
4094
4094
4094
4094
4094
4094
4094
4094
4094
4094
4094
4094
4094
4094
4094
4094
4094
4094
4094
4094
4094
4094
4094
4094
4094
4094
4094
4094
4095
4094
4095
4094
4094
4094
4094
4094
4094
4094
4094
4095
4094
4095
4094
4094
4094
4094
4094
4094
4094
4094
4094
4094
4095
4094
4094
4094
4094
4094
4094
4094
4095
4094
4095
4094
4094
4094
4094
4092
3947
3824
3738
3635
3548
3473
3416
3372
3332
3268
3228
3164
3106
3043
2988
2927
2872
2820
2749
2673
2584
2479
2394
2326
2244
2177
2125
2049
1961
1881
1799
1716
1640
1587
1546
1515
1456
1396
1316
1257
1203
1145
959
994
1004
988
939
901
835
771
694
654
627
592
573
545
504
480
430
383
344
327
295
276
243
220
199
173
164
153
147
143
136
136
135
131
126
127
121
120
118
118
117
115
115
115
111
112
110
108
109
107
105
105
103
103
103
102
100
99
99
98
97
97
96
95
96
94
94
93
94
95
94
95
95
95
96
95
95
95
95
94
95
96
95
96
95
94
94
94
92
94
94
94
94
94
93
94
95
96
95
96
99
98
99
102
102
103
106
110
110
112
117
119
120
126
128
135
139
146
153
179
185
206
262
312
374
436
495
583
665
761
867
952
1041
1140
1212
1294
1370
1462
1551
1657
1757
1868
1973
2051
2147
2230
2313
2384
2464
2543
2619
2700
2768
2854
2916
2968
3000
3051
3120
3168
3231
3288
3343
3395
3476
3535
3584
3646
3700
3748
3824
3883
3936
4008
4091
4094
4095
4094
4095
4094
4094
4094
4094
4094
4094
4094
4094
4094
4094
4094
4094
4094
4094
4094
4094
4094
4094
4094
4094
4094
4094
4094
4094
4094
4095
4094
4094
4095
4094
4094
4095
4094
4094
4094
4095
4095
4094
4094
4094
4094
4094
4094
4095
4094
4095
4095
4094
4094
4094
4094
4094
4094
4095
4094
4094
4095
4094
4094
4094
4094
4094
4094
4094
4094
4094
4094
4094
4094
4095
4094
4094
4094
4094
4095
4094
4094
4094
4094
4094
4094
4094
4094
4094
4094
4094
4094
4094
4094
4095
4094
4094
4094
4094
4095
4095
4095
4094
4095
4094
4094
4094
4094
4094
4095
4095
4094
4094
4094
4094
4095
4094
4094
4095
4094
4095
4094
4094
4094
4094
4094
4094
4094
4072
3949
3868
3821
3754
3718
3660
3606
3549
3491
3459
3394
3340
3281
3232
3182
3128
3072
3027
2974
2925
2878
2841
2791
2748
2719
2676
2635
2600
2556
2527
2482
2443
2407
2377
2343
2296
2243
2218
2183
2161
2107
2064
2021
1990
1958
1913
1882
1847
1806
1780
1730
1703
1651
1625
1590
1556
1524
1491
1461
1436
1404
1379
1342
1301
1281
1236
1213
1203
1182
1163
1148
1128
1123
1101
1094
1078
1064
1046
1030
1031
1011
1011
1002
987
953
924
924
907
909
877
863
862
835
817
802
764
752
730
711
695
683
684
680
684
655
622
596
582
563
555
542
524
532
511
498
481
461
449
437
424
413
417
409
401
389
375
375
372
367
351
358
360
335
338
323
311
296
297
315
297
276
277
271
263
268
245
223
219
217
200
201
198
200
208
211
215
206
210
209
212
215
215
217
222
215
208
218
217
223
228
224
230
250
248
252
247
257
263
270
270
277
296
318
332
322
334
348
357
372
387
383
390
412
418
436
450
489
490
501
519
518
527
541
558
592
605
624
649
664
664
677
727
760
769
792
824
827
839
870
905
927
955
964
992
1023
1052
1059
1097
1118
1147
1170
1199
1239
1270
1282
1335
1363
1392
1415
1438
1459
1493
1520
1554
1584
1595
1624
1652
1678
1713
1745
1772
1792
1825
1864
1894
1916
1947
1979
1998
2033
2040
2070
2100
2133
2178
2203
2231
2265
2294
2324
2329
2365
2379
2412
2424
2449
2470
2497
2517
2531
2558
2592
2622
2646
2691
2703
2708
2733
2753
2782
2808
2838
2864
2883
2894
2935
2965
2980
3014
3018
3022
3047
3056
3080
3112
3139
3150
3154
3183
3197
3212
3229
3252
3261
3280
3273
3289
3305
3303
3323
3340
3363
3372
3380
3372
3387
3392
3389
3412
3422
3438
3446
3452
3447
3453
3471
3481
3510
3521
3552
3573
3588
3596
3604
3623
3625
3648
3680
3696
3719
3738
3738
3774
3771
3782
3786
3808
3817
3831
3829
3840
3847
3850
3855
3852
3854
3861
3867
3868
3864
3876
3876
3862
3875
3854
3856
3847
3836
3840
3840
3816
3813
3789
3768
3754
3725
3708
3694
3696
3670
3647
3626
3600
3582
3556
3524
3488
3470
3440
3408
3388
3359
3333
3296
3264
3229
3198
3164
3151
3114
3059
3010
2960
2936
2905
2872
2836
2799
2773
2718
2678
2631
2588
2545
2496
2468
2443
2400
2364
2323
2279
2224
2189
2120
2068
2040
1969
1931
1880
1836
1786
1750
1703
1666
1630
1592
1562
1520
1478
1432
1386
1356
1298
1275
1224
1177
1156
1109
1082
1044
1023
981
952
921
892
852
831
798
770
756
726
696
666
623
598
587
567
543
530
509
486
464
433
402
370
336
318
292
279
262
254
236
207
193
189
186
180
164
166
161
158
155
150
148
146
146
142
142
142
140
138
134
133
131
132
127
131
129
131
127
127
125
126
125
122
124
124
123
122
122
123
122
121
121
123
124
124
122
121
124
123
122
121
123
123
125
124
128
126
128
127
129
131
129
135
137
138
143
142
145
153
151
152
156
163
171
177
184
204
221
237
269
312
344
384
406
440
489
537
568
618
641
675
711
759
797
829
876
927
972
1007
1053
1092
1055
1111
1177
1229
1276
1322
1369
1406
1449
1465
1513
1544
1590
1635
1686
1744
1765
1804
1825
1847
1878
1916
1947
1973
2008
2048
2071
2104
2136
2183
2206
2232
2275
2308
2318
2353
2375
2402
2432
2446
2476
2502
2529
2538
2553
2559
2563
2556
2592
2628
2658
2688
2718
2742
2764
2774
2795
2800
2798
2806
2835
2851
2870
2910
2937
2952
2961
2973
2968
3002
3030
3063
3104
3134
3139
3161
3178
3174
3193
3220
3246
3275
3308
3321
3353
3367
3361
3373
3382
3398
3423
3446
3469
3493
3509
3527
3515
3527
3545
3559
3565
3557
3560
3565
3584
3596
3598
3600
3616
3615
3606
3612
3610
3616
3608
3603
3608
3591
3596
3594
3599
3592
3575
3563
3559
3537
3521
3516
3507
3487
3368
3400
3421
3420
3408
3390
3368
3339
3332
3326
3312
3142
3060
3039
3056
3146
3184
3187
3063
2967
2913
2877
2990
3066
2925
2907
2970
3012
3026
3003
2982
2956
2915
2882
2878
2843
2821
2815
2799
2775
2756
2749
2720
2687
2664
2632
2600
2569
2561
2532
2531
2532
2511
2412
2420
2452
2436
2416
2388
2376
2371
2333
2313
2297
2276
2259
2230
2212
2204
2185
2185
2163
2139
2107
2074
2068
2044
2035
2019
2006
1999
1992
1974
1959
1950
1936
1937
1924
1910
1908
1875
1885
1867
1848
1815
1802
1788
1774
1758
1755
1760
1739
1715
1711
1696
1688
1686
1689
1703
1704
1709
1707
1688
1665
1660
1651
1661
1670
1665
1663
1672
1670
1658
1660
1626
1624
1635
1641
1650
1654
1663
1667
1656
1649
1646
1634
1648
1655
1643
1654
1665
1686
1688
1679
1685
1678
1677
1676
1666
1671
1676
1676
1695
1702
1708
1702
1712
1714
1725
1700
1721
1728
1735
1741
1752
1762
1768
1788
1797
1795
1809
1814
1806
1800
1792
1787
1809
1817
1823
1837
1843
1843
1841
1851
1835
1833
1842
1850
1869
1872
1872
1872
1874
1868
1877
1870
1887
1887
1895
1878
1904
1885
1903
1900
1911
1910
1930
1942
1938
1949
1957
1957
1948
1956
1958
1972
1962
1969
1975
1974
1970
1968
1971
1991
2014
2019
2012
2025
2027
2026
2012
1994
2003
1981
1997
1998
2008
1993
1999
2019
2004
1972
1969
1982
1972
1968
1979
1994
2001
2012
2014
2019
2009
2003
2018
2016
2040
2032
2019
2028
2036
2046
2055
2067
2083
2094
2080
2089
2080
2087
2088
2096
2092
2112
2121
2132
2143
2145
2140
2138
2128
2136
2150
2150
2160
2158
2152
2147
2141
2153
2123
2111
2097
2113
2123
2119
2099
2089
2092
2081
2066
2043
2023
2014
2016
2012
2018
2016
1995
1975
1948
1931
1915
1914
1884
1873
1858
1857
1856
1864
1840
1831
1811
1811
1792
1779
1757
1739
1737
1728
1728
1721
1702
1685
1677
1671
1646
1631
1615
1609
1597
1583
1582
1574
1567
1569
1564
1560
1537
1554
1547
1545
1537
1563
1576
1567
1586
1572
1572
1578
1592
1589
1607
1609
1624
1639
1649
1647
1642
1640
1644
1654
1662
1675
1685
1692
1688
1688
1695
1703
1717
1718
1731
1747
1769
1759
1775
1788
1787
1786
1811
1831
1851
1868
1886
1873
1873
1876
1870
1892
1913
1921
1932
1952
1965
1978
1976
1984
1986
2003
2024
2049
2070
2101
2125
2127
2121
2132
2156
2154
2176
2191
2196
2189
2190
2199
2208
2231
2255
2254
2266
2269
2272
2287
2294
2309
2303
2310
2319
2342
2362
2361
2374
2374
2376
2379
2380
2395
2402
2428
2438
2444
2443
2444
2428
2417
2419
2424
2430
2419
2431
2437
2437
2415
2412
2407
2403
2420
2421
2431
2438
2443
2444
2425
2443
2432
2439
2451
2449
2448
2447
2458
2451
2439
2433
2427
2428
2447
2450
2445
2431
2431
2419
2393
2403
2393
2399
2396
2411
2412
2419
2415
2421
2392
2377
2374
2381
2398
2430
2423
2424
2418
2410
2404
2408
2406
2400
2407
2405
2428
2402
2406
2406
2416
2409
2407
2406
2400
2392
2379
2367
2347
2343
2327
2331
2319
2317
2324
2321
2318
2294
2275
2270
2270
2259
2259
2248
2239
2216
2225
2206
2192
2161
2136
2132
2140
2160
2167
2167
2130
2123
2105
2076
2057
2040
2029
2027
2017
2020
2023
1998
1978
1962
1946
1937
1930
1914
1900
1899
1910
1883
1874
1859
1863
1859
1849
1840
1840
1843
1851
1836
1809
1789
1774
1771
1783
1785
1775
1767
1765
1752
1736
1735
1728
1720
1728
1732
1741
1740
1747
1724
1711
1719
1715
1718
1729
1731
1723
1731
1735
1726
1708
1719
1724
1724
1735
1735
1745
1764
1744
1748
1742
1733
1728
1721
1720
1714
1721
1719
1728
1739
1731
1715
1729
1726
1724
1722
1728
1723
1724
1721
1727
1712
1709
1713
1715
1716
1704
1709
1710
1696
1689
1703
1704
1708
1715
1707
1712
1734
1731
1723
1712
1715
1712
1707
1705
1715
1710
1721
1737
1736
1733
1721
1735
1734
1740
1731
1742
1751
1760
1764
1778
1788
1792
1807
1794
1800
1802
1800
1802
1796
1807
1804
1792
1809
1834
1842
1820
1832
1836
1846
1842
1839
1868
1877
1884
1893
1903
1909
1939
1922
1918
1932
1936
1943
1963
1973
1987
1985
1983
2007
2008
2007
2008
2023
2036
2031
2048
2036
2042
2041
2042
2056
2063
2060
2075
1999
2052
2076
2097
2104
2105
2121
2124
2139
2131
2122
2119
2129
2120
2117
2128
2135
2128
2130
2141
2150
2147
2150
2135
2135
2117
2124
2135
2140
2156
2166
2151
2137
2133
2120
2127
2132
2120
2137
2152
2146
2152
2151
2147
2152
2134
2116
2102
2102
2093
2108
2098
2087
2093
2083
2084
2076
2080
2077
2087
2061
2079
2082
2068
2063
2073
2059
2051
2059
2053
2052
2052
2039
2036
2030
2036
2042
2032
2051
1907
1945
1981
1991
1984
1991
1984
1982
1999
1840
1752
1707
1760
1883
1855
1767
1828
1905
1945
1953
1975
1965
1963
1945
1929
1919
1916
1891
1879
1873
1859
1854
1855
1875
1887
1871
1860
1849
1839
1843
1822
1814
1808
1799
1799
1795
1795
1784
1786
1792
1665
1680
1719
1743
1739
1748
1756
1770
1782
1779
1793
1780
1776
1772
1766
1756
1760
1766
1764
1758
1754
1769
1761
1766
1773
1756
1759
1772
1774
1783
1804
1820
1824
1829
1839
1831
1833
1841
1856
1875
1902
1918
1923
1935
1928
1946
1940
1942
1942
1944
1958
1952
1959
1981
1994
2009
2027
2024
2035
2038
2051
2052
2077
2094
2090
2095
2093
2092
2083
2112
2112
2119
2142
2129
2132
2110
2096
2089
2093
2097
2104
2098
2103
2113
2119
2103
2083
2093
2096
2094
2089
2099
2087
2072
2078
2069
2063
2058
2060
2061
2062
2060
2076
2069
2057
2046
2042
2044
2048
2048
2056
2060
2057
2056
2052
2053
2057
2046
2056
2057
2056
2061
2052
2062
2058
2070
2059
2060
2065
2091
2092
2088
2100
2087
2070
2080
2075
2083
2095
2117
2134
2143
2151
2153
2131
2130
2120
2115
2129
2130
2140
2151
2155
2151
2144
2133
2134
2136
2144
2143
2147
2157
2155
2147
2156
2167
2159
2166
2157
2160
2171
2172
2156
2144
2147
2152
2156
2144
2134
2134
2131
2145
2139
2131
2136
2127
2134
2141
2124
2129
2126
2126
2110
2107
2101
2108
2110
2093
2084
2107
2129
2119
2124
2119
2107
2099
2090
2088
2082
2082
2114
2104
2101
2089
2067
2067
2071
2068
2086
2088
2096
2104
2080
2072
2063
2040
2065
2068
2081
2089
2104
2131
2115
2089
2082
2060
2046
2035
2040
2049
2046
2044
2019
2002
1998
1981
1970
1977
1991
1988
1987
1976
1982
1969
1954
1946
1947
1947
1963
1991
1996
2006
1994
2005
1984
1960
1956
1935
1956
1960
1955
1954
1956
1950
1940
1925
1924
1924
1928
1934
1933
1931
1944
1943
1932
1936
1929
1935
1940
1935
1934
1935
1948
1935
1955
1965
1991
2007
2007
2002
2013
2022
2027
2031
2037
2043
2056
2086
2073
2065
2067
2052
2046
2060
2056
2068
2079
2084
2107
2102
2099
2103
2111
2087
2084
2103
2113
2101
2114
2128
2119
2112
2102
2097
2092
2099
2104
2115
2107
2096
2096
2067
2060
2049
2041
2042
2041
2048
2035
2028
2028
2011
2024
2033
2020
2008
2012
2035
2038
2048
2041
2038
2031
2033
2044
2052
2046
2060
2066
2063
2064
2041
2062
2052
2041
2027
2023
2035
2040
2045
2048
2061
2066
2069
2085
2079
2079
2090
2082
2102
2100
2115
2124
2115
2133
2129
2151
2159
2180
2179
2201
2198
2209
2227
2228
2222
2218
2227
2222
2232
2247
2244
2232
2252
2259
2264
2253
2240
2235
2244
2253
2233
2243
2243
2266
2256
2256
2250
2247
2251
2234
2235
2230
2219
2208
2203
2206
2214
2212
2213
2203
2197
2178
2157
2163
2148
2152
2147
2151
2151
2136
2137
2117
2113
2108
2111
2118
2102
2088
2110
2106
2108
2108
2110
2092
2081
2067
2068
2065
2053
2064
2072
2048
2031
2012
1999
2002
2000
1998
1996
1995
1991
1985
1987
1989
1987
1979
1991
1988
1977
1992
1980
1973
1967
1947
1951
1951
1945
1954
1963
1967
1959
1945
1931
1942
1927
1930
1929
1928
1933
1918
1919
1905
1901
1892
1896
1878
1880
1883
1873
1860
1850
1835
1821
1810
1816
1843
1842
1856
1844
1846
1841
1840
1819
1807
1826
1819
1844
1832
1837
1838
1840
1838
1824
1832
1843
1819
1818
1821
1816
1809
1814
1819
1812
1829
1827
1843
1849
1857
1867
1860
1847
1848
1863
1883
1873
1877
1872
1890
1891
1884
1895
1890
1905
1902
1908
1898
1900
1904
1903
1932
1929
1937
1938
1944
1955
1960
1959
1978
1966
1969
1961
1968
1969
1970
2019
2021
2023
2010
2017
2033
2020
2010
2006
2016
2028
2030
2056
2046
2059
2056
2039
2036
2055
2055
2072
2072
2082
2076
2060
2064
2044
2054
2063
2063
2058
2076
2092
2086
2102
2079
2067
2061
2081
2099
2105
2107
2118
2113
2116
2115
2126
2134
2124
2126
2121
2124
2131
2134
2123
2105
2132
2118
2121
2119
2150
2153
2150
2145
2135
2136
2131
2138
2148
2163
2171
2179
2172
2177
2181
2185
2155
2168
2173
2179
2183
2175
2160
2169
2166
2178
2164
2173
2169
2183
2191
2190
2171
2187
2179
2174
2184
2176
2172
2192
2194
2188
2184
2189
2179
2181
2186
2183
2168
2180
2179
2189
2176
2185
2175
2181
2200
2191
2198
2199
2197
2195
2192
2168
2168
2179
2163
2182
2161
2159
2153
2150
2144
2142
2142
2152
2153
2135
2127
2110
2095
2099
2093
2088
2076
2065
2055
2045
2048
2044
2043
2044
2032
2028
2021
2005
1996
2002
1989
1999
1991
1982
1970
1938
1941
1938
1935
1937
1944
1944
1956
1943
1947
1935
1923
1915
1922
1935
1927
1926
1910
1915
1915
1900
1894
1892
1873
1876
1887
1888
1905
1908
1889
1900
1886
1887
1897
1899
1892
1894
1900
1903
1902
1887
1880
1887
1886
1880
1887
1903
1907
1913
1937
1926
1898
1904
1910
1902
1898
1883
1884
1884
1886
1896
1879
1887
1880
1875
1885
1892
1885
1886
1887
1877
1868
1858
1857
1849
1850
1838
1835
1831
1841
1835
1825
1820
1828
1835
1833
1840
1842
1838
1826
1824
1831
1822
1818
1825
1821
1828
1809
1812
1807
1817
1824
1808
1815
1812
1836
1832
1848
1841
1836
1852
1856
1848
1856
1843
1847
1847
1841
1840
1852
1842
1862
1876
1864
1884
1886
1888
1892
1902
1907
1888
1874
1884
1892
1887
1904
1912
1902
1898
1898
1883
1904
1912
1884
1880
1900
1932
1946
1952
1948
1944
1932
1934
1915
1906
1914
1923
1932
1917
1931
1929
1925
1920
1924
1934
1939
1944
1952
1966
1961
1952
1947
1939
1942
1941
1939
1952
1951
1948
1942
1946
1949
1948
1948
1982
1984
1995
2001
1996
2005
2018
2011
2001
2000
2009
2016
2010
2012
2008
2011
1996
2013
2007
2024
2036
2043
2048
2052
2039
2036
2028
2040
2036
2033
2045
2045
2063
2062
2066
2076
2056
2061
2062
2072
2075
2086
2076
2060
2076
2075
2069
2079
2067
2061
2063
2044
2032
2022
2025
2031
2031
2042
2049
2053
2017
2023
2022
2021
2030
2058
2014
2043
2040
2044
2020
2016
2023
1884
1944
1990
2037
2060
2062
2060
2058
2058
2040
2045
1974
1894
1873
1897
1886
1909
1984
2043
2048
2051
2045
2062
2044
2051
2069
2062
2068
2071
2074
2070
2065
2079
2081
2074
2072
2067
2061
2072
2077
