2022
2028
2024
2007
2008
2013
2008
2023
2017
2024
2034
2033
2022
2026
2012
2006
2012
2011
2012
2016
2008
1998
1991
1991
1993
1995
2013
2008
2013
2031
2024
2028
2015
2009
2000
2006
1996
1998
1996
2004
1999
1993
1997
2003
1997
2000
1996
1997
1991
2003
2000
2002
2014
2027
2022
2035
2041
2004
1998
1997
1985
1984
1999
1992
2003
2014
2027
2019
2012
2006
2001
2004
2011
2009
2012
2023
2025
2010
2015
2020
2016
2023
2003
2020
2030
2030
2020
2023
2009
1998
2007
2011
1999
1999
2003
2016
2010
2008
2003
2002
2009
2023
2023
2038
2044
2036
2032
2023
2025
2001
2006
2011
2019
2027
2022
2025
2022
2021
1996
2001
2006
2008
2007
2004
2006
2010
2011
2014
1997
1983
1991
2001
2014
2011
2019
2010
2011
2007
2003
1998
1984
1993
1981
2001
2001
2001
1997
1998
1999
1986
1987
1986
1992
2001
2006
2018
2003
1993
1976
1980
1980
1999
2008
1999
2006
1994
1987
1991
1990
1979
1980
2003
2003
2013
2010
2012
2034
2013
2005
2010
1980
1978
1975
1973
1984
2009
2006
2008
1996
2003
1986
1991
2006
2007
2015
2011
1999
2001
2012
1994
1993
2008
2004
1998
2009
2003
2012
2004
1999
2009
2007
2014
2016
2018
2011
2022
2021
2008
1995
1967
1986
1997
1998
2011
2021
2011
2004
2010
1999
1977
1982
1998
2007
2019
2015
2015
2007
1991
1992
2005
2008
2028
2031
2033
2032
2024
2030
2033
2028
2034
2048
2041
2028
2046
2040
2051
2048
2054
2058
2042
2049
2042
2053
2072
2048
2072
2060
2046
2058
2068
2056
2063
2076
2084
2064
2060
2060
2054
2036
2039
2032
2052
2037
2044
2048
2042
2047
2048
2033
2017
2019
2013
2028
2031
1927
1974
2014
2024
1961
1911
1963
1996
2018
2039
2040
2045
2028
2019
2015
2017
2027
2028
2026
2018
2022
2016
2020
2009
2012
2027
2038
2032
2041
2039
2023
2010
2003
2016
2009
2022
2029
2034
2030
2039
2039
2046
2055
2037
2046
2033
2040
2046
2032
2047
2042
2043
2043
2039
2039
2042
2053
2036
2023
2031
2043
2040
2049
2058
2063
2048
2055
2058
2051
2058
2059
2045
2053
2047
2037
2039
2037
2053
2047
2047
2050
2054
2059
2060
2062
2066
2073
2064
2073
2079
2063
2054
2051
2054
2057
2064
2070
2083
2079
2073
2057
2056
2054
2084
2091
2088
2095
2079
2080
2070
2057
2065
2058
2070
2058
2056
2044
2042
2020
2040
2040
2034
2035
2024
2030
2016
2007
2018
2026
2019
2023
2017
2007
2005
1995
2004
2005
1998
2005
2008
1999
1990
2000
1999
1997
2006
2005
2003
1984
1987
1995
2004
1995
2000
1998
2006
1995
1996
2000
2001
1996
1977
1987
1996
2004
2007
1998
2003
2012
2010
2005
1994
1992
2010
1998
2016
2007
2008
1993
2002
2009
2015
2002
1993
1990
2000
2007
1997
1995
2003
2020
2025
2008
2000
2003
2014
2000
1999
2007
1996
2012
2015
2024
2019
2017
2004
2014
2015
2004
2001
1993
1997
2000
2005
2001
1990
1982
1984
1970
1982
1979
1992
1981
1994
2001
1998
2009
2002
1982
1990
1991
1991
1993
1987
1978
1995
1985
1987
1990
1980
2007
2002
1996
2010
2007
2012
2005
1999
1999
2012
1990
1999
2008
2004
2014
2014
2005
2009
1993
1996
2006
2012
2015
2027
2045
2038
2036
2043
2029
2039
2047
2055
2053
2050
2050
2059
2058
2063
2060
2050
2060
2067
2064
2065
2073
2067
2070
2080
2057
2065
2050
2056
2044
2025
2030
2053
2058
2055
2063
2051
2064
2060
2068
2080
2064
2064
2061
2056
2071
2062
2065
1896
1946
2019
2039
2042
2040
2054
2055
2049
2049
2030
2041
2043
2048
2044
2036
2045
2044
2048
2035
2023
2020
2026
2041
2047
2036
2040
2026
2019
2019
2000
2007
2023
2031
2032
2030
2044
2029
2015
2003
2015
2014
2026
2026
2019
2023
2026
2036
2026
2014
2013
2011
2029
2032
2036
2020
2020
2009
1997
2000
2016
2023
2013
2004
2009
2023
2011
2008
1988
1989
1994
1978
1984
1995
1989
1982
1980
1975
1981
1976
1963
1981
1984
1972
1964
1962
1979
1970
1961
1969
1969
1980
1984
1980
1976
1988
1977
1980
1975
1978
1975
1987
1997
1995
1973
1982
1992
1980
1974
1987
2008
2014
2019
2020
2017
2008
2007
2008
2001
1998
1992
1984
1985
1984
2001
1999
1998
1998
2001
2008
1985
2007
2021
2021
2023
2028
2038
2044
2031
2036
2036
2045
2048
2057
2058
2054
2059
2047
2040
2049
2063
2056
2044
2050
2038
2053
2048
2051
2056
2056
2039
2058
2058
2049
2049
2037
2033
2020
2013
2013
2011
2022
2038
2048
2062
2065
2044
2039
2038
2031
2023
2034
2036
2038
2038
2044
2035
2034
2026
2028
2024
2025
2027
2045
2030
2016
2016
2019
2013
2012
2022
2022
2023
2025
2016
2021
2028
2027
2017
2027
2008
2003
2003
2016
2002
2008
2005
1989
1990
1980
1982
1983
1987
1992
1992
1993
1996
2003
1989
1969
1979
1987
1987
1999
1987
1979
1968
1971
1955
1970
1962
1967
1991
1998
1980
1987
1977
1976
1962
1971
1973
1980
1980
1968
1970
1972
1972
1971
1968
1967
1971
1979
1995
1991
1988
1975
1965
1960
1963
1972
1963
1968
1963
1956
1953
1980
1969
1982
2001
2011
2008
2001
1971
1970
1961
1972
1968
1958
1956
1959
1973
1968
1978
1978
1988
1998
1984
1977
1969
1979
1998
1999
2001
2015
1996
1993
1996
1992
1979
1984
1989
2003
1999
1999
2018
2018
2013
2000
1999
2012
2023
2030
2036
2039
2041
2033
2032
2040
2053
2039
2038
2055
2062
2059
2076
2063
2070
2076
2059
2062
2073
2063
2072
2067
2071
2072
2079
2081
2080
2096
2090
2073
2078
2074
2076
2081
2087
2081
2098
2103
2100
2110
2109
2104
2102
2102
2117
2112
2083
2092
2099
2094
2093
2094
2073
2077
2065
2072
2065
2060
2046
2044
2043
2054
2054
2076
2075
2060
2065
2055
1913
1974
2036
1965
1996
2022
2028
2024
2007
2008
2013
2008
2023
2017
2024
2034
2033
2022
2026
2012
2006
2012
2011
2012
2016
2008
1998
1991
1991
1993
1995
2013
2008
2013
2031
2024
2028
2015
2009
2000
2006
1996
1998
1996
2004
1999
1993
1997
2003
1997
2000
1996
1997
1991
2003
2000
2002
2014
2027
2022
2035
2041
2004
1998
1997
1985
1984
1999
1992
2003
2014
2027
2019
2012
2006
2001
2004
2011
2009
2012
2023
2025
2010
2015
2020
2016
2023
2003
2020
2030
2030
2020
2023
2009
1998
2007
2011
1999
1999
2003
2016
2010
2008
2003
2002
2009
2023
2023
2038
2044
2036
2032
2023
2025
2001
2006
2011
2019
2027
2022
2025
2022
2021
1996
2001
2006
2008
2007
2004
2006
2010
2011
2014
1997
1983
1991
2001
2014
2011
2019
2010
2011
2007
2003
1998
1984
1993
1981
2001
2001
2001
1997
1998
1999
1986
1987
1986
1992
2001
2006
2018
2003
1993
1976
1980
1980
1999
2008
1999
2006
1994
1987
1991
1990
1979
1980
2003
2003
2013
2010
2012
2034
2013
2005
2010
1980
1978
1975
1973
1984
2009
2006
2008
1996
2003
1986
1991
2006
2007
2015
2011
1999
2001
2012
1994
1993
2008
2004
1998
2009
2003
2012
2004
1999
2009
2007
2014
2016
2018
2011
2022
2021
2008
1995
1967
1986
1997
1998
2011
2021
2011
2004
2010
1999
1977
1982
1998
2007
2019
2015
2015
2007
1991
1992
2005
2008
2028
2031
2033
2032
2024
2030
2033
2028
2034
2048
2041
2028
2046
2040
2051
2048
2054
2058
2042
2049
2042
2053
2072
2048
2072
2060
2046
2058
2068
2056
2063
2076
2084
2064
2060
2060
2054
2036
2039
2032
2052
2037
2044
2048
2042
2047
2048
2033
2017
2019
2013
2028
2031
1927
1974
2014
2024
1961
1911
1963
1996
2016
2023
2034
2030
2016
2001
1864
1806
1858
1862
1873
1972
2016
2037
2047
2055
2050
2051
2055
2055
2054
2070
2057
2060
2059
2059
2040
2035
2030
2033
1904
1810
1922
2008
2031
2032
2048
2054
2067
2084
2097
2092
2074
2056
2055
2059
2052
2058
2062
2080
2079
2074
2079
2073
2075
2096
2075
2072
2062
2048
2046
2068
2064
2064
2065
2070
2063
2059
2053
2048
2052
2054
2057
2040
2030
2031
2032
2032
2041
2038
2042
2049
2042
2025
2013
2004
2002
2003
2004
2000
1992
1990
1984
1999
1993
1999
1984
1977
1976
1983
1985
1980
1987
1993
1996
1856
1801
1843
1937
1980
2028
2050
2043
1939
1920
1849
1913
1972
1991
1996
2023
2040
2020
2022
2006
2004
2010
2007
2025
2022
2016
2022
2021
2011
2008
2007
2010
2005
2003
2009
2019
2021
2016
2015
2025
2038
2023
2028
2023
2005
2030
2044
2040
2040
2031
2015
2005
1995
2014
2008
2004
2013
1992
2012
2006
2022
2008
2009
2028
2038
2032
2047
2035
2036
2034
2025
2016
2028
2012
2001
2012
2035
2033
2038
2032
2037
2038
2020
2027
2022
2026
2024
2028
2040
2032
2041
2024
2028
2031
2038
2038
2051
2048
2051
2054
2047
2043
2040
2042
2040
2046
2061
2055
2037
2046
2035
2051
2052
2059
2048
2046
2052
2045
2050
2051
2045
2038
2030
2036
2050
2047
2039
2040
2032
2036
2007
2008
2011
2019
2032
2026
2023
2035
2035
2030
2023
2006
2013
2017
2028
2032
2038
2039
2031
2024
2015
2016
2013
2011
2034
2041
2048
2051
2041
2038
2034
2022
2038
2017
2008
2012
2023
2019
2032
2020
2016
2007
2019
1998
2006
2025
2036
2033
2034
2054
2040
2024
2025
2016
2016
2036
2028
2022
2010
2011
2003
2006
2017
2024
2032
2026
2005
1997
2013
2006
2007
2003
2006
1994
1984
1995
1982
2013
2012
2008
2006
2012
2013
2000
1989
2004
2008
2000
1988
1987
1988
1970
1971
1972
1976
1979
1984
1995
1987
1982
1987
1993
1976
1976
1985
1976
1964
1962
1977
1962
1957
1964
1980
1974
1967
1983
1978
1994
2013
2000
2011
2006
1999
2001
2020
2027
2027
2032
2023
2033
2015
2001
1985
2006
2008
2017
2018
2022
2036
2052
2048
2050
2047
2024
2016
2022
2030
2038
2042
2037
2028
2009
2014
2007
2007
2003
2012
2028
2058
2048
2046
2040
2040
2019
2028
2027
2012
2012
1997
2001
2004
2012
2003
2017
2008
2008
2007
2016
2016
2009
2025
2020
2007
1997
1995
1995
2000
1987
1981
1988
1991
2002
2019
2008
2025
2008
2021
2041
2035
2029
2015
2017
2014
1992
2000
1992
2002
2011
2011
2032
2019
1992
1989
1994
1999
2009
2013
2021
2023
2012
2011
1996
2017
2008
2007
1990
1987
1984
1999
2000
1991
1984
2001
2014
2019
2033
2044
2028
2022
2021
2014
2016
2028
2015
2003
2003
1993
1992
2003
2003
2008
1991
1996
2015
2008
1991
1996
1999
2011
2008
1999
1999
1987
1986
1980
1970
1984
1982
1985
1983
1978
1970
1967
1967
1967
1969
1976
1988
1985
1981
1983
1979
1968
1966
1976
1979
1972
1969
1988
1977
1986
1984
1991
1995
1980
1979
1996
1987
1987
1987
1990
1984
1985
2001
1993
1994
1980
1998
1998
2008
2014
2023
2015
2012
2019
2028
2029
2032
2029
2026
2019
2016
2019
2014
2014
2023
2027
2042
2055
2040
2058
2062
2055
2052
2060
2063
2063
2063
2066
2065
2064
2061
2055
2056
2052
2059
2074
2079
2084
2081
2070
2073
2075
2087
2081
2051
2052
2059
2062
2045
2044
2051
2044
2035
2042
2043
2059
2072
2076
2064
2059
2032
2040
2050
2055
2074
2076
2062
2075
2077
2066
2048
2056
2072
2071
2081
2068
2087
2071
2061
2070
2061
2062
2072
2079
2068
2067
2047
2051
2046
2056
2067
2071
2068
2073
2061
2056
2064
2055
2058
2067
2054
2046
2051
2051
2035
2042
2040
2040
2048
2041
2034
2019
2027
2028
2035
2036
2034
2031
2036
2031
2009
2008
2010
2012
2015
2022
2030
2023
2012
2017
2020
2015
2025
2042
2034
2035
2028
2032
2012
2003
1993
1985
1995
1996
1995
2016
2008
2012
2009
1992
1997
2003
1987
1977
1980
1982
1983
1973
1983
1985
1984
1980
1985
1977
1977
1977
1979
1980
1993
2008
2008
2008
2014
2014
2022
2004
1991
1999
2006
2016
1999
2015
2006
2018
2009
2014
2025
2007
2015
2035
2023
2033
2018
2008
2009
2009
2012
1997
1990
1990
1976
1977
1977
1998
1998
1999
1985
1987
1989
2003
2008
2009
2009
2028
2014
2017
2015
2021
2011
2016
2003
1989
1992
1987
1976
1973
1969
1980
2009
2009
2011
2011
2007
2008
2008
1991
2003
2023
2019
2004
2008
2003
2009
2006
2003
2012
2004
2009
2022
2028
2012
2023
2009
2007
1985
1991
2003
1993
1988
1980
1998
1987
2001
2003
1999
2003
1999
1954
1967
1991
2016
2001
2002
2002
1991
1997
2019
2025
2020
2011
1995
1983
1987
2001
2013
2007
1998
1998
2008
2019
2014
2035
2031
2020
2018
2016
2010
2016
2023
2015
2015
2015
2020
2003
1982
1994
1984
1993
1991
2016
2023
2010
2009
2013
2027
1879
1830
1895
1961
2012
2019
2025
2033
2050
2051
2046
2045
1907
1816
1830
1946
1999
2028
1899
1824
1836
1964
2033
2051
2070
2061
2066
1867
1774
1761
1826
1986
1915
1965
2052
2107
2124
2112
2113
2118
2126
2116
2129
2118
2107
2110
2090
2091
2089
2084
2089
1950
1891
1965
2044
2074
2110
2111
2106
2111
2101
2089
1916
2012
2065
2080
2080
2088
2078
2076
2086
2096
2115
2109
2109
2099
2100
2097
2085
2100
2089
2086
2095
2097
2080
2084
2096
2103
2096
2092
2094
2072
2056
2056
2066
2085
2096
2077
2087
2086
2081
2078
2078
2072
2073
2080
2086
2080
2079
2089
2087
2077
2072
2062
2078
2085
2081
2089
2099
2099
2088
2086
2064
2053
2054
2057
2043
2058
2059
2057
2042
2031
2033
2051
2040
2058
2060
2052
2064
2047
2038
2048
2043
2038
2045
2039
2049
2043
2028
2027
2031
2021
2025
2031
2048
2042
2054
2045
2050
2056
2045
2043
2058
2055
2052
2054
2041
2050
2036
2027
2035
2034
2034
2026
2022
2028
2027
2022
2024
2023
2019
2024
2023
2017
2023
2018
2030
2033
2028
2032
2030
2032
2018
2025
2015
2038
2032
2035
2018
2012
2012
1998
1982
1984
1974
1982
1982
1968
1955
1969
1972
1964
1949
1978
1980
1974
1984
1991
1987
1985
1973
1955
1951
1955
1961
1961
1969
1966
1956
1934
1941
1949
1938
1955
1959
1960
1960
1957
1938
1949
1948
1950
1946
1964
1966
1967
1955
1948
1966
1966
1970
1980
1981
1991
1993
1977
1989
1996
1994
1996
1993
1985
1981
1976
1968
1968
1968
1968
1969
1965
1952
1978
1982
1973
1979
1975
1976
1987
1975
1968
1968
1961
1972
1972
1956
1958
1963
1971
1966
1944
1943
1947
1943
1966
1976
1964
1960
1971
1952
1950
1946
1939
1939
1955
1964
1966
1970
1953
1950
1951
1957
1955
1971
1971
1969
1977
1972
1972
1966
1955
1969
1954
1958
1958
1956
1968
1968
1971
1996
1994
2001
2004
1996
1994
2010
2015
2029
2027
2016
2007
2004
2003
1999
1999
2002
1997
2015
2023
2032
2034
2023
2038
2038
2024
2036
2054
2061
2057
2041
2044
2048
2070
2055
2052
2038
2037
2039
2061
2065
2075
2071
2063
2054
2056
2050
2053
2067
2054
2059
2055
2056
2044
2047
2049
2033
2044
2036
2020
2029
2031
2019
2028
2031
2015
2027
2014
2011
2019
2011
2002
2014
2008
2019
2017
2028
2018
2019
2038
2036
2035
2048
2035
2032
2019
2024
2039
2043
2050
2056
2048
2032
2043
2035
2042
2057
2055
2055
2048
2046
2067
2072
2062
2062
2061
2060
2068
2048
2054
2040
2028
2012
2020
2027
2033
2040
2038
2028
2039
2040
2033
2049
2032
2031
2031
2038
2040
2036
2034
2031
2024
2020
2014
2018
2024
2007
2005
2014
2031
2029
2038
2040
2014
2003
2003
2009
2003
1988
2001
1984
1993
2001
1984
1987
1976
1984
1995
1992
1996
1992
1988
1971
1968
1982
2006
2009
1999
2006
1996
1995
1977
1984
1991
2007
2010
2023
2044
2036
2040
2044
2053
2051
2046
2044
2056
2052
2049
2033
2057
2065
2079
2075
2065
2059
2070
2070
2091
2092
2086
2081
2070
2073
2074
2077
2067
2049
2052
2054
2059
2044
2043
2051
2057
2056
2064
2057
2062
2050
2045
2053
2046
2051
2032
2032
2035
2057
2056
2037
2043
2056
2046
2025
2027
2030
2039
2031
2044
2037
2043
2040
2041
2049
2029
2030
2024
2006
2017
2020
2011
2000
2016
2013
2009
2008
2022
2003
2016
2004
2014
2029
2014
2020
2012
2014
2016
2008
2021
2022
2002
2012
2003
1987
1992
1993
1995
1993
1989
1983
1989
1993
1984
1986
1983
1986
1999
2008
2013
2023
2014
2025
2019
2010
2015
2011
2012
2014
2023
2016
2004
1987
1996
1981
1970
1972
1987
1965
1973
1980
1990
1999
2004
2001
2007
1994
1985
1979
1987
1990
1996
1996
1995
1999
1983
1971
1987
1994
1999
2003
1990
1995
1990
1990
1996
1999
1992
2002
2006
2000
1981
1982
1970
1983
1984
1988
1979
1972
1975
1975
1983
1968
1966
1972
1964
1969
1966
1970
1959
1959
1950
1972
1969
1963
1966
1964
1958
1953
1963
1965
1964
1955
1960
1956
1958
1970
1947
1933
1942
1952
1968
1958
1973
1982
1987
1983
1987
1987
2008
1994
2010
2007
2020
2018
2031
2043
2041
2036
2026
2039
2043
2043
2043
2044
2040
2055
2055
2047
2044
2040
2055
2047
2065
2058
2059
2055
2069
2052
2051
2044
2052
2044
2035
2033
2046
2036
2034
2028
2023
2038
2052
2032
2029
2034
2027
2028
2028
2028
2028
2013
2016
2008
2005
2008
2000
2017
2031
2026
2010
1997
1998
2002
1998
2009
1998
1999
2000
2016
2000
2000
1988
1993
1993
1992
1971
1983
1979
1988
1976
1973
1971
1976
1984
1988
1991
1989
1987
1959
1968
1992
1991
2007
1996
1983
2007
2010
1998
2004
1996
2000
2011
2020
2027
2022
2012
2003
2002
2007
2010
2020
2020
2022
2022
2021
2032
2028
2052
2051
2051
2048
2060
2057
2057
2056
2042
2033
2022
2019
2016
2027
2013
2034
2022
2027
2034
2023
2021
2026
2008
2016
2008
2025
2027
2019
2014
2010
2016
2024
2021
2021
2016
2016
2031
2034
2031
2032
2037
2028
2027
2046
2068
2066
2072
2062
2065
2065
2064
2058
2044
2060
2067
2067
2063
2083
2079
2093
2090
2070
2060
2075
2083
2079
2087
2093
2092
2087
2070
2072
2081
2087
2083
2097
2104
2096
2110
2117
2104
2087
2079
2078
2086
2097
2102
2112
2100
2097
2097
2103
2089
2087
2081
2086
2071
2068
2062
2074
2071
2067
2063
2060
2069
2064
2069
2083
2067
2063
2051
2050
2048
2045
2056
2054
2046
2038
2055
2049
2035
2040
2045
2038
2044
2049
2041
2048
1982
2005
2033
2043
2054
2069
2063
2074
2072
2084
2076
2064
2050
2069
2053
2078
2076
2072
2085
2098
2096
2092
2087
2073
2086
2095
2095
2083
2100
2098
2075
2065
2053
2070
2063
2076
2086
2075
2067
2072
2072
2067
2043
2044
2035
2028
2032
2028
2048
2050
1915
1980
2031
2054
2055
2043
2033
2019
2038
2032
1896
1814
1779
1905
1916
1839
1813
1888
1983
1908
1805
1760
1729
1889
1878
1903
2000
2040
2059
2080
2057
2070
2053
2049
2020
2009
2017
2020
2022
2022
2017
2012
2006
2011
2009
2014
2005
2006
1984
1995
1983
2000
2008
2001
2004
1996
1998
1996
1975
1890
1933
1960
1953
1885
1939
1957
1964
1976
1976
1974
1971
1964
1968
1961
1960
1971
1959
1968
1978
1984
1973
1958
1959
1963
1963
1948
1977
1987
1989
1986
1988
1976
1957
1953
1947
1944
1963
1953
1964
1961
1964
1961
1968
1967
1959
1957
1964
1963
1976
1984
1984
1986
1971
1974
1951
1964
1963
1979
1970
1975
1969
1974
1971
1980
1974
1981
1984
1971
1978
1981
1998
1987
1986
1978
1978
1973
1975
1985
1984
1981
1988
1987
1985
1977
1974
1983
2004
2002
2015
2017
2014
2011
2012
2015
2016
2001
2029
2028
2038
2035
2033
2039
2027
2023
2033
2033
2024
2019
2011
2011
2020
2019
2018
2019
2020
2032
2042
2039
2047
2044
2046
2057
2048
2054
2060
2057
2063
2064
2062
2069
2077
2083
2064
2064
2062
2069
2063
2067
2052
2046
2060
2035
2053
2047
2035
2054
2064
2072
2073
2066
2055
2055
2048
2047
2043
2047
2027
2066
2062
2052
2038
2037
2022
2031
2030
2031
2045
2043
2041
2056
2041
2022
2015
2029
2020
2029
2022
2025
2032
2030
2021
2008
2003
1997
2006
2017
2019
2016
2017
2012
1998
2004
2000
2005
2028
2015
2027
2018
2014
2026
2016
2016
2014
2020
2025
2025
2027
2016
2017
2027
2036
2036
2022
2024
2017
2030
2024
2026
2023
2023
2020
2019
2020
2011
2013
2013
2029
2034
2038
2035
2033
2035
2039
2034
2026
2036
2052
2044
2054
2040
2047
2034
2035
2034
2035
2032
2039
2035
2012
2013
2006
2000
2000
1989
1992
1990
1987
1989
1984
1976
1980
1979
1984
1982
1978
1988
1984
1983
1986
1998
1988
1982
1981
1982
1958
1951
1971
1955
1957
1959
1976
1968
1971
1969
1971
1969
1975
1995
1984
1987
1999
1986
1987
1978
2004
2002
2009
2009
2001
2008
2011
2012
2009
2012
2010
2023
2039
2050
2057
2043
2029
2022
2025
2028
2020
2027
2028
2033
2015
2008
2006
1998
1999
2003
1993
2017
1999
2006
1992
1983
1993
1992
1991
1987
1980
1981
1969
1964
1962
1964
1969
1964
1969
1960
1969
1972
1974
1974
1991
1974
1972
1970
1976
1971
1952
1965
1971
1951
1950
1940
1943
1955
1950
1944
1950
1952
1954
1948
1969
1976
1967
1972
1976
1971
1966
1965
1964
1966
1963
1984
1984
1987
2005
1996
2002
2000
2007
2012
2014
2011
2015
2003
1999
1998
2008
2001
1998
2020
2008
2017
2034
2041
2024
2025
2020
2011
2010
2027
2035
2052
2052
2060
2054
2048
2026
2016
2002
2026
2038
2039
2036
2049
2028
2028
2022
2012
2013
2037
2036
2047
2039
2031
2036
2030
2010
2009
2013
2003
2010
2027
2016
2032
2015
2012
2017
2044
2056
2052
2059
2058
2071
2060
2048
2037
2016
2031
2045
2050
2045
2033
2048
2051
2044
2050
2047
2052
2056
2051
2065
2072
2055
2062
2062
2057
2048
2046
2058
2068
2075
2077
2081
2085
2075
2070
2075
2067
2067
2056
2065
2065
2078
2080
2070
2074
2075
2072
2057
2049
2064
2070
2066
2065
2060
2061
2055
2052
2049
2055
2044
2054
2067
2064
2055
2031
2036
2035
2041
2044
2050
2046
2047
2051
2041
2041
2027
2021
2021
2038
2049
2056
2055
2044
2031
2035
2020
2012
2011
2008
2009
2012
2023
2031
2044
2036
2018
2029
2049
2039
2041
2052
2055
2043
2038
2035
2030
2027
2052
2041
2035
2047
2043
2046
2036
2039
2046
2059
2070
2054
2057
2064
2055
2045
2040
2028
2035
2032
2019
2030
2030
2045
2054
2048
2053
2060
2048
2058
2075
2071
2041
2049
2054
2042
2047
2047
2047
2046
2036
2043
2042
2031
2015
2019
2039
2047
2040
2056
2037
2039
2027
2036
2054
2051
2048
2025
2027
2023
2017
2017
2019
2018
2017
2042
2030
2016
2030
2031
2028
2028
2031
2031
2029
2038
2024
2026
2029
2032
2016
2019
1996
1991
2001
2014
2007
2012
2026
2026
2020
1997
2011
2007
2012
2015
2011
2016
2020
2035
2037
2008
2021
2017
2035
2035
2038
2044
2019
2007
1999
2005
2018
2012
2029
2020
2023
2032
2029
2024
2025
2011
2008
2025
2036
2027
2034
2049
2044
2031
2027
2036
2046
2048
2053
2051
2046
2041
2043
2054
2049
2039
2028
2032
2035
2033
2031
2032
2025
2021
2025
2020
2027
2011
2028
2043
2043
2030
2035
2032
2024
2008
2022
2032
2024
2016
2017
2014
1996
1971
1977
1978
1977
1991
2000
2001
2010
2000
1977
1966
1980
1969
1994
1996
1988
1971
1971
1977
1989
1995
1989
1980
1986
1985
1985
1990
1997
1981
1973
1970
1957
1950
1969
1966
1976
1991
1980
1971
1975
1958
1953
1966
1961
1977
1982
1988
1983
1984
1984
1982
1996
1980
1963
1964
1971
1984
1971
1969
1962
1968
1972
1974
1972
1982
1992
1984
1973
1975
1973
1968
1966
1967
1976
1980
1968
1983
1996
1971
1984
1980
1978
1994
1998
1998
2001
1988
1982
1993
1985
1982
1984
1983
1975
1974
1993
1987
1987
1969
1968
1974
1971
1967
1979
1987
1977
1989
1975
1968
1978
1969
1968
1975
1988
1995
1986
1974
1976
1990
1988
2012
1993
1996
2010
2009
1994
1986
2003
2008
2016
1991
2009
2014
2020
2007
2020
2009
2001
1999
2001
2007
2003
2013
2030
2027
2038
2029
2023
2021
2019
2019
2022
2026
2017
2032
2032
2035
2023
2032
2030
2026
2013
2011
2028
2024
2013
2012
2026
1995
2016
2031
2036
2034
2033
2021
2026
2028
1990
1947
1991
2014
2024
2031
2022
2018
2003
2030
2045
2059
2067
2052
2054
2049
2048
2046
2043
2041
2058
2060
2050
2064
2048
2049
2048
2052
2054
2053
2043
2047
2040
2012
2032
2026
2020
2015
2029
2029
2028
2016
2013
1999
2014
2033
2059
2054
2062
2065
1873
1947
1999
2038
2051
2044
2061
2063
2053
2053
1975
1824
1746
1713
1814
1846
1797
1932
2038
2070
2090
2101
2111
2112
2108
2090
2085
2072
2080
2094
2112
2097
2092
2081
2095
2089
2093
2092
2093
2099
2028
1995
2045
2065
2060
1918
1979
2028
2058
2089
2086
2092
2082
2079
2071
2062
2078
2079
2090
2086
2080
2063
2070
2071
2071
2068
2070
2057
2060
2062
2065
2063
2063
2060
2044
2047
2054
2061
2080
2070
2060
2055
2057
2044
2048
2044
2043
2047
2052
2044
2045
2032
2048
2031
2042
2033
2028
2031
2021
2037
2037
2037
2051
2042
2030
2033
2016
2005
2007
2027
2032
2026
2022
2018
2021
2007
2019
2026
2048
2039
2041
2038
2022
1999
1994
2011
2016
2006
2013
2016
2006
2003
1977
1986
1991
2011
2009
2012
2027
2025
2014
2013
2003
2000
1985
2001
1997
2001
2007
2001
2003
1992
1987
1999
2008
2004
2001
2017
2012
2012
2012
2012
2007
2001
2001
1988
1976
1972
1971
1970
1966
1972
1958
1957
1963
1960
1962
1960
1959
1962
1962
1955
1961
1969
1976
1977
1969
1968
1964
1967
1974
1987
1985
1972
1968
1977
1963
1958
1963
1991
1987
1974
1970
1968
1948
1954
1951
1950
1958
1958
1965
1968
1981
1970
1984
1981
1986
1990
1976
1965
1984
1979
1980
1991
1984
1979
1977
1988
1984
1984
1992
1991
1998
2003
2006
2012
2016
1987
1979
1988
1980
1992
1991
1989
1983
1986
2004
1992
1999
2002
2019
2021
2008
1999
1998
1990
1985
1998
2013
2033
2028
2022
2015
2005
2006
1999
1987
1994
2008
2007
2030
2020
2023
2040
2030
2008
2000
2012
2003
2012
2016
2008
2008
2010
1996
2004
2012
2029
2033
2037
2033
2035
2033
2055
2049
2062
2054
2058
2046
2047
2051
2052
2059
2082
2081
2081
2099
2087
2091
2082
2072
2092
2088
2084
2078
2074
2074
2079
2078
2094
2090
2092
2088
2087
2079
2079
2079
2079
2086
2083
2095
2101
2101
2089
2085
2085
2065
2073
2078
2087
2086
2099
2103
2089
2094
2084
2087
2067
2065
2072
2071
2069
2064
2052
2049
2037
2028
2023
2030
2022
2015
2032
2035
2023
2030
2025
2043
2028
2036
2046
2027
2019
2000
1998
1996
1980
1982
1979
1984
1997
2004
2009
1992
1986
1977
1983
1973
1969
1972
1982
1977
1992
1995
1984
1987
1971
1971
1964
1968
1972
1990
1999
1998
1989
1976
1956
1966
1973
1982
1965
1974
1981
1987
1980
1969
1976
1977
1987
1992
1982
1984
1976
1979
2004
2011
2016
2014
2017
2018
2015
1996
2008
2016
2004
2003
1997
1999
2002
2004
2023
2015
2003
2009
2008
2006
2011
2009
2012
2014
2015
2016
2001
2016
2012
2023
2008
2008
1987
2000
2015
2025
2021
2028
2045
2043
2033
2022
2023
2017
2026
2028
2026
2025
2012
2009
2014
2007
2004
2016
2029
2026
2044
2044
2040
2046
2041
2032
2025
2038
2038
2032
2022
2012
2005
2019
2024
2024
2025
2019
2040
2033
2031
2020
2027
2026
2032
2032
2036
2037
2028
2026
2016
2024
2014
2019
2030
2020
2020
2028
2028
2038
2036
2049
2042
2051
2060
2061
2049
2028
2024
2037
2045
2053
2067
2062
2057
2043
2046
2043
2041
2028
2033
2058
2039
2017
2020
2014
2019
2019
2010
2019
2006
1997
2006
2012
1998
2004
1993
1990
1998
2010
2019
2019
2009
2007
1998
1987
1984
1981
1972
1984
1988
1977
1980
1970
1971
1968
1980
1964
1957
1976
1977
1985
1972
1994
2017
1993
2001
2003
1993
1992
1985
1976
1986
1973
1973
1963
1963
1958
1956
1971
1970
1977
2004
1980
1987
1992
1980
1964
1961
1966
1963
1980
1969
1976
1991
1979
1985
1987
1976
1991
1992
1983
1971
1974
1976
1987
1984
1988
1993
2003
1994
1986
1991
1987
1968
1966
1975
1979
2003
2000
2016
2003
1982
1982
1994
1992
1999
1995
1998
2005
1999
1982
1980
1982
1986
1991
1995
2016
2013
2016
2018
2003
2007
2024
2006
2011
2016
2029
2008
2004
1999
2000
2008
2035
2041
2033
2027
2031
2025
2027
2036
2034
2042
2041
2036
2028
2049
2054
2041
2029
2033
2036
2035
2041
2024
2028
2024
2036
2054
2063
2068
2054
2052
2054
2063
2059
2057
2043
2034
2051
2044
2045
2059
2054
2069
2064
2065
2065
2067
2069
2052
2052
2052
2068
2075
2064
2059
2057
2056
2044
2042
2041
2060
2049
2055
2050
2056
2059
2060
2061
2049
2044
2039
2047
2051
2052
2030
2032
2036
2041
2047
2059
2035
2028
2038
2033
2037
2048
2052
2067
2056
2057
2055
2052
2039
2048
2048
2046
2044
2038
2037
2032
2031
2025
2028
2039
2047
2035
2042
2046
2041
2038
2042
2032
2036
2039
2025
2020
2014
2015
2023
2028
2030
2056
2057
2051
2040
2042
2036
2056
2034
2030
2030
2025
2029
2026
2019
2023
2019
2026
2021
2020
2020
2031
2019
2011
2011
1987
2004
1996
2006
2009
1998
2007
2009
2011
2021
2003
2002
2007
2014
2011
2003
1994
2004
2007
2014
2015
2006
2012
1995
1984
1991
2006
2003
2007
2005
2003
2001
2011
1992
1998
1998
1994
2001
2007
2019
2005
1992
1975
1990
1984
1991
2006
2010
2004
2009
2017
2008
2012
2019
2018
2029
2039
2028
2010
2006
1993
2000
2004
2013
2020
2011
2021
2029
2017
2012
2022
2014
2004
2016
2008
2036
2043
2021
2013
2024
2026
2038
2048
2065
2062
2048
2035
2048
2034
2039
2043
2057
2044
2040
2057
2051
2044
2033
2043
2040
2040
2025
2029
2018
2022
2035
2029
2016
2037
2049
2043
2048
2034
2038
2026
2030
2022
2014
2007
2009
1987
1984
1994
2013
2017
1927
1970
1981
2004
1991
2001
2006
2009
2009
2004
2003
2003
1982
1982
1968
1973
1980
1975
1970
1976
1970
1964
1958
1964
1962
1953
1959
1965
1963
1964
1969
1966
1967
1970
1959
1967
1958
1960
1961
1971
1961
1976
1977
1975
1983
1970
1968
1949
1948
1960
1959
1951
1966
1953
1944
1824
1846
1911
1953
1965
1977
1991
1987
1981
1995
1779
1696
1654
1742
1884
1886
1790
1867
1961
2013
2041
2058
2055
2063
2056
2049
2051
2059
2072
2065
2080
2066
2067
2058
2069
2066
2067
1941
1988
2028
2040
2051
2057
2048
2060
2063
2063
2054
1951
2004
2044
2066
2060
2052
2034
2028
2018
2032
2032
2041
2049
2053
2067
2061
2041
2059
2060
2068
2062
2070
2068
2074
2052
2055
2071
2069
2059
2057
2090
2084
2070
2078
2060
2060
2057
2074
2087
2087
2091
2087
2082
2095
2086
2093
2079
2088
2095
2095
2087
2092
2090
2072
2068
2087
2089
2091
2105
2102
2099
2091
2081
2079
2080
2072
2068
2076
2079
2095
2103
2116
2099
2100
2081
2075
2063
2067
2076
2079
2070
2076
2072
2071
2075
2064
2064
2057
2067
2057
2051
2044
2042
2049
2044
2052
2047
2046
2047
2050
2060
2067
2046
2038
2039
2026
2024
2019
2017
2019
2025
2021
2005
2018
2024
2029
2030
2042
2035
2028
2014
2012
2012
1994
2002
2012
2014
2021
2005
1995
1994
1997
1978
1960
1979
1997
1990
1993
2001
2000
1991
2000
2016
2012
2001
2008
2008
2029
2024
2008
2003
1979
1998
1997
1999
2001
2001
2011
2014
2012
2002
1971
1975
1971
1978
1984
1995
1994
1999
1996
1981
1968
1966
1967
1980
1979
1993
1976
1991
2001
1998
1979
1973
1973
1977
1965
1959
1971
1987
1993
1986
1981
1992
1985
1969
2006
1996
2009
2003
2016
2007
1983
1992
1996
1989
1989
1992
1978
1973
1999
2003
1995
2005
2004
2003
1995
1999
2006
2006
1997
1974
1980
2007
2000
2003
1991
1999
2003
2008
1999
1989
1993
1987
1999
2010
2017
2013
2008
2017
2000
2000
2006
2016
2019
2020
2018
2022
2020
2028
2018
2030
2019
2008
2009
2016
2031
2043
2044
2052
2038
2035
2023
2019
2021
2011
2032
2025
2019
2028
2022
2022
2012
1994
2000
2000
2023
2009
2008
1996
1995
2004
1996
1995
1994
1997
2003
2019
2011
2012
2016
2020
2028
2019
2028
2025
2007
2010
2003
2011
2011
2003
1993
2000
2006
2030
2024
2021
2010
1998
2016
2025
2027
2018
2016
2038
2016
2021
2003
2006
2003
2008
2002
2002
2003
2006
1990
2003
2016
2026
2033
2048
2055
2031
2009
2023
2019
2023
2024
2028
2019
2015
2011
2012
2004
2007
2023
2031
2028
2042
2033
2028
2035
2027
2019
2020
2043
2027
2024
2016
2021
2032
2015
2016
2012
2023
2032
2040
2035
2035
2020
2022
2025
2022
2032
2036
2040
2040
2041
2039
2033
2028
2022
2017
2024
2020
2020
2032
2034
2027
2014
2016
2010
2010
2008
2022
2019
2021
2010
2013
2016
2008
2004
2008
2027
2029
2032
2037
2044
2038
2042
2051
2038
2028
2041
2039
2045
2036
2033
2036
2029
2027
2041
2043
2041
2025
2033
2035
2051
2041
2055
2039
2047
2052
2052
2049
2028
2036
2036
2031
2035
2026
2003
2022
2040
2034
2027
2030
2019
2024
2047
2036
2029
2023
2036
2035
2040
2025
2047
2036
2008
2014
2019
2038
2043
2041
2048
2057
2046
2045
2036
2032
2033
2032
2030
2044
2048
2040
2044
2011
2007
2004
2015
2015
2022
2029
2019
2015
2022
2000
2002
1996
2012
2012
2016
2017
2000
1991
1982
1976
1973
1978
1976
1993
1997
1995
2013
2002
1993
1983
1979
1971
1982
1996
1985
1990
2001
1991
1996
1968
1971
1965
1975
1984
1990
2000
1996
1991
1976
1974
1952
1966
1947
1945
1959
1968
1953
1967
1968
1969
1977
1972
1969
1977
1976
1973
1990
1984
1995
2006
1993
1971
1977
1968
1969
1952
1957
1977
1976
1952
1955
1957
1967
1992
1984
2004
2007
1992
1983
2004
2009
2011
1997
2001
2001
2003
1990
1977
1978
1980
1982
1983
1996
1995
2006
2016
2010
2008
1987
1996
2010
1995
1999
2014
2023
2020
2034
2033
2040
2024
2019
2016
2021
2017
2014
2006
2013
2016
2016
2022
2023
2029
2015
2013
2003
2006
2004
2001
2007
2008
2014
2010
2008
1999
1989
2008
2024
2042
2024
2030
2015
2009
1980
1994
1996
2015
2006
2026
2024
2009
1999
2009
2015
2028
2036
2063
2050
2035
2048
2041
2045
2041
2031
2052
2034
2044
2033
2028
2017
2004
2024
2017
2016
2027
2037
2043
2026
2034
2031
2028
2033
2031
2030
2027
2043
2036
2033
2026
2034
2042
2051
2044
2033
2032
2037
2039
2031
2032
2027
2040
2033
2024
2040
2040
2035
2040
2048
2058
2047
2041
2035
2032
2025
2034
2055
2063
2072
2070
2070
2057
2053
2032
2025
2019
2018
2035
2041
2039
2041
2035
2043
2025
2030
2035
2036
2026
2028
2037
2031
2025
2018
2023
2037
2057
2049
2044
2051
2051
2057
2042
2050
2038
2033
2040
2033
2044
2044
2055
2051
2039
2024
2026
2018
2025
2020
2035
2036
2041
2033
2026
2018
2004
2008
2008
2025
2023
2022
2015
2012
2004
2023
2013
2011
2023
2012
2012
2008
1997
1991
1979
1990
1990
2002
2003
2002
1996
2001
1991
1971
1963
1966
1967
1961
1964
1977
1989
1991
1991
1979
1987
1980
1980
1978
1985
1987
2004
1996
1999
1994
2003
1996
2011
2007
2002
2001
2007
2016
2019
2008
2030
2022
2009
2010
2009
2024
2023
2023
2018
2014
1999
1999
1987
2002
1997
2022
2022
2024
2025
2008
2000
1991
1991
2005
2018
2035
2031
2040
2058
2053
2043
2035
2029
2028
2019
2047
2060
2062
2055
2031
2023
2031
2052
2055
2059
2064
2072
2073
2067
2058
2052
2044
2037
2036
2069
2056
2068
2053
2053
2037
2025
2035
2026
2025
2034
2018
2019
2035
2035
2035
2046
2053
2049
2026
2021
2028
2028
2022
2044
2049
2043
1952
1986
2015
2014
2027
2035
2045
2052
2043
2040
2044
2030
2030
2036
2039
2035
2021
2020
2005
1999
2004
2016
2009
2028
2015
2015
2012
2022
2009
2012
2003
2008
2008
2013
2020
2020
2014
2006
2004
2012
2007
1995
1991
1995
1996
1983
1995
2008
2002
2014
2001
2001
2016
2029
2011
1996
2000
1865
1931
1979
2006
2025
2020
2015
2019
2008
1993
1867
1783
1776
1916
1876
1892
1968
2001
2024
2048
2070
2048
2052
2055
2049
2055
2041
2027
2035
2025
2031
2035
2036
2032
2016
2019
2023
2020
2034
2023
2028
2036
2016
2009
2002
2005
1914
1824
1916
1980
2026
2048
1924
1820
1948
2013
2037
2066
2083
2079
2059
2060
2072
2055
2060
2072
2076
2072
2075
2076
2071
2087
2097
2100
2091
2102
2102
2086
2091
2081
2088
2091
2094
2092
2080
2061
2062
2062
2059
2073
2097
2107
2098
2108
2104
2107
2089
2091
2085
2093
2084
2067
2051
2058
2070
2056
2054
2060
2071
2079
2072
2079
2089
2070
2063
2057
2075
2069
2066
2053
2063
2033
2032
2029
2042
2050
2048
2042
2039
2036
2019
2030
2025
2030
2023
2015
2026
2027
2028
2015
2003
2011
2023
2032
2026
2019
2014
2005
1999
2006
2005
2016
2019
2020
2016
2004
2005
1984
1993
1995
2011
2012
2002
1999
1990
2001
2008
2007
2013
2019
2022
2019
2013
2012
2011
2017
2034
2019
2021
2020
2018
1985
1995
1990
1992
1986
1996
2003
2007
2012
2004
2001
1980
1995
1984
1991
1998
1983
1970
1986
1990
1964
1956
1945
1953
1972
1975
1981
1967
1956
1948
1959
1955
1956
1950
1955
1961
1961
1957
1961
1962
1953
1943
1942
1941
1941
1953
1948
1958
1970
1964
1953
1949
1959
1960
1993
1990
1984
1984
1984
1979
1985
1996
2005
1997
1993
2015
2019
2023
2013
2002
1996
2010
2009
2011
2010
2006
2010
2012
2017
2019
2008
2002
1990
1999
2003
2011
2022
2033
2028
2022
1999
2011
2012
2019
2027
2029
2032
2019
2015
2001
2005
1999
2005
2008
2019
2026
2025
2012
2027
2028
2012
2016
2032
2030
2038
2038
2017
2022
2026
2019
2012
2020
2034
2032
2027
2032
2021
2000
2030
2014
2008
2009
2019
2017
2011
2000
2006
2004
2000
1988
1984
1996
1999
1995
2008
2003
2024
2016
2019
2019
1999
1999
1998
2025
2012
2021
2032
2027
2028
2022
2031
2030
2039
2040
2035
2032
2039
2038
2040
2025
2033
2044
2035
2040
2051
2057
2055
2034
2028
2028
2023
2035
2032
2035
2028
2009
1999
1988
1991
1994
1992
2008
2019
2014
2012
2012
2001
1983
1984
1989
1980
1975
1986
2000
1980
1990
1987
1977
1992
1990
1991
1971
1969
1992
1993
2002
2003
2013
2006
2008
2003
1996
2008
2004
2002
1992
2005
2004
2001
1999
1998
2015
2006
2010
2001
2001
2008
2004
2009
2012
2015
2004
2020
2012
2015
2003
2008
1995
1980
1992
1992
2012
2025
2024
2012
2001
2008
1993
1992
1994
2011
2032
2039
2023
2016
2024
2024
2011
2030
2035
2033
2026
2036
2041
2038
2039
2035
2022
2039
2049
2046
2055
2040
2033
2024
2027
2030
2031
2049
2056
2057
2057
2047
2034
2030
2031
2020
2031
2019
2020
2036
2020
2009
2019
2033
2019
2033
2039
2036
2039
2039
2031
2038
2048
2054
2030
2037
2031
2040
2041
2046
2044
2037
2045
2057
2057
2056
2063
2076
2079
2079
2090
2073
2069
2083
2068
2073
2067
2067
2080
2070
2072
2073
2085
2086
2076
2065
2056
2041
2042
2056
2046
2054
2058
2049
2042
2050
2037
2040
2049
2059
2063
2047
2039
2046
2049
2049
2046
2055
2054
2057
2056
2052
2048
2058
2056
2062
2060
2051
2051
2036
2040
2052
2053
2058
2055
2048
2044
2044
2047
2051
2060
2059
2048
2034
2023
2022
2009
2012
2009
2033
2026
2017
2016
2004
2005
2011
1996
2000
2006
2009
2006
2008
2004
2001
2000
2008
1994
1984
1991
1975
1982
1990
1997
1992
1966
1966
1954
1956
1952
1969
1970
1965
1959
1953
1953
1966
1979
1967
1966
1961
1966
1975
1971
1956
1957
1959
1954
1963
1953
1953
1949
1955
1951
1960
1949
1941
1928
1937
1931
1950
1946
1959
1977
1962
1972
1957
1939
1944
1944
1950
1964
1959
1961
1962
1968
1963
1955
1956
1956
1969
1985
1999
2000
2002
1992
1985
1975
1992
2008
2000
2005
2012
2004
2018
2010
2022
2032
2008
2017
2011
2004
2011
2011
2013
2016
2034
2032
2025
2031
2024
2035
2033
2021
2029
2039
2036
2058
2044
2036
2033
2032
2034
2046
2036
2028
2048
2032
2037
2046
2048
2043
2031
2035
2032
2028
2029
2032
2010
2021
2040
2030
2036
2038
2043
2028
2036
2025
2019
2026
2037
2060
2057
2047
2035
2027
2027
2033
2025
2030
2042
2040
2025
2024
2011
2013
2016
2013
2017
2030
2037
2022
2023
2022
2014
2027
2046
2054
2040
2048
2031
2043
2045
2050
2054
2038
2032
2026
2021
2016
2025
2025
2026
2033
2036
2036
2034
2035
2035
2041
2035
2022
2023
2003
2030
2038
2031
2029
2037
2038
2030
2029
2017
2012
2020
2036
2038
2024
2025
2020
2024
2007
2003
1999
2010
1994
1998
2015
2016
1999
2008
2004
2008
2006
1993
1999
2006
2002
1988
2003
1995
1991
1982
1989
1987
1991
1996
2005
1996
1999
2006
1991
1994
2004
2000
1988
1993
2012
2001
1988
1998
1988
2004
2011
2023
2007
2019
2002
2014
2008
2012
1999
2009
2015
2000
2006
2007
1996
2008
2017
2008
2014
2022
2002
2013
2017
2022
2028
2030
2039
2032
2032
2034
2052
2047
2048
2044
2046
2037
2041
2044
2043
2036
2039
2033
2040
2033
2045
2055
2040
2055
2049
2043
2051
2050
2062
2047
2058
2060
2055
2057
2034
2033
2045
2039
2051
2064
2069
2054
2036
2039
2017
2026
2041
2052
2064
2062
2041
2032
2016
2006
2018
2027
2042
2052
2041
2031
2043
2035
2033
2040
2032
2020
2035
2015
2010
2019
2024
2035
2036
2022
2032
2024
2008
2011
2007
2024
2027
2014
1998
1998
1927
1958
1978
2001
2036
2024
2032
2031
2019
2013
2009
2006
2001
2031
2021
2028
2029
2020
2015
2016
2005
2007
2015
2014
2002
2008
2002
1992
1974
1964
1963
1971
1968
1982
1993
1994
1982
1976
1964
1958
1963
1955
1971
1984
1988
1972
1980
1961
1953
1960
1809
1905
1961
1979
1997
1985
1980
1987
1966
1989
1840
1746
1762
1820
1773
1885
1968
1992
2016
2013
2009
2001
1994
2003
2011
2007
2027
2016
2008
2010
2001
2000
1999
2008
2014
2004
2017
2019
2010
1984
2008
2019
1890
1934
1979
2020
2038
2043
2054
2047
2054
2059
2052
2056
2070
1952
1995
2026
2064
2070
2071
2083
2076
2087
2096
2084
2087
2069
2050
2066
2073
2079
2088
2084
2096
2088
2087
2074
2074
2072
2072
2083
2088
2111
2105
2097
2092
2089
2071
2078
2052
2033
2046
2060
2058
2062
2070
2050
2067
2065
2050
2054
2055
2061
2055
2059
2076
2076
2060
2073
2067
2079
2087
2074
2049
2063
2074
2080
2068
2076
2087
2083
2084
2092
2072
2054
2052
2051
2066
2070
2072
2080
2051
2048
2046
2028
2040
2051
2054
2061
2055
2062
2034
2034
2052
2055
2062
2054
2053
2060
2031
2040
2055
2051
2038
2032
2033
2042
2042
2034
2042
2039
2047
2035
2030
2036
2035
2043
2051
2053
2045
2053
2040
2039
2032
2029
2008
1994
1984
2000
1998
1997
1976
1982
1991
1991
1999
1984
1971
1978
1965
1961
1968
1964
1977
1976
1963
1953
1965
1957
1964
1965
1968
1955
1944
1937
1934
1931
1949
1950
1956
1942
1933
1937
1936
1934
1942
1950
1959
1967
1971
1974
1981
1975
1961
1964
1976
1990
1988
2001
2015
2015
2003
1995
1996
2003
1988
1988
1994
2009
2004
2005
1998
2006
1996
1995
2002
2008
2011
2003
2011
2015
2028
2017
2030
2025
2026
2036
2032
2045
2044
2039
2031
2014
2002
2018
2003
2007
2011
2021
2036
2042
2032
2027
2032
2016
2007
2011
2019
2022
2023
2016
2006
2006
2008
2034
2039
2040
2026
2040
2040
2044
2027
2018
2004
2014
2018
2020
2018
2008
2013
2015
2024
2031
2036
2027
2032
2035
2041
2043
2025
2038
2044
2044
2048
2043
2034
2063
2053
2056
2048
2055
2056
2063
2051
2035
2038
2042
2041
2036
2042
2048
2048
2044
2049
2046
2058
2058
2054
2050
2059
2050
2057
2051
2048
2045
2062
2047
2033
2046
2050
2054
2046
2038
2031
2032
2027
2028
2030
2028
2032
2038
2025
2028
2028
2024
1999
1999
1994
1998
1997
1984
1991
2006
2011
1992
1974
1982
1986
1990
1988
1992
1999
1998
1984
1982
1980
1989
1994
2003
1985
1993
1980
1978
1962
1964
1966
1987
1990
1991
1994
1981
1979
1987
1967
1981
1987
2004
2020
2008
1985
1982
1988
1998
1991
1986
1992
2001
1995
1985
1993
1992
2001
2008
2004
1993
1992
2002
1980
1994
1985
1993
1998
1998
1989
1980
1982
2001
1997
2003
2016
2028
1999
2012
2008
2003
1996
1985
1999
1997
1991
1976
1984
1975
1968
1963
1974
1991
1984
1985
1988
1971
1983
1996
1990
1982
1987
1988
1984
1993
1988
2006
1997
2015
1998
1972
1987
2009
1995
1996
2000
2000
1999
1985
1996
2019
2003
1999
2010
2000
2006
2024
2027
2022
2022
2008
2012
2011
2006
2012
2021
2018
2036
2036
2042
2032
2028
2012
2017
2040
2041
2036
2049
2054
2047
2036
2042
2032
2038
2042
2059
2059
2051
2033
2032
2057
2040
2048
2050
2028
2030
2035
2043
2036
2022
2020
2035
2036
2035
2018
2034
2032
2020
2010
2017
2028
2037
2043
2041
2044
2035
2030
2008
2000
2009
2020
2023
2033
2025
2019
2010
2001
2016
2028
2003
2010
2011
1988
2002
1992
2000
2004
2008
1998
2014
2019
2012
2021
2003
2013
2022
2026
2013
2015
2010
2002
1996
1979
1988
1979
1981
1984
1982
1974
1999
2005
2009
2020
2008
2004
2001
1996
1987
1989
1968
1976
1981
1996
2011
1999
1999
1989
1981
1993
1996
1996
2008
2006
2003
1987
1977
1987
2004
2008
2010
2016
2006
2011
2011
2031
2015
2008
2002
2011
2009
2027
2040
2032
2044
2045
2044
2039
2035
2024
2036
2040
2042
2047
2037
2046
2063
2062
2064
2061
2071
2084
2073
2062
2075
2072
2069
2051
2069
2066
2049
2044
2048
2041
2047
2050
2054
2068
2065
2064
2060
2056
2067
2070
2059
2070
2049
2049
2058
2049
2044
2059
2061
2060
2061
2044
2044
2067
2063
2063
2048
2061
2063
2066
2057
2051
2036
2038
2043
2053
2071
2060
2066
2065
2069
2067
2062
2060
2069
2051
2055
2057
2068
2070
2064
2049
2044
2052
2045
2038
2047
2055
2050
2043
2045
2035
2043
2060
2062
2060
2055
2054
2044
2030
2046
2035
2045
2038
2037
2040
2043
2047
2032
2038
2034
2023
2023
2016
2004
2004
2003
1999
2007
2022
2002
1992
1980
1977
1971
1970
1979
1974
1974
1975
1988
1970
1969
1959
1958
1959
1957
1971
1965
1960
1947
1955
1955
1950
1934
1925
1948
1937
1933
1922
1930
1948
1946
1946
1955
1952
1952
1960
1958
1948
1945
1942
1954
1962
1960
1970
1970
1976
1987
1982
1972
1969
1961
1968
1990
1984
1964
1980
1993
1996
2003
2004
2007
1998
1999
2007
2000
2007
2003
1991
1997
2011
2012
2012
2018
2017
2020
2045
2035
2030
2016
2025
2017
2016
2017
2023
2027
2032
2020
2030
2029
2040
2013
2009
2022
2018
2030
2022
2010
2008
2010
1999
2015
2025
2024
2019
2009
2012
2010
2016
2015
2028
2033
2023
2016
2026
2021
2015
2020
2033
2019
2019
2017
2017
2019
2022
2024
2028
2028
2028
2027
2023
2039
2049
2042
2041
2054
2038
2049
2054
2054
2057
2045
2042
2030
2049
2053
2052
2039
2034
2038
2032
2047
2054
2051
2054
2062
2052
2043
2048
2041
2029
2049
2056
2064
2060
2069
2062
2041
2020
2029
2026
2035
2027
2034
2049
2048
2046
2032
2036
2030
2025
2031
2016
2011
2029
2025
2030
2024
2019
2033
2020
2018
2009
2016
2020
1946
1971
1993
2009
2010
2012
2012
2001
2002
2007
2003
1995
2002
1996
1995
1978
1985
2000
2010
2007
2003
1991
1997
1997
1984
1999
1978
1980
1991
1998
1995
1992
1999
1999
1984
1985
1997
1998
1991
2010
2015
2020
2012
2018
2003
1998
1998
1996
2003
1999
2003
2009
2008
1846
1921
1973
2016
2014
2010
1997
2008
2016
2007
1879
1809
1799
1899
1917
1835
1935
1994
2032
2039
2049
2044
2059
2057
2046
2046
2043
2040
2049
2051
2061
2068
2039
2037
2033
2044
2047
2049
2048
2054
2037
2048
2044
2026
2028
2040
2052
2053
2055
2072
2056
2044
2033
2042
2022
1950
2015
2053
2062
2071
2068
2074
2065
2063
2052
2049
2043
2052
2046
2064
2076
2075
2078
2094
2089
2078
2067
2069
2066
2086
2083
2080
2069
2060
2062
2072
2071
2091
2083
2089
2084
2079
2054
2054
2056
2081
2094
2084
2080
2076
2055
2051
2048
2058
2049
2049
2071
2087
2082
2074
2079
2072
2066
2049
2044
2046
2053
2040
2032
2044
2026
2018
2017
2028
2020
1999
2020
2022
2028
2016
2025
2032
2025
2020
2015
2019
2011
2020
2011
2006
1998
2002
2003
1990
1991
1988
1993
1994
1979
1997
1990
1994
1987
1976
1967
1963
1968
1997
2004
1984
1985
1979
1992
1977
1970
1971
1971
1987
1996
1991
1991
1985
1984
1979
1977
1964
1962
1970
1967
1955
1961
1979
1975
1986
1988
1993
1997
2004
2003
1995
1995
2003
1995
2003
1997
2001
2001
1995
1990
2001
2006
2014
2017
2017
2026
2023
2032
2021
2028
2014
2011
2023
2034
2032
2020
2012
2016
2008
2001
1994
1991
1988
2027
2023
2023
2025
2015
2015
2011
2013
2005
1995
2007
2007
2009
1995
1994
2014
2016
2013
2021
2015
2004
2004
2004
2002
2007
2016
2017
2009
2012
2005
1998
2012
2025
2013
2019
1998
2016
2011
2019
2023
2037
2047
2041
2059
2067
2060
2051
2055
2056
2045
2044
2060
2052
2051
2056
2063
2063
2051
2066
2074
2074
2062
2065
2073
2064
2057
2041
2063
2086
2088
2076
2061
2081
2072
2065
2070
2069
2080
2083
2076
2063
2075
2085
2086
2087
2070
2067
2071
2063
2051
2059
2050
2047
2041
2033
2036
2035
2039
2049
2045
2033
2052
2048
2045
2044
2030
2024
2020
2015
2016
2028
2014
2014
2021
2010
2009
2006
2011
2014
2022
2003
2009
1992
1999
2007
2000
1997
2017
2006
2003
2006
2007
1995
1988
1977
1977
1974
1984
1993
2001
1982
1984
1995
2001
1999
1992
1976
1959
1963
1967
1968
1977
1976
1982
1960
1970
1976
1966
1971
1973
1961
1970
1968
1966
1963
1970
1980
1976
1951
1951
1954
1953
1944
1951
1943
1942
1951
1959
1954
1941
1947
1947
1940
1940
1960
1956
1948
1942
1953
1941
1934
1932
1940
1946
1934
1930
1939
1950
1940
1944
1963
1966
1958
1949
1935
1947
1948
1948
1955
1948
1955
1963
1964
1975
1980
1982
1958
1966
1980
1977
1984
2000
1991
1999
1992
2006
2012
2007
2019
2027
2022
2008
2004
1996
2003
2015
2033
2025
2044
2043
2038
2033
2037
2039
2051
2055
2044
2044
2054
2054
2051
2077
2085
2086
2090
2078
2079
2065
2067
2075
2099
2098
2113
2110
2096
2098
2092
2094
2091
2078
2092
2108
2107
2080
2078
2072
2072
2063
2056
2055
2076
2084
2095
2086
2078
2060
2052
2052
2051
2045
2053
2053
2067
2045
2047
2049
2054
2048
2056
2055
2060
2054
2059
2048
2053
2056
2064
2073
2079
2079
2078
2072
2069
2071
2075
2084
2082
2091
2084
2076
2084
2086
2104
2102
2103
2107
2097
2097
2094
2082
2083
2068
2069
2076
2070
2061
2051
2060
2048
2063
2080
2072
2060
2064
2048
2034
2023
2018
2008
2007
2019
2005
2017
2008
2001
1999
1988
1998
1994
2004
1999
1999
1992
1991
1978
1960
1973
1973
1978
1972
1968
1966
1965
1977
1964
1959
1947
1956
1956
1966
1969
1976
1979
1968
1951
1950
1951
1944
1947
1948
1968
1973
1974
1977
1981
1970
1966
1972
1976
1974
1990
1976
1962
1965
1955
1960
1961
1959
1970
1972
1968
1974
1976
1973
1969
1953
1968
1963
1959
1988
2001
2003
1984
1966
1963
1950
1950
1959
1951
1968
1982
1978
1974
1961
1952
1963
1967
1975
1968
1981
1978
1972
1974
1960
1955
1955
1952
1951
1967
1971
1976
1977
1973
1983
1953
1951
1956
1954
1969
1974
1976
1970
1966
1984
1974
1954
1959
1968
1974
1980
1969
1971
1968
1951
1961
1963
1949
1961
1971
1963
1971
1969
1975
1972
1969
1970
1956
1947
1953
1944
1961
1973
1963
1957
1953
1948
1948
1942
1929
1931
1951
1951
1944
1945
1948
1945
1950
1957
1960
1958
1965
1952
1937
1953
1936
1936
1938
1933
1922
1923
1930
1956
1944
1949
1939
1960
1967
1978
1972
1964
1978
1974
1980
1959
1952
1955
1977
1983
1988
1980
1985
1990
1958
1964
1968
1963
1983
1987
1990
1992
1997
1999
1987
1991
1990
1998
1985
1962
1986
1975
1975
1979
1988
1975
1976
1974
1976
1968
1974
1976
1983
1971
1964
1982
1984
1993
1982
1985
1969
1967
1952
1952
1958
1972
1977
1969
1977
1961
1968
1980
1984
1952
1962
1963
1967
1968
1981
1991
2007
2002
2019
2018
2024
2025
2020
2036
2033
2039
2039
2067
2065
2059
2064
2065
2054
2062
2065
2063
2077
2100
2096
2106
2098
2090
2096
2110
2115
2112
2133
2134
2113
2132
2134
2153
2136
2135
2124
2127
2126
2144
2131
2131
2145
2153
2149
2140
2126
2142
2142
2131
2135
2139
2129
2117
2110
2112
2119
2126
2128
2100
2105
2110
2092
2087
2097
2112
2111
2110
2119
2126
2115
2110
2100
2091
2081
2065
2072
2084
2085
2089
2095
2092
2104
2099
2099
2098
2092
2102
2107
2092
2099
2112
2105
2109
2119
2124
2111
2096
2105
2082
2118
2119
2114
2117
2118
2100
2096
2116
2096
2108
2119
2115
2105
2111
2121
2107
2100
2079
2088
2068
2067
2055
2058
2055
2051
2048
2053
2042
2048
2057
2059
2055
2067
1988
2008
2029
2041
1997
2021
1955
1999
2040
2048
2039
2050
2051
2038
2050
2039
2044
2035
2042
2042
2040
2037
2041
2041
2052
2038
2035
2021
2019
2024
2024
2022
2026
2044
2033
2028
2019
2024
2014
2022
2053
2047
2043
2047
2035
2036
2022
2011
2021
2017
2025
2017
2028
2027
2011
2023
2033
2022
2032
2045
2032
2012
2014
2013
1999
1999
2021
2006
1977
1883
1939
1963
1984
1999
1995
2003
2013
2036
2027
1862
1792
1805
1907
1988
2005
1890
1821
1808
1922
1889
1886
1967
2022
1960
1951
2018
2055
2067
2060
2058
2066
2062
2059
2065
2079
2067
2065
2068
2068
2066
2080
2083
2076
2060
2063
1938
1981
2034
2056
2068
2083
2095
2105
2106
2097
2083
2067
2075
2084
2101
2117
2113
2113
2106
2102
2088
2086
2084
2100
2108
2126
2120
2108
2080
2096
2078
2083
2103
2094
2102
2103
2102
2091
2100
2094
2099
2114
2107
2109
2101
2083
2080
2084
2084
2077
2095
2098
2097
2093
2092
2087
2074
2089
2080
2081
2095
2093
2110
2095
2094
2082
2087
2081
2069
2060
2068
2089
2096
2093
2091
2086
2079
2076
2072
2058
2059
2054
2055
2068
2065
2071
2063
2055
2052
2044
2042
2021
2028
2029
2040
2030
2030
2040
2020
2028
2009
2010
2019
2006
1992
1987
1990
1999
1995
1986
2000
2012
2015
2009
2012
2000
1991
1979
1980
1980
1977
1974
1985
1988
1980
1984
1995
2004
2007
2002
2022
2000
1992
1995
1996
1994
1996
2003
1988
1987
1985
1996
1996
2018
2006
2035
2013
2015
2010
2000
2000
2013
2016
1996
1993
2023
2011
2005
2015
2021
2014
2012
2023
2026
2023
2006
2004
2014
2011
2017
2027
2019
2016
2020
1998
2013
1995
1998
1996
2004
2020
2012
2001
2017
2016
2005
2005
1984
1990
2011
2005
2031
2012
2012
2020
1996
1989
1989
1988
2012
2010
2012
2016
2008
2017
2025
2026
2016
2007
1998
1988
1993
2005
1989
2006
2014
2012
2020
2015
2030
2016
1987
1985
1999
2016
2024
2019
2039
2029
2016
2008
2000
2008
2006
2028
2017
2015
1999
2004
1974
1996
1995
1999
2007
2011
2021
2013
2011
2014
2021
2029
2028
2026
2037
2032
2019
2016
2006
2010
2015
2017
2025
2028
2015
2014
2026
2020
2016
1996
1990
1989
1986
1979
1979
1964
1959
1968
1956
1963
1955
1956
1955
1958
1951
1952
1947
1947
1953
1956
1958
1955
1960
1959
1943
1936
1934
1934
1930
1934
1941
1924
1919
1905
1907
1910
1940
1934
1942
1937
1919
1913
1900
1913
1913
1928
1931
1921
1910
1905
1897
1889
1888
1907
1921
1924
1924
1907
1893
1904
1916
1919
1911
1927
1935
1927
1927
1929
1926
1926
1937
1927
1920
1923
1927
1931
1949
1941
1939
1928
1942
1948
1957
1961
1976
1973
1964
1956
1965
1971
1969
1974
1980
1978
1979
1982
1976
1967
1977
1977
1968
1966
1977
1989
1979
1991
1988
1991
1984
1980
1959
1966
1974
1974
1996
1994
1992
1980
1963
1968
1971
1980
1961
1981
1996
1990
1974
1973
1968
1971
1973
1975
1985
1984
1977
1974
1971
1977
1976
1980
1989
1987
1987
1987
2002
2006
2019
2023
2034
2033
2009
2008
2015
2031
2031
2035
2020
2038
2040
2040
2047
2057
2044
2041
2033
2030
2032
2035
2042
2048
2047
2039
2044
2061
2061
2060
2052
2055
2040
2048
2043
2055
2059
2058
2060
2056
2048
2041
2023
2027
2018
2025
2044
2060
2051
2046
2040
2014
2022
2020
2045
2049
2053
2065
2074
2066
2044
2027
2014
2023
2012
1767
1625
1819
1957
2008
2021
2026
2035
2054
2041
2034
2035
2027
2039
2043
2041
2032
2034
2040
2040
2038
2024
2038
2032
2040
2032
2025
2028
2024
2024
2012
2019
2001
2001
2010
2021
2016
2025
2012
2009
2022
2019
2024
2030
2024
2026
2008
2011
2025
2033
2038
2041
2042
2028
2015
2006
2012
2012
2010
2014
2026
2015
2020
2007
2011
2002
1991
2004
2007
2005
2024
2016
2023
2022
2018
2025
2013
2006
2011
2012
2016
2016
2017
2017
2016
2016
2015
2012
2007
2018
2030
2031
2033
2016
2020
2019
2012
2027
2031
2031
2036
2026
2019
2008
2009
2015
2018
2012
2015
2007
2023
2020
2024
2035
2047
2030
2021
2032
2017
2013
2018
2017
2022
2040
2027
2017
2012
2016
2014
2010
2029
2022
2046
2056
2036
2029
2032
2038
2036
2033
2024
2038
2036
2019
2032
2041
2027
2024
2051
2041
2040
2035
2020
2028
2025
2020
2020
2023
2033
2042
2044
2055
2051
2034
2022
2019
2018
2023
2023
2031
2036
2034
2025
2027
2016
2021
2016
2019
2031
2032
2040
2044
2035
2020
2020
2032
2039
2035
2033
2007
2015
2031
2052
2055
2071
2048
2030
2027
2024
2043
2021
2048
2042
2044
2044
2028
2027
2023
2023
2018
2008
2024
2033
2033
2019
2025
2028
2049
2045
2035
2040
2035
2027
2032
2038
2026
2038
2029
2025
2023
2018
2013
2006
2016
2022
2026
2037
2031
2029
2035
2024
2043
2041
2037
2038
2017
2008
2023
2027
2035
2046
2064
2066
