1978
1976
1982
1994
1984
1968
1959
1953
1951
1936
1942
1951
1952
1925
1932
1930
1919
1926
1944
1947
1949
1949
1947
1940
1934
1931
1940
1952
1956
1944
1933
1937
1937
1925
1944
1944
1951
1956
1958
1959
1963
1964
1981
1976
1967
1955
1967
1975
1988
1984
2002
2020
2024
2019
2008
1997
2025
2012
2023
2030
2019
2025
2040
2036
2035
2028
2038
2049
2033
2032
2043
2031
2040
2047
2058
2068
2064
2035
2035
2059
2061
2072
2085
2077
2057
2073
2076
2067
2057
2065
2063
2047
2064
2051
2051
2044
2041
2038
2060
2057
2061
2055
2044
2044
2051
2043
2049
2054
2059
2063
2044
2032
2040
2042
2034
2026
2039
2041
2036
2046
2044
2046
2043
2048
2046
2041
2047
2040
2043
2048
2060
2056
2052
2061
2051
2051
2054
2043
2040
2052
2048
2063
2066
2065
2073
2054
2054
2071
2054
2041
2060
2050
2054
2055
2042
2043
2044
2055
2067
2067
2059
2063
2051
2046
2051
2043
2051
2041
2047
2056
2051
2034
2024
2012
2014
2013
2015
2021
2029
2035
2017
2023
2016
2006
2004
2001
2002
2005
2026
2011
2022
2014
2012
2017
2016
2012
2008
2011
2006
1991
1992
1989
1993
1991
2000
2013
2028
2019
2014
1996
2006
1985
1992
1998
2008
2000
2012
2009
1997
2001
2003
2000
2011
2020
2016
2011
2017
2024
2016
1999
2003
2010
2004
1992
1997
2011
2007
2019
2016
2002
2017
2021
2028
2028
1999
2011
2036
2035
2027
2021
2022
2022
2001
2006
2007
1995
1987
1988
2003
2015
2022
2028
2032
2016
2019
2025
2013
2030
2017
2028
2022
2011
2022
2016
2023
2037
2021
2030
2029
2035
2038
2040
2023
2032
2044
2046
2059
2063
2058
2047
2059
2053
2049
2046
2055
2087
2085
2105
2068
2025
1965
1925
1917
1971
2024
2091
2146
2167
2162
2139
2134
2175
2234
2288
2350
2411
2422
2411
2395
2399
2431
2498
2565
2618
2631
2627
2593
2596
2630
2659
2700
2743
2762
2771
2752
2735
2740
2751
2763
2769
2777
2778
2773
2776
2777
2785
2797
2792
2785
2768
2740
2691
2641
2605
2566
2513
2473
2457
2435
2427
2424
2415
2417
2420
2417
2429
2421
2408
2379
2360
2337
2316
2283
2279
2289
2297
2317
2320
2332
2329
2307
2297
2305
2289
2316
2341
2337
2342
2339
2341
2321
2319
2307
2307
2330
2348
2358
2369
2381
2371
2334
2345
2361
2384
2407
2410
2400
2367
2342
2311
2304
2300
2280
2259
2252
2238
2220
2243
2259
2294
2328
2339
2321
2314
2303
2289
2260
2263
2262
2289
2299
2270
2247
2234
2233
2243
2246
2257
2248
2239
2222
2168
2128
2104
2063
2040
2025
2014
1995
1976
1947
1923
1878
1866
1835
1816
1797
1775
1750
1726
1699
1683
1644
1623
1593
1556
1539
1505
1500
1470
1467
1458
1451
1447
1459
1478
1489
1505
1505
1499
1515
1513
1494
1501
1486
1482
1478
1487
1494
1504
1494
1492
1489
1486
1498
1488
1499
1497
1501
1478
1457
1455
1462
1465
1469
1470
1459
1446
1448
1428
1435
1436
1436
1448
1445
1473
1449
1410
1359
1387
1392
1389
1402
1414
1413
1409
1414
1397
1383
1385
1379
1378
1369
1375
1377
1366
1350
1332
1310
1292
1286
1266
1259
1259
1266
1257
1262
1256
1244
1247
1239
1233
1225
1222
1213
1206
1202
1197
1213
1221
1229
1231
1247
1240
1223
1216
1214
1221
1210
1197
1191
1185
1178
1166
1140
1152
1167
1165
1156
1154
1152
1140
1129
1124
1142
1141
1148
1140
1158
1138
1136
1136
1142
1141
1024
941
1064
1136
1157
1186
1207
1213
1232
1244
1209
1111
1089
1144
1265
1218
1228
1330
1268
1284
1362
1413
1459
1487
1504
1511
1533
1548
1565
1566
1577
1586
1596
1603
1624
1643
1641
1650
1666
1666
1664
1680
1685
1689
1687
1688
1695
1702
1705
1648
1587
1648
1679
1695
1703
1705
1699
1705
1703
1688
1681
1681
1690
1689
1704
1702
1715
1720
1707
1695
1710
1722
1733
1751
1745
1750
1768
1763
1761
1764
1762
1761
1767
1778
1793
1791
1789
1782
1779
1775
1769
1783
1793
1807
1811
1831
1837
1867
1849
1851
1839
1841
1844
1857
1865
1876
1904
1929
1941
1980
1975
1964
1968
1979
1998
2006
2023
2034
2021
2040
2061
2089
2116
2160
2175
2183
2210
2217
2216
2237
2256
2274
2268
2285
2288
2297
2306
2331
2332
2319
2338
2346
2348
2360
2372
2396
2397
2424
2438
2427
2440
2454
2472
2476
2469
2485
2492
2487
2491
2494
2475
2473
2485
2507
2487
2513
2510
2519
2508
2512
2519
2521
2520
2511
2499
2494
2506
2502
2514
2529
2528
2532
2545
2537
2535
2525
2544
2540
2532
2531
2529
2528
2518
2506
2518
2511
2492
2482
2476
2466
2460
2448
2449
2457
2453
2455
2444
2452
2456
2460
2440
2428
2432
2438
2424
2436
2425
2415
2424
2431
2438
2465
2476
2470
2460
2467
2487
2486
2495
2503
2511
2494
2510
2511
2511
2512
2528
2539
2556
2573
2584
2584
2591
2591
2601
2602
2595
2579
2576
2581
2586
2594
2604
2606
2612
2599
2596
2613
2617
2631
2648
2669
2670
2663
2657
2647
2640
2652
2659
2672
2696
2708
2726
2742
2730
2707
2732
2732
2756
2769
2765
2770
2769
2765
2758
2767
2753
2763
2771
2772
2764
2784
2781
2780
2780
2764
2760
2759
2734
2735
2720
2727
2712
2707
2702
2698
2688
2695
2702
2703
2690
2685
2681
2668
2679
2663
2663
2678
2686
2688
2700
2686
2692
2701
2689
2683
2678
2671
2668
2681
2700
2697
2695
2710
2702
2689
2695
2696
2687
2679
2695
2676
2685
2706
2685
2675
2665
2663
2649
2644
2621
2620
2611
2604
2577
2551
2534
2531
2524
2525
2520
2505
2473
2448
2416
2392
2382
2372
2375
2366
2358
2345
2326
2292
2285
2272
2273
2271
2272
2256
2233
2215
2195
2183
2167
2151
2149
2153
2153
2153
2136
2122
2096
2077
2069
2047
2027
2018
2009
1980
1968
1919
1888
1859
1853
1824
1809
1792
1803
1775
1746
1723
1692
1687
1680
1678
1673
1650
1629
1591
1586
1570
1559
1557
1553
1539
1532
1521
1499
1488
1481
1481
1489
1474
1460
1456
1448
1451
1443
1426
1403
1415
1400
1398
1384
1386
1384
1383
1384
1392
1389
1394
1393
1373
1359
1360
1354
1353
1342
1347
1355
1332
1324
1312
1306
1308
1309
1304
1316
1306
1292
1287
1295
1284
1289
1289
1292
1305
1315
1320
1311
1304
1297
1302
1295
1315
1320
1336
1339
1350
1356
1370
1359
1355
1374
1397
1399
1399
1400
1407
1423
1408
1416
1443
1451
1459
1473
1480
1491
1510
1522
1535
1554
1574
1564
1557
1572
1590
1614
1618
1648
1646
1667
1667
1679
1692
1708
1730
1744
1743
1772
1793
1830
1842
1852
1866
1879
1897
1908
1929
1953
1976
1987
2019
2054
2082
2091
2112
2144
2181
2183
2208
2227
2224
2238
2259
2284
2304
2318
2338
2365
2389
2401
2407
2421
2439
2460
2495
2514
2528
2520
2532
2560
2572
2601
2613
2617
2629
2642
2659
2668
2672
2668
2678
2682
2666
2664
2692
2718
2738
2743
2753
2753
2760
2773
2783
2784
2797
2816
2828
2842
2839
2855
2841
2867
2885
2895
2912
2932
2934
2938
2950
2957
2936
2939
2953
2984
2992
2993
2985
2976
2988
2987
3005
3006
3004
3000
3008
3015
3023
3020
3023
3007
3004
3012
3020
3016
3024
3025
3032
3033
3012
3006
2996
2992
2992
2992
2983
2980
2976
2992
2955
2944
2937
2921
2934
2935
2921
2917
2896
2883
2876
2865
2855
2856
2836
2811
2807
2800
2780
2761
2754
2740
2719
2719
2705
2680
2681
2656
2627
2622
2604
2601
2586
2563
2549
2547
2529
2526
2499
2499
2492
2471
2443
2425
2421
2440
2431
2425
2410
2396
2371
2361
2329
2322
2300
2305
2308
2294
2290
2264
2250
2227
2195
2169
2155
2153
2147
2139
2129
2127
2097
2065
2056
2040
2037
2009
2005
2001
1984
1980
1963
1945
1947
1937
1923
1909
1896
1880
1854
1837
1812
1799
1789
1780
1779
1767
1762
1750
1740
1722
1695
1680
1691
1678
1671
1661
1648
1656
1641
1637
1613
1598
1570
1565
1559
1546
1565
1543
1547
1521
1505
1500
1479
1469
1493
1476
1488
1480
1462
1438
1432
1422
1396
1385
1391
1386
1388
1386
1382
1382
1368
1356
1356
1346
1348
1351
1343
1333
1336
1319
1297
1289
1286
1263
1265
1255
1248
1243
1243
1246
1228
1220
1218
1214
1204
1194
1185
1198
1181
1163
1148
1150
1131
1120
1113
1113
1104
1109
1104
1103
1100
1083
1074
1085
1099
1090
1090
1080
1085
1086
1081
1084
1080
1082
1076
1081
1070
1071
1055
1064
1055
1044
1054
1047
1054
1041
1053
1062
1072
1065
1064
1063
1068
1059
1059
1061
1065
1071
1084
1092
1078
1077
1079
1063
1075
1071
1080
1090
1087
1078
1081
1062
1052
1046
1044
1038
1044
1061
1075
1064
1054
1068
1057
1054
1037
1030
1036
1024
1013
1003
1012
1037
1040
1053
1050
1095
1104
1109
1129
1164
1183
1200
1188
1205
1196
1211
1228
1243
1237
1257
1271
1283
1279
1281
1290
1295
1304
1309
1316
1316
1303
1299
1300
1299
1301
1313
1348
1368
1359
1337
1324
1322
1315
1325
1334
1347
1348
1324
1303
1304
1265
1249
1183
1199
1226
1233
1249
1265
1268
1276
1272
1273
1276
1302
1303
1320
1331
1354
1352
1353
1345
1354
1364
1381
1392
1411
1434
1438
1436
1439
1447
1454
1472
1484
1492
1486
1498
1498
1511
1530
1527
1553
1554
1563
1582
1587
1587
1595
1609
1620
1619
1620
1623
1626
1619
1628
1639
1641
1642
1649
1655
1659
1652
1675
1678
1693
1690
1699
1706
1720
1718
1716
1720
1741
1628
1645
1598
1680
1742
1769
1799
1784
1782
1796
1800
1724
1624
1551
1612
1721
1786
1679
1635
1588
1707
1715
1612
1720
1788
1812
1840
1857
1865
1879
1892
1891
1875
1880
1886
1883
1899
1913
1916
1925
1912
1916
1920
1928
1932
1932
1935
1940
1947
1972
1984
2008
2025
2046
2057
2056
2054
2069
2075
2092
2116
2142
2153
2160
2163
2176
2195
2201
2208
2210
2210
2225
2231
2256
2269
2274
2271
2290
2292
2300
2305
2328
2330
2207
2267
2220
2311
2372
2407
2445
2456
2473
2471
2488
2497
2507
2529
2547
2563
2576
2588
2601
2616
2616
2633
2648
2647
2649
2662
2679
2694
2702
2723
2731
2726
2744
2748
2766
2775
2793
2807
2819
2833
2838
2847
2855
2870
2897
2904
2899
2918
2934
2957
2978
3000
3035
3032
3032
3031
3040
3049
3057
3077
3078
3071
3064
3071
3074
3083
3075
3067
3070
3079
3086
3075
3077
3095
3080
3086
3075
3097
3079
3091
3086
3080
3064
3059
3070
3085
3087
3093
3092
3082
3059
3041
3048
3052
3043
3051
3080
3069
3078
3070
3068
3074
3086
3072
3075
3057
3058
3051
3063
3056
3070
3059
3048
3040
3027
3020
3022
3019
3021
3020
3012
3007
3016
3000
2979
2975
2974
2968
2951
2928
2910
2895
2888
2873
2872
2870
2859
2844
2823
2809
2809
2799
2790
2781
2767
2755
2735
2721
2704
2683
2684
2671
2670
2651
2636
2624
2600
2606
2602
2579
2572
2554
2535
2512
2499
2477
2465
2444
2445
2444
2440
2420
2406
2403
2391
2374
2351
2359
2351
2343
2334
2313
2308
2295
2288
2290
2277
2270
2260
2273
2255
2248
2237
2225
2232
2233
2241
2250
2235
2228
2204
2192
2185
2172
2155
2160
2161
2155
2160
2156
2160
2149
2143
2129
2127
2129
2120
2118
2115
2103
2103
2093
2079
2083
2079
2081
2086
2095
2092
2073
2063
2052
2065
2064
2078
2077
2093
2085
2078
2063
2065
2068
2050
2058
2057
2054
2056
2047
2029
2036
2041
2046
2046
2043
2044
2034
2016
1997
1989
2000
1989
2001
2010
1990
1989
1977
1969
1987
1996
1985
1983
1992
1982
1973
1960
1953
1948
1955
1936
1944
1955
1959
1941
1929
1921
1917
1918
1912
1918
1909
1899
1895
1900
1882
1871
1873
1879
1872
1871
1866
1853
1833
1847
1838
1838
1852
1868
1863
1857
1849
1852
1846
1856
1839
1854
1823
1842
1829
1811
1811
1806
1792
1789
1787
1784
1785
1784
1787
1767
1775
1779
1783
1786
1773
1768
1776
1784
1785
1788
1783
1778
1781
1778
1777
1772
1758
1760
1756
1750
1744
1756
1750
1754
1745
1740
1735
1725
1718
1713
1703
1707
1723
1733
1751
1731
1721
1734
1728
1727
1738
1738
1731
1737
1738
1747
1747
1756
1751
1752
1753
1760
1748
1741
1748
1759
1756
1750
1753
1759
1741
1741
1734
1729
1742
1758
1758
1771
1776
1781
1796
1803
1809
1806
1815
1821
1831
1835
1835
1835
1871
1883
1905
1902
1905
1875
1873
1871
1868
1883
1882
1899
1904
1903
1903
1912
1920
1922
1934
1945
1936
1962
1952
1952
1953
1961
1972
1972
1976
1976
1970
1970
1980
1976
1975
1987
1990
1979
1983
1991
1984
1981
1995
2008
2012
2020
2014
2016
2042
2037
2030
2032
2021
2034
2035
2039
2048
2036
2043
2044
2045
2047
2046
2033
2040
2030
2041
2027
2031
2046
2028
2022
2058
2060
2061
2059
2056
2050
2052
2039
2033
2023
2039
2058
2041
2028
2033
2025
2033
2038
2032
2031
2003
2001
1990
1986
1987
1997
2001
1977
1964
1961
1959
1967
1985
1996
2003
2004
2001
1999
1983
1993
1993
1993
1995
1992
1989
1986
1988
1984
1999
2000
1974
1979
1972
1971
1980
1961
1961
1970
1975
1986
1978
1971
1977
1986
1984
1980
1971
1953
1966
1961
1960
1983
1992
1982
1979
1983
1980
1968
1960
1984
1991
1985
1976
1975
1979
1987
1986
1990
2001
2002
1996
1998
1985
1984
2003
2006
1996
2017
2030
2026
2011
2020
2020
2019
2031
2028
2035
2058
2060
2057
2047
2034
2034
2044
2039
2045
2065
2067
2053
2054
2058
2065
2074
2076
2081
2075
2069
2076
2071
2083
2088
2084
2073
2067
2074
2067
2071
2078
2086
2084
2078
2074
2070
2057
2048
2043
2033
2056
2057
2059
2057
2035
2020
2001
2000
2024
2030
2005
1992
1980
1974
1951
1935
1938
1927
1935
1928
1920
1913
1922
1907
1886
1881
1878
1884
1875
1867
1872
1852
1847
1822
1823
1813
1808
1816
1808
1797
1793
1789
1769
1769
1759
1749
1752
1734
1719
1720
1713
1700
1704
1702
1715
1708
1694
1716
1708
1713
1703
1699
1714
1712
1700
1696
1687
1678
1680
1679
1678
1667
1673
1672
1671
1667
1667
1675
1674
1673
1680
1667
1668
1660
1648
1640
1648
1649
1655
1648
1630
1634
1634
1652
1644
1632
1627
1628
1639
1650
1640
1632
1628
1611
1600
1603
1600
1606
1620
1623
1609
1606
1603
1594
1602
1628
1621
1609
1615
1619
1628
1626
1639
1638
1647
1648
1640
1632
1645
1658
1672
1687
1680
1695
1705
1691
1698
1729
1726
1729
1748
1769
1757
1769
1782
1786
1778
1790
1795
1799
1818
1819
1849
1859
1881
1888
1897
1901
1908
1905
1921
1942
1953
1939
1937
1927
1942
1977
1983
2000
2035
2018
2023
2017
2018
2025
2043
2067
2080
2084
2073
2068
2071
2065
2060
2071
2092
2114
2130
2131
2141
2155
2144
2153
2160
2169
2181
2195
2212
2228
2215
2194
2178
2179
2166
2191
2203
2223
2224
2235
2215
2204
2214
2224
2243
2247
2260
2268
2269
2268
2249
2233
2236
2234
2249
2253
2281
2273
2276
2265
2262
2258
2255
2256
2250
2256
2255
2269
2262
2256
2241
2249
2238
2237
2256
2250
2238
2243
2245
2257
2263
2255
2240
2260
2256
2249
2253
2256
2257
2246
2241
2238
2231
2237
2216
2216
2229
2214
2223
2200
2153
2170
2202
2201
2211
2184
2182
2187
2183
2201
2185
2165
2168
2151
2146
2143
2158
2158
2152
2160
2145
2140
2122
2108
2102
2119
2113
2120
2116
2117
2122
2119
2119
2118
2119
2110
2107
2102
2078
2071
2068
2082
2099
2077
2093
2083
2084
2071
2065
2070
2049
2046
2043
2039
2016
2017
2012
2009
2004
2014
2031
2023
2022
2002
2012
2005
2011
2010
2001
1988
1987
1980
1978
1968
1967
1970
1975
1968
1967
1955
1948
1946
1951
1938
1934
1931
1925
1942
1948
1798
1857
1927
1976
1974
1969
1954
1954
1950
1951
1942
1957
1980
1974
1989
1979
1951
1965
1957
1962
1960
1967
1953
1939
1932
1945
1887
1771
1713
1784
1846
1784
1871
1939
1972
1978
1974
1986
1996
2002
1995
1982
1981
1964
1968
1958
1955
1968
1979
1967
1951
1948
1955
1945
1957
1969
1955
1944
1948
1807
1861
1924
1961
1987
1978
1984
1985
1982
1968
1966
1965
1964
1980
1990
2001
2001
1982
1963
1969
1979
1985
1981
1983
1986
1984
1962
1971
1972
1977
1989
1998
1996
2012
2013
2011
2008
2014
2015
2031
2043
2043
2051
2048
2050
2049
2048
2051
2055
2064
2078
2097
2112
2096
2082
2083
2089
2104
2109
2112
2129
2150
2138
2147
2136
2131
2135
2148
2149
2160
2166
2183
2185
2186
2164
2174
2185
2197
2206
2196
2196
2197
2196
2207
2206
2212
2195
2207
2211
2205
2222
2227
2224
2223
2233
2225
2225
2246
2240
2253
2244
2247
2264
2266
2277
2280
2273
2269
2272
2270
2285
2283
2294
2303
2314
2308
2288
2297
2299
2310
2319
2339
2327
2321
2315
2331
2315
2308
2312
2312
2329
2355
2356
2335
2339
2327
2332
2342
2348
2357
2357
2357
2364
2361
2352
2340
2338
2337
2330
2336
2332
2325
2328
2310
2326
2327
2316
2312
2311
2320
2331
2311
2299
2297
2291
2280
2272
2280
2268
2260
2275
2268
2259
2254
2247
2248
2235
2241
2253
2231
2231
2228
2226
2209
2213
2202
2206
2202
2213
2211
2194
2184
2182
2170
2153
2151
2167
2153
2147
2136
2125
2131
2120
2118
2123
2118
2107
2107
2105
2112
2099
2078
2081
2077
2081
2088
2084
2069
2054
2044
2035
2028
2028
2011
2001
2012
2019
1992
1988
1974
1964
1958
1941
1941
1920
1916
1923
1925
1917
1912
1903
1914
1920
1921
1891
1884
1871
1860
1863
1852
1843
1841
