2071
2068
2060
2074
2072
2064
2078
2086
2100
2089
2083
2074
2059
2054
2062
2054
2048
2028
2042
2057
2063
2060
2048
2049
2048
2051
2054
2057
2049
2047
2057
2043
1924
1979
2011
2034
2049
2064
2072
2088
2078
1975
1916
1920
1969
1914
1990
2055
2076
2081
2070
2072
2078
2085
2078
2073
2076
2076
2062
2083
2092
2093
2098
2100
2087
2082
2086
2077
2084
2069
2091
2106
2090
2080
2072
2088
2085
2080
2066
2034
1998
1883
1966
2043
2118
2196
2234
2265
2282
2318
2368
2419
2488
2544
2590
2615
2637
2652
2672
2704
2727
2780
2820
2817
2832
2847
2860
2883
2915
2929
2972
2999
3009
3020
3003
2979
2955
2952
2966
2974
2966
2963
2944
2930
2917
2908
2906
2895
2854
2840
2796
2762
2724
2680
2628
2571
2512
2486
2462
2462
2451
2451
2432
2396
2359
2326
2293
2246
2240
2254
2241
2235
2220
2192
2173
2161
2136
2163
2167
2189
2193
2197
2176
2208
2210
2217
2250
2268
2279
2275
2257
2246
2227
2217
2204
2205
2225
2229
2233
2245
2249
2235
2228
2236
2230
2247
2276
2301
2296
2275
2232
2216
2193
2194
2185
2188
2198
2202
2198
2175
2160
2164
2151
2140
2116
2103
2092
2072
2058
2023
2016
2009
2001
1984
1961
1963
1944
1922
1905
1895
1859
1843
1822
1792
1781
1747
1724
1698
1670
1655
1630
1601
1579
1527
1500
1480
1450
1442
1435
1407
1381
1344
1320
1300
1284
1268
1259
1258
1254
1228
1212
1182
1154
1157
1170
1179
1184
1177
1198
1201
1191
1195
1184
1177
1163
1164
1181
1192
1174
1175
1190
1212
1238
1235
1248
1235
1233
1199
1207
1215
1218
1243
1245
1252
1250
1248
1240
1214
1214
1218
1215
1235
1228
1218
1215
1196
1206
1207
1228
1227
1223
1240
1245
1233
1250
1262
1265
1281
1297
1315
1330
1318
1342
1332
1317
1331
1342
1331
1319
1304
1316
1332
1332
1336
1348
1337
1341
1339
1327
1328
1331
1335
1352
1345
1333
1344
1336
1336
1327
1313
1347
1379
1401
1400
1405
1416
1411
1394
1399
1392
1395
1390
1400
1398
1417
1428
1420
1424
1448
1451
1458
1475
1475
1471
1468
1470
1457
1487
1478
1488
1487
1481
1468
1476
1455
1436
1423
1432
1434
1420
1441
1459
1455
1452
1464
1491
1496
1507
1531
1550
1583
1603
1632
1662
1697
1712
1744
1770
1784
1794
1823
1852
1883
1914
1940
1964
1993
2015
2008
2026
2036
2057
2084
2080
2096
2102
2128
2142
2143
2137
2135
2124
2127
2111
2115
2114
2132
2136
2144
2154
2137
2126
2128
2101
2102
2111
2121
2123
2118
2116
2131
2116
2112
2104
2108
2094
2127
2134
2124
2131
2127
2136
2128
2136
2146
2144
2128
2144
2145
2139
2136
2127
2140
2130
2133
2120
2131
2132
2133
2118
2129
2128
2114
2120
2107
2098
2095
2087
2086
2078
2067
2075
2068
2071
2089
2099
2096
2097
2110
2097
2109
2119
2134
2119
2124
2127
2128
2153
2171
2164
2182
2195
2200
2193
2202
2195
2216
2216
2237
2256
2255
2263
2253
2253
2249
2238
2249
2252
2264
2254
2260
2260
2267
2259
2259
2254
2257
2252
2251
2261
2278
2283
2283
2269
2284
2283
2276
2292
2314
2313
2319
2308
2320
2300
2298
2299
2308
2316
2309
2309
2307
2300
2287
2297
2288
2276
2270
2273
2278
2271
2267
2278
2266
2267
2272
2283
2275
2247
2222
2240
2249
2241
2240
2236
2229
2204
2195
2177
2174
2192
2195
2207
2213
2219
2217
2201
2195
2183
2184
2182
2193
2205
2227
2224
2212
2224
2219
2206
2218
2235
2245
2269
2279
2267
2272
2269
2263
2266
2294
2321
2342
2364
2376
2382
2387
2386
2400
2423
2430
2463
2493
2485
2497
2506
2497
2499
2509
2533
2561
2578
2580
2590
2608
2610
2634
2656
2677
2676
2671
2692
2720
2732
2738
2721
2718
2728
2727
2732
2748
2752
2764
2779
2774
2777
2765
2773
2772
2758
2760
2767
2783
2798
2788
2776
2752
2742
2757
2743
2756
2784
2786
2778
2771
2752
2755
2752
2771
2745
2744
2720
2712
2699
2688
2697
2692
2682
2672
2675
2682
2669
2664
2646
2643
2652
2652
2639
2634
2637
2632
2622
2608
2619
2602
2606
2597
2581
2574
2588
2588
2577
2557
2560
2544
2532
2523
2526
2525
2510
2492
2499
2508
2496
2473
2457
2433
2428
2414
2406
2405
2397
2381
2352
2350
2335
2324
2298
2278
2275
2272
2253
2223
2220
2185
2156
2160
2156
2140
2136
2124
2139
2145
2132
2119
2094
2087
2081
2079
2068
2090
2075
2067
2060
2052
2047
2033
2021
2005
2002
1998
1983
1972
1979
1953
1936
1928
1897
1876
1864
1859
1861
1847
1827
1814
1788
1760
1736
1730
1713
1692
1676
1651
1629
1603
1591
1563
1548
1526
1518
1509
1506
1461
1456
1449
1431
1421
1416
1413
1398
1380
1367
1355
1358
1349
1345
1353
1347
1355
1368
1364
1340
1358
1361
1361
1378
1378
1353
1342
1335
1350
1363
1382
1393
1398
1408
1408
1405
1409
1407
1425
1419
1443
1455
1458
1460
1463
1472
1476
1497
1510
1511
1496
1491
1494
1512
1531
1545
1548
1563
1586
1583
1583
1582
1580
1572
1592
1616
1625
1632
1627
1640
1633
1640
1651
1667
1687
1675
1665
1667
1665
1662
1664
1662
1651
1638
1640
1644
1651
1651
1667
1692
1701
1702
1712
1712
1729
1718
1729
1737
1752
1781
1788
1790
1812
1828
1828
1844
1858
1863
1894
1904
1916
1910
1913
1928
1935
1961
1979
1992
2010
2022
2050
2067
2084
2096
2101
2105
2133
2134
2148
2152
2168
2191
2207
2223
2227
2240
2268
2261
2257
2271
2262
2263
2279
2301
2307
2314
2320
2332
2352
2359
2353
2365
2371
2374
2382
2386
2380
2400
2407
2432
2428
2448
2459
2478
2469
2467
2467
2478
2488
2486
2491
2492
2504
2530
2529
2451
2499
2527
2544
2563
2573
2558
2550
2540
2562
2574
2577
2584
2592
2598
2600
2609
2611
2627
2634
2634
2634
2631
2643
2636
2624
2635
2658
2659
2659
2671
2670
2675
2666
2681
2686
2685
2709
2706
2705
2721
2729
2736
2747
2750
2755
2772
2763
2750
2732
2738
2745
2738
2741
2766
2764
2776
2785
2782
2765
2765
2768
2777
2778
2786
2798
2797
2776
2763
2768
2772
2773
2782
2796
2798
2789
2771
2772
2785
2782
2784
2787
2791
2785
2787
2780
2795
2783
2788
2792
2803
2801
2797
2776
2767
2765
2771
2776
2773
2778
2775
2758
2745
2731
2725
2717
2734
2719
2731
2722
2707
2687
2678
2673
2676
2671
2664
2648
2624
2611
2587
2378
2420
2454
2471
2498
2529
2557
2591
2600
2593
2437
2377
2402
2531
2479
2554
2625
2671
2683
2670
2650
2636
2629
2640
2660
2639
2620
2590
2566
2530
2526
2525
2528
2539
2520
2507
2485
2466
2454
2295
2343
2388
2407
2411
2389
2364
2346
2319
2309
2294
2263
2221
2183
2137
2100
2060
2014
1986
1942
1911
1869
1838
1816
1793
1795
1785
1766
1712
1667
1613
1558
1539
1502
1502
1508
1498
1472
1437
1397
1368
1344
1327
1321
1302
1287
1250
1219
1179
1136
1113
1123
1091
1061
1031
982
967
935
898
881
860
851
836
803
804
757
718
679
660
649
638
641
618
589
562
516
482
463
448
426
420
414
389
374
345
324
304
282
244
235
227
231
230
225
229
225
235
225
204
200
188
185
176
169
168
163
163
161
158
155
157
155
153
147
148
148
141
141
140
137
136
139
137
135
135
134
133
130
131
131
133
135
135
135
131
133
132
131
132
134
133
136
140
139
139
141
142
143
144
145
151
152
159
162
164
167
175
174
181
180
188
199
205
215
224
251
274
302
320
339
353
371
376
409
432
449
478
500
529
536
559
593
620
664
686
712
748
770
808
820
857
890
921
970
987
1007
1028
1052
1074
1105
1131
1153
1188
1218
1243
1253
1272
1297
1332
1370
1408
1440
1459
1467
1503
1532
1564
1592
1630
1667
1701
1719
1754
1792
1836
1885
1904
1949
1976
1987
2002
2009
2049
2075
2113
2141
2175
2208
2238
2266
2288
2296
2324
2353
2390
2432
2473
2499
2521
2534
2570
2583
2613
2637
2659
2679
2699
2705
2716
2735
2751
2768
2791
2804
2822
2849
2866
2894
2915
2930
2948
2985
3017
3048
3083
3099
3127
3154
3183
3200
3226
3260
3295
3311
3318
3337
3353
3380
3396
3414
3425
3433
3452
3463
3476
3476
3488
3485
3490
3488
3506
3522
3545
3544
3551
3545
3539
3525
3542
3537
3544
3533
3528
3525
3520
3531
3534
3529
3512
3503
3504
3498
3494
3506
3502
3487
3484
3482
3476
3452
3442
3438
3426
3425
3430
3431
3435
3417
3400
3377
3361
3340
3336
3331
3346
3339
3327
3305
3304
3304
3280
3274
3274
3261
3255
3241
3218
3186
3169
3138
3150
3137
3120
3113
3105
3091
3085
3073
3064
3053
3034
3024
3017
3001
3000
2992
2960
2957
2952
2928
2907
2895
2892
2901
2880
2859
2835
2808
2803
2800
2800
2781
2776
2760
2747
2737
2698
2688
2666
2651
2624
2616
2615
2582
2572
2563
2542
2522
2503
2488
2477
2458
2456
2446
2439
2413
2387
2364
2351
2321
2307
2286
2277
2259
2254
2241
2205
2175
2160
2137
2117
2115
2110
2087
2068
2044
2014
2003
1987
1982
1985
1949
1911
1907
1890
1883
1876
1854
1841
1813
1806
1780
1759
1735
1738
1724
1699
1681
1673
1644
1642
1628
1612
1604
1587
1594
1585
1578
1551
1559
1557
1531
1529
1509
1511
1504
1513
1512
1499
1476
1488
1473
1467
1452
1473
1456
1457
1452
1443
1431
1439
1430
1438
1427
1420
1424
1427
1415
1396
1404
1422
1425
1430
1432
1444
1425
1433
1438
1446
1464
1487
1483
1496
1495
1494
1515
1497
1509
1520
1539
1524
1531
1527
1526
1532
1546
1553
1552
1566
1551
1552
1561
1557
1571
1577
1592
1615
1614
1628
1629
1637
1641
1672
1692
1730
1750
1760
1755
1767
1762
1788
1812
1839
1847
1863
1877
1894
1910
1908
1919
1929
1953
1976
1993
1993
2010
2022
2044
2065
2067
2065
2091
2115
2149
2156
2186
2187
2211
2223
2225
2227
2248
2268
2279
2292
2307
2324
2336
2363
2371
2376
2372
2392
2417
2422
2416
2425
2447
2470
2493
2501
2508
2520
2530
2552
2562
2570
2588
2584
2587
2592
2598
2615
2614
2620
2625
2624
2627
2648
2641
2661
2679
2697
2697
2707
2724
2734
2736
2727
2734
2761
2766
2767
2776
2783
2779
2779
2771
2769
2782
2793
2790
2796
2824
2829
2825
2827
2824
2828
2835
2836
2847
2850
2855
2847
2830
2817
2819
2813
2834
2817
2827
2835
2822
2823
2777
2767
2759
2758
2752
2747
2750
2731
2731
2731
2713
2695
2686
2684
2673
2634
2631
2599
2582
2592
2579
2575
2571
2560
2547
2535
2457
2466
2479
2492
2496
2476
2454
2441
2423
2416
2414
2429
2410
2396
2392
2387
2367
2339
2310
2303
2290
2289
2282
2264
2235
2226
2218
2199
2189
2176
2158
2159
2140
2136
2130
2107
2105
2080
2074
2065
2068
2052
2037
2039
2017
2003
1982
1959
1963
1955
1935
1933
1927
1917
1914
1887
1875
1863
1857
1846
1846
1830
1827
1702
1765
1785
1779
1768
1772
1758
1744
1714
1572
1494
1539
1642
1606
1564
1625
1688
1683
1686
1686
1680
1675
1666
1653
1655
1647
1630
1639
1649
1640
1625
1615
1613
1614
1617
1606
1615
1611
1587
1568
1551
1559
1555
1551
1564
1545
1534
1524
1522
1517
1518
1511
1513
1492
1475
1469
1469
1470
1465
1484
1493
1488
1480
1456
1459
1448
1440
1455
1451
1450
1315
1267
1311
1386
1411
1423
1427
1430
1438
1435
1432
1443
1423
1436
1437
1427
1431
1436
1443
1430
1440
1440
1427
1420
1414
1417
1424
1425
1416
1434
1443
1429
1421
1426
1418
1416
1433
1448
1433
1436
1440
1432
1428
1421
1427
1423
1425
1431
1451
1453
1453
1456
1464
1459
1451
1464
1467
1472
1486
1483
1480
1482
1475
1485
1492
1510
1516
1517
1520
1523
1517
1509
1526
1548
1548
1550
1548
1564
1565
1563
1573
1570
1577
1587
1569
1572
1558
1570
1574
1592
1612
1594
1598
1600
1603
1595
1615
1611
1626
1628
1646
1657
1657
1658
1673
1679
1681
1698
1712
1714
1726
1736
1743
1750
1755
1758
1768
1788
1796
1802
1818
1821
1844
1860
1870
1878
1894
1895
1903
1924
1937
1935
1955
1972
1988
1993
1988
1999
2001
2008
2020
2025
2041
2039
2057
2069
2069
2070
2087
2117
2120
2124
2127
2132
2130
2139
2154
2169
2187
2209
2224
2223
2203
2207
2211
2204
2203
2205
2222
2230
2243
2240
2245
2262
2276
2284
2279
2280
2280
2289
2301
2315
2314
2323
2341
2338
2328
2348
2354
2357
2370
2377
2390
2406
2400
2396
2396
2404
2412
2422
2425
2448
2456
2456
2462
2460
2460
2466
2476
2491
2500
2511
2497
2509
2511
2520
2518
2520
2538
2523
2540
2545
2549
2553
2548
2545
2548
2551
2558
2565
2580
2592
2610
2610
2599
2588
2568
2566
2582
2592
2602
2595
2594
2595
2575
2568
2577
2563
2560
2564
2565
2545
2522
2524
2507
2496
2472
2471
2471
2461
2460
2451
2451
2440
2416
2400
2399
2393
2376
2368
2360
2343
2341
2334
2319
2303
2277
2271
2257
2249
2231
2233
2202
2194
2174
2156
2145
2142
2129
2121
2111
2115
2100
2087
2067
2052
2041
2033
2021
2004
2009
2008
1988
1983
1948
1934
1904
1902
1900
1890
1890
1878
1859
1840
1823
1809
1793
1801
1793
1801
1799
1788
1778
1758
1737
1728
1712
1703
1695
1696
1686
1678
1656
1646
1651
1630
1633
1624
1615
1613
1592
1589
1585
1566
1547
1533
1524
1524
1527
1510
1505
1504
1496
1466
1468
1448
1435
1433
1433
1414
1427
1417
1416
1408
1399
1391
1385
1376
1387
1388
1388
1380
1380
1372
1366
1365
1358
1364
1383
1379
1376
1359
1356
1337
1333
1347
1341
1340
1329
1339
1321
1328
1328
1327
1326
1329
1318
1334
1343
1353
1351
1337
1351
1359
1362
1368
1379
1376
1393
1390
1393
1405
1416
1419
1419
1420
1435
1440
1447
1456
1466
1472
1475
1481
1468
1478
1471
1507
1508
1523
1525
1536
1533
1541
1553
1553
1580
1611
1614
1622
1631
1638
1635
1648
1657
1665
1693
1699
1709
1711
1727
1734
1752
1752
1776
1794
1811
1833
1846
1841
1843
1861
1867
1876
1912
1913
1924
1939
1965
1970
1974
1976
2008
2010
2019
2032
2038
2052
2072
2080
2085
2077
2084
2092
2106
2110
2127
2124
2146
2160
2183
2189
2185
2195
2202
2204
2215
2225
2235
2247
2236
2236
2251
2269
2280
2281
2291
2300
2333
2330
2334
2334
2345
2353
2339
2343
2363
2359
2366
2377
2388
2391
2408
2410
2418
2414
2415
2427
2440
2441
2438
2450
2476
2484
2508
2508
2511
2516
2522
2503
2508
2518
2520
2520
2531
2522
2537
2555
2563
2570
2582
2572
2569
2573
2585
2585
2589
2595
2600
2595
2598
2596
2589
2584
2577
2580
2591
2600
2609
2593
2602
2590
2587
2569
2575
2578
2584
2577
2596
2609
2593
2586
2592
2595
2594
2585
2595
2604
2585
2589
2593
2592
2588
2596
2586
2584
2584
2567
2568
2584
2582
2572
2563
2559
2579
2568
2564
2563
2567
2567
2545
2528
2524
2523
2531
2523
2508
2505
2501
2496
2486
2468
2480
2488
2488
2476
2452
2438
2435
2444
2432
2441
2439
2438
2404
2405
2400
2392
2372
2355
2354
2343
2337
2331
2341
2315
2311
2272
2269
2267
2255
2243
2228
2218
2215
2201
2199
2190
2182
2167
2181
2163
2148
2130
2124
2107
2110
2116
2097
2090
2081
2055
2035
2016
2019
2015
2007
2002
2002
1988
1978
1950
1960
1972
1960
1942
1945
1929
1926
1912
1907
1883
1888
1870
1854
1857
1846
1829
1843
1840
1837
1846
1823
1811
1824
1835
1821
1813
1801
1787
1780
1779
1784
1774
1763
1764
1779
1776
1769
1770
1754
1741
1743
1735
1731
1722
1726
1724
1730
1728
1708
1711
1711
1695
1700
1702
1703
1694
1685
1687
1671
1657
1637
1643
1652
1641
1658
1661
1647
1644
1659
1656
1646
1631
1634
1645
1636
1633
1647
1644
1640
1647
1648
1649
1657
1652
1647
1650
1642
1653
1654
1670
1660
1665
1671
1683
1681
1689
1684
1709
1712
1705
1711
1702
1732
1743
1735
1747
1769
1786
1795
1783
1790
1792
1783
1788
1798
1808
1817
1824
1825
1846
1852
1853
1852
1839
1854
1855
1883
1880
1871
1872
1871
1884
1877
1879
1899
1881
1891
1896
1900
1897
1914
1918
1928
1933
1928
1924
1911
1913
1920
1932
1948
1953
1937
1947
1952
1964
1955
1952
1960
