2064
2055
2068
2071
2070
2056
2067
2076
2074
2064
2051
2072
2067
2040
2053
2043
2051
2063
2060
2086
2079
2080
2081
2073
2081
2073
2056
2065
2077
2079
2092
2069
2052
2054
2048
2051
2054
2039
2049
2049
2057
2067
2062
2057
2055
2041
2031
2028
2041
2065
2060
2056
2053
2059
2057
2061
2084
2083
1976
2011
2027
2028
2063
2062
2060
2057
2067
2053
2048
2042
2038
2046
2040
2048
2048
2056
2073
2061
2060
2056
2047
2059
2058
2072
2063
2057
2051
2056
2064
2075
2071
2069
2028
2011
2016
2039
2077
2108
2158
2207
2232
2240
2275
2310
2369
2442
2512
2553
2561
2552
2542
2450
2348
2499
2612
2685
2723
2718
2739
2746
2751
2619
2530
2497
2506
2686
2767
2798
2787
2771
2758
2782
2763
2763
2765
2761
2745
2727
2711
2699
2680
2662
2631
2585
2532
2491
2336
2167
2227
2270
2282
2283
2253
2252
2254
2268
2266
2230
2214
2169
2148
2129
1892
1758
1886
2055
2119
2114
2115
2102
2099
2101
2122
2162
2185
2170
2176
2181
2181
2182
2091
1991
2106
2166
2169
2181
2178
2154
2162
2156
2176
2184
2186
2180
2180
2153
2144
2154
2149
2159
2187
2197
2197
2183
2149
2111
2094
2096
2111
2124
2140
2150
2131
2106
2092
2070
2071
2059
2059
2067
2055
2032
2014
1992
1991
1987
1972
2003
1990
1967
1944
1920
1893
1898
1900
1937
1932
1911
1909
1889
1859
1847
1815
1816
1797
1785
1768
1763
1751
1736
1713
1680
1656
1644
1646
1625
1611
1584
1559
1530
1537
1536
1558
1541
1529
1512
1483
1466
1459
1468
1486
1504
1500
1503
1494
1487
1478
1466
1460
1472
1470
1471
1478
1487
1509
1509
1500
1498
1498
1483
1470
1464
1470
1481
1507
1522
1528
1525
1504
1488
1478
1473
1474
1486
1492
1508
1507
1488
1487
1466
1464
1455
1452
1462
1476
1499
1508
1511
1523
1542
1558
1540
1554
1551
1543
1539
1573
1551
1548
1542
1543
1541
1549
1532
1529
1543
1551
1548
1546
1536
1518
1518
1533
1514
1514
1527
1525
1525
1513
1504
1502
1503
1515
1511
1539
1538
1540
1555
1541
1555
1543
1542
1518
1520
1513
1522
1538
1512
1500
1489
1504
1490
1494
1498
1513
1516
1515
1518
1509
1505
1494
1499
1484
1492
1482
1473
1487
1488
1475
1460
1453
1426
1411
1408
1414
1417
1435
1457
1472
1496
1507
1494
1519
1547
1584
1627
1640
1662
1695
1710
1724
1753
1765
1787
1823
1848
1872
1892
1914
1935
1958
1956
1970
1982
1991
2026
2034
2017
2020
2017
2019
2017
2030
2007
2008
2011
1995
2000
1985
1983
1967
1969
1980
1980
1974
1974
1976
1975
1974
1950
1959
1946
1942
1932
1936
1941
1946
1948
1937
1949
1940
1951
1959
1967
1970
1973
1987
1989
1982
1984
1983
2014
1998
2006
2008
2021
2019
2030
2029
2028
2034
2037
2033
2032
2041
2041
2040
2042
2043
2028
2022
2019
2014
2022
2028
2038
2044
2044
2038
2042
2041
2039
2048
2036
2059
2071
2084
2099
2091
2102
2096
2106
2116
2103
2113
2115
2131
2151
2153
2142
2162
2156
2161
2154
2144
2147
2142
2146
2130
2131
2135
2132
2147
2143
2153
2165
2178
2186
2197
2192
2198
2205
2211
2199
2215
2224
2228
2251
2240
2240
2246
2249
2244
2252
2254
2246
2262
2266
2265
2260
2244
2230
2228
2227
2234
2245
2251
2230
2203
2191
2182
2162
2151
2142
2147
2144
2151
2144
2133
2112
2089
2078
2060
2062
2057
2062
2040
2024
2010
1995
1965
1942
1939
1935
1942
1948
1958
1947
1943
1930
1907
1902
1920
1924
1931
1929
1942
1927
1931
1917
1922
1926
1961
1962
1971
1979
1990
1993
1985
1992
1997
1995
2026
2030
2047
2047
2045
2057
2076
2071
2087
2098
2115
2125
2115
2126
2130
2130
2147
2165
2168
2180
2200
2203
2218
2230
2252
2288
2306
2339
2339
2355
2365
2372
2386
2403
2428
2446
2452
2464
2483
2459
2459
2462
2489
2492
2511
2537
2543
2531
2530
2544
2544
2556
2576
2595
2593
2592
2595
2609
2627
2638
2655
2665
2688
2699
2715
2706
2696
2696
2697
2694
2712
2713
2694
2713
2705
2700
2708
2712
2724
2715
2711
2708
2710
2723
2723
2758
2768
2766
2766
2763
2752
2747
2753
2758
2769
2800
2812
2832
2808
2800
2799
2803
2809
2827
2819
2811
2804
2801
2787
2781
2775
2792
2777
2787
2782
2769
2768
2740
2742
2733
2728
2711
2699
2686
2692
2687
2671
2665
2658
2639
2619
2595
2587
2599
2569
2585
2579
2573
2566
2532
2526
2522
2520
2515
2512
2511
2493
2487
2458
2444
2446
2446
2449
2435
2422
2416
2401
2382
2363
2360
2344
2354
2350
2333
2329
2323
2282
2267
2252
2235
2224
2224
2212
2185
2150
2131
2111
2097
2079
2057
2031
2032
2014
1982
1954
1931
1907
1892
1881
1864
1844
1830
1801
1796
1765
1747
1760
1739
1735
1718
1711
1674
1654
1647
1632
1622
1649
1655
1649
1610
1579
1568
1555
1558
1560
1551
1556
1537
1539
1529
1510
1485
1492
1496
1507
1486
1484
1464
1445
1423
1412
1405
1400
1386
1379
1387
1374
1346
1342
1347
1332
1355
1355
1366
1374
1372
1356
1364
1372
1385
1395
1383
1426
1433
1422
1436
1395
1393
1404
1428
1438
1433
1428
1432
1438
1437
1437
1446
1443
1443
1451
1457
1460
1459
1449
1438
1433
1453
1472
1478
1488
1474
1484
1477
1488
1491
1504
1536
1536
1530
1527
1527
1517
1519
1519
1528
1532
1547
1545
1576
1575
1571
1598
1612
1635
1642
1640
1637
1638
1643
1668
1671
1693
1697
1709
1716
1718
1699
1722
1731
1747
1767
1756
1772
1768
1787
1808
1806
1825
1848
1850
1864
1876
1877
1887
1917
1931
1947
1958
1964
1984
2007
1999
2022
2038
2060
2067
2092
2119
2115
2123
2148
2153
2174
2186
2198
2209
2231
2242
2259
2276
2280
2294
2298
2311
2319
2336
2342
2355
2367
2363
2385
2388
2397
2417
2432
2437
2447
2444
2459
2478
2499
2513
2535
2539
2537
2550
2552
2550
2569
2587
2604
2619
2636
2620
2624
2636
2647
2671
2690
2711
2713
2707
2710
2720
2741
2754
2769
2787
2800
2821
2805
2802
2795
2805
2807
2825
2844
2855
2862
2852
2857
2877
2881
2887
2891
2908
2897
2902
2906
2902
2916
2926
2943
2952
2940
2969
2957
2962
2946
2955
2988
2982
2989
2999
3008
3012
3003
3006
3003
3006
3008
2904
2951
2895
2948
2979
3002
3008
3022
3024
3011
2999
3022
3022
3023
3011
3006
3008
3001
2984
2975
2955
2940
2932
2917
2932
2912
2923
2912
2912
2902
2890
2863
2841
2823
2798
2798
2784
2781
2780
2780
2762
2748
2723
2680
2671
2672
2679
2672
2688
2665
2634
2620
2613
2599
2571
2567
2551
2530
2537
2518
2486
2480
2465
2460
2451
2448
2443
2432
2406
2382
2364
2340
2311
2283
2289
2288
2300
2319
2331
2334
2339
2354
2350
2368
2376
2391
2393
2417
2399
2364
2323
2302
2281
2286
2277
2268
2249
2216
2200
2171
2131
2124
2124
2107
2105
2084
2051
2027
2003
1979
1960
1954
1939
1933
1920
1913
1914
1877
1861
1838
1803
1782
1754
1707
1658
1621
1598
1560
1527
1497
1452
1424
1396
1374
1382
1371
1370
1362
1335
1314
1246
948
816
1010
1127
1171
1187
1195
1159
1127
1116
1092
1079
1062
1057
1055
1037
1009
985
980
950
932
932
928
911
876
844
818
796
776
761
755
752
737
711
682
659
644
631
614
619
618
616
593
573
549
535
502
492
473
463
454
446
449
422
394
367
346
343
334
319
304
290
281
265
278
284
289
282
296
292
287
295
287
283
268
271
278
267
261
248
208
201
218
216
215
200
189
199
201
211
204
205
204
202
205
192
189
197
179
194
199
209
229
238
256
260
262
262
275
288
305
303
324
338
351
339
366
382
384
402
418
429
451
481
502
393
366
440
518
575
614
623
630
659
678
710
731
755
760
770
783
800
820
840
859
876
875
891
931
940
973
1011
1027
1054
1076
1095
1103
1131
1166
1200
1232
1266
1304
1325
1330
1340
1358
1385
1432
1471
1491
1511
1540
1545
1566
1580
1621
1639
1665
1683
1703
1721
1735
1760
1793
1824
1882
1905
1936
1955
1967
1983
2005
2018
2063
2104
2130
2159
2168
2185
2207
2235
2244
2271
2296
2337
2361
2371
2380
2400
2432
2449
2485
2514
2545
2566
2580
2616
2634
2647
2663
2689
2717
2726
2740
2756
2763
2771
2776
2790
2799
2819
2835
2853
2870
2867
2888
2898
2911
2916
2929
2959
2989
3007
3034
3047
3090
3120
3150
3173
3169
3184
3206
3216
3211
3250
3281
3301
3316
3347
3339
3339
3338
3340
3354
3351
3362
3373
3396
3396
3395
3385
3387
3379
3369
3363
3355
3351
3328
3352
3357
3357
3372
3374
3372
3357
3346
3356
3348
3344
3353
3351
3356
3345
3335
3324
3318
3313
3315
3306
3310
3302
3306
3295
3291
3305
3289
3273
3264
3246
3247
3238
3225
3207
3200
3209
3224
3224
3216
3220
3205
3191
3168
3156
3140
3136
3129
3107
3092
3086
3075
3046
3032
3008
2988
2968
2959
2943
2921
2900
2887
2882
2871
2855
2842
2815
2800
2776
2749
2728
2712
2701
2687
2675
2660
2639
2611
2604
2595
2574
2553
2540
2520
2506
2495
2471
2469
2439
2414
2396
2365
2348
2340
2316
2302
2282
2265
2264
2249
2240
2212
2191
2172
2136
2122
2106
2088
2076
2085
2087
2060
2048
2025
2007
1989
1981
1956
1948
1944
1946
1923
1910
1897
1884
1870
1855
1836
1833
1833
1809
1795
1777
1772
1760
1743
1722
1711
1706
1700
1695
1683
1656
1646
1645
1639
1619
1608
1606
1600
1600
1591
1577
1556
1550
1550
1555
1547
1548
1525
1513
1505
1497
1486
1479
1478
1462
1462
1459
1461
1449
1455
1446
1456
1462
1447
1445
1443
1445
1452
1435
1437
1458
1443
1444
1456
1465
1460
1472
1478
1479
1496
1506
1511
1526
1536
1544
1558
1559
1573
1596
1611
1607
1619
1636
1637
1676
1690
1696
1703
1736
1747
1744
1754
1761
1772
1778
1789
1826
1836
1859
1858
1859
1878
1876
1900
1913
1930
1935
1971
1980
1990
2008
2014
2026
2049
2067
2060
2075
2087
2105
2128
2140
2150
2165
2180
2203
2207
2211
2234
2251
2271
2268
2273
2275
2276
2272
2285
2312
2329
2362
2368
2373
2388
2382
2377
2392
2417
2423
2435
2441
2457
2469
2476
2484
2503
2512
2535
2549
2572
2561
2563
2564
2587
2597
2595
2600
2617
2632
2643
2655
2671
2671
2689
2705
2716
2719
2719
2711
2715
2724
2739
2753
2762
2775
2792
2791
2795
2785
2770
2771
2775
2772
2779
2763
2759
2756
2779
2774
2766
2763
2766
2752
2748
2746
2735
2729
2724
2713
2720
2706
2711
2699
2701
2681
2662
2672
2678
2675
2672
2678
2656
2625
2613
2591
2590
2573
2565
2572
2563
2530
2508
2480
2479
2450
2442
2429
2423
2417
2407
2383
2375
2364
2361
2357
2332
2326
2316
2300
2297
2279
2251
2236
2234
2224
2220
2208
2205
2186
2163
2149
2150
2124
2116
2110
2106
2087
2086
2057
2048
2048
2043
2026
2050
2047
2038
2026
2009
1990
1963
1936
1935
1931
1931
1927
1908
1900
1856
1841
1825
1839
1843
1838
1839
1824
1808
1766
1737
1724
1731
1742
1752
1760
1747
1723
1694
1683
1686
1699
1712
1711
1699
1679
1667
1660
1651
1667
1667
1676
1689
1692
1659
1639
1607
1608
1616
1622
1660
1679
1681
1665
1644
1641
1645
1638
1650
1641
1644
1625
1599
1601
1603
1614
1632
1639
1629
1605
1588
1587
1577
1608
1651
1656
1662
1655
1636
1589
1586
1585
1600
1628
1654
1645
1644
1624
1604
1596
1580
1587
1615
1607
1605
1580
1579
1579
1586
1587
1600
1602
1615
1622
1606
1591
1600
1600
1605
1624
1628
1624
1639
1624
1613
1602
1601
1591
1610
1622
1638
1635
1644
1631
1616
1616
1619
1632
1643
1644
1652
1656
1651
1639
1657
1670
1670
1655
1653
1651
1646
1664
1671
1588
1638
1668
1689
1716
1698
1719
1713
1712
1697
1719
1734
1750
1750
1751
1752
1753
1753
1760
1768
1765
1774
1783
1771
1762
1783
1799
1820
1823
1808
1832
1836
1812
1800
1801
1807
1833
1843
1855
1852
1847
1851
1853
1849
1848
1857
1867
1865
1864
1879
1864
1854
1880
1884
1888
1888
1875
1876
1885
1883
1896
1903
1915
1923
1926
1901
1911
1907
1912
1912
1931
1923
1935
1940
1942
1932
1958
1953
1960
1974
1964
1970
1842
1716
1828
1920
1959
1987
2004
2003
2008
2008
2004
1943
1844
1799
1882
1860
1878
1981
2035
2036
2054
2063
2075
2061
2079
2102
2094
2067
2065
2075
2081
2072
2085
2086
2102
2099
2100
2092
2095
2092
2098
2108
2097
2104
2112
2111
2115
2116
2100
2104
2097
2102
2102
2120
2115
2127
2127
2127
2120
2113
2151
2153
2161
2171
2174
2164
2166
2183
2191
2207
2212
2217
2214
2218
2226
2128
2140
2212
2238
2252
2265
2143
2091
2170
2240
2287
2308
2323
2302
2305
2303
2301
2300
2311
2326
2329
2329
2311
2297
2301
2312
2311
2313
2323
2340
2210
1989
1994
2163
2273
2315
2348
2362
2338
2338
2339
2331
2326
2318
2335
2322
2329
2316
2307
2310
2323
2320
2318
2303
2297
2316
2319
2295
2279
2259
2276
2291
2275
2284
2291
2283
2277
2279
2254
2236
2214
2224
2227
2222
2227
2200
2186
2185
2183
2156
2164
2153
2147
2132
2115
2112
2108
2093
2088
2096
2095
2077
2067
2053
2050
2051
2044
2035
2029
2019
2006
1983
1975
1977
1979
1972
1971
1966
1953
1931
1925
1899
1884
1886
1889
1884
1872
1864
1864
1843
1833
1812
1798
1776
1788
1784
1785
1782
1751
1762
1754
1759
1740
1723
1721
1719
1717
1723
1715
1692
1687
1683
1673
1667
1681
1671
1668
1659
1668
1659
1653
1649
1649
1661
1638
1652
1623
1632
1632
1623
1612
1611
1607
1588
1608
1603
1588
1586
1604
1591
1600
1600
1592
1592
1593
1584
1587
1601
1599
1588
1575
1563
1570
1562
1557
1553
1548
1557
1540
1560
1527
1536
1526
1541
1550
1566
1564
1567
1555
1531
1544
1532
1529
1537
1554
1565
1558
1553
1563
1553
1560
1546
1564
1560
1581
1591
1603
1605
1588
1576
1581
1593
1594
1598
1598
1616
1637
1633
1639
1635
1648
1656
1653
1671
1679
1687
1693
1706
1710
1719
1721
1717
1735
1741
1760
1762
1771
1798
1806
1820
1832
1836
1856
1880
1878
1886
1905
1913
1928
1941
1949
1959
1948
1948
1957
1985
1995
2002
2019
2019
2025
2027
2052
2065
2076
2084
2098
2112
2124
2108
2125
2144
2141
2151
2156
2166
2159
2170
2189
2196
2208
2215
2218
2241
2242
2253
2254
2272
2270
2269
2264
2259
2279
2299
2302
2295
2308
2321
2322
2340
2366
2392
2393
2400
2407
2416
2405
2415
2419
2412
2417
2419
2426
2430
2419
2433
2442
2450
2461
2468
2452
2463
2473
2479
2468
2478
2493
2479
2494
2505
2496
2503
2513
2512
2513
2512
2504
2512
2516
2507
2522
2528
2532
2546
2535
2532
2539
2534
2538
2551
2538
2543
2555
2541
2550
2552
2541
2543
2529
2541
2525
2524
2531
2536
2549
2515
2520
2510
2494
2490
2491
2495
2492
2496
2483
2476
2456
2451
2470
2473
2473
2479
2453
2444
2434
2434
2422
2434
2442
2433
2413
2413
2407
2402
2401
2404
2383
2393
2379
2387
2393
2376
2363
2371
2364
2356
2361
2352
2347
2348
2331
2332
2316
2310
2313
2317
2316
2303
2288
2268
2254
2243
2243
2261
2253
2245
2231
2227
2213
2202
2193
2200
2188
2201
2174
2172
2151
2142
2132
2131
2140
2130
2129
2120
2110
2102
2095
2088
2083
2088
2093
2086
2083
2078
2084
2073
2056
2056
2065
2048
2035
2025
2023
2014
2031
2030
2015
2003
1985
1984
1981
1973
1976
1968
1967
1969
1960
1946
1944
1931
1919
1909
1888
1878
1891
1910
1901
1883
1873
1871
1859
1840
1828
1827
1830
1835
1844
1841
1812
1809
1810
1807
1811
1808
1804
1804
1797
1771
1763
1752
1755
1763
1780
1778
1776
1770
1751
1755
1757
1739
1731
1724
1731
1749
1752
1726
1746
1736
1726
1718
1715
1725
1730
1724
1723
1726
1728
1739
1711
1714
1708
1695
1715
1724
1734
1735
1732
1723
1734
1735
1745
1739
1724
1731
1737
1745
1757
1754
1760
1748
1764
1782
1769
1779
1775
1760
1770
1758
1770
1767
1766
1756
1768
1771
1776
1785
1779
1766
1770
1774
1780
1785
1791
1788
1799
1812
1808
1798
1815
1812
1812
1828
1833
1849
1850
1847
1838
1826
1831
1851
1863
1866
1871
1871
1867
1864
1883
1890
1894
1882
1899
1887
1884
1890
1891
1879
1906
1918
1916
1928
1931
1925
1933
1952
1944
1956
1955
1953
1956
1967
1963
1980
1983
1982
2002
2005
1998
1998
2004
2023
2014
2032
2032
2035
2036
2041
2038
2052
2045
2055
2044
2050
2045
2049
2069
2073
2055
2055
2061
2052
2057
2061
2078
2070
2067
2064
2079
2056
2049
2070
2064
2069
2070
2058
2051
2044
2045
2034
2025
2040
2038
2038
2028
2023
2016
2026
2017
2009
2012
2006
2006
2008
1994
1991
1983
1995
1996
2019
2002
2020
2000
1991
1983
1988
1993
1988
1980
1985
1975
1970
1983
1993
1981
1967
1981
1978
1983
1984
1970
1965
1955
1957
1965
1970
1968
1975
1979
1971
1957
1955
1951
1947
1944
1923
1940
1933
1923
1935
1947
1935
1942
1924
1937
1935
1928
1917
1912
1908
1907
1906
1899
1893
1899
1904
1896
1883
1888
1889
1883
1878
1870
1874
1878
1875
1879
1876
1884
1880
1873
1884
1871
1865
1852
1859
1867
1863
1857
1859
1873
1888
1876
1878
1876
1873
1878
1875
1877
1885
1891
1882
1882
1878
1885
1893
1890
1902
1895
1904
1906
