2108
2103
2102
2096
2092
2087
2091
2105
2104
2091
2065
2084
2092
2080
2089
2100
2089
2096
2091
2076
2079
2092
2101
2098
2089
2081
2081
2090
2086
2089
2084
2081
2067
2073
2086
2080
2076
2072
2065
2079
2071
2066
2073
2064
2065
2075
2074
2076
2065
2047
2040
2041
2042
2039
2043
2041
2046
2032
2037
2014
2014
2024
2013
2015
2000
1999
2005
2011
2011
2008
2007
1996
1997
1997
1982
1984
1971
1969
1978
1977
1972
1967
1984
1973
1966
1975
1990
1984
1981
1968
1964
1953
1970
1982
1980
1966
1968
1963
1970
1975
1966
1955
1966
1963
1977
1979
1972
1964
1971
1969
1957
1966
1955
1979
1988
1994
1995
2005
1996
1985
1982
1977
1988
1981
1984
1983
1986
1992
1988
1987
1988
1993
1990
1996
1997
1989
1975
1969
1975
1982
2007
1992
1999
2002
1992
1987
1986
1980
1969
1984
1995
1998
1983
1990
1993
1995
1987
1997
2001
2008
2006
2017
2006
2020
2015
2021
2016
2028
2032
2037
2027
2028
2032
2028
2048
2047
2036
2015
2012
2022
2028
2023
2033
2032
2044
2049
2059
2063
2060
2052
2063
2069
2068
2069
2057
2046
2035
2038
2053
2060
2083
2078
2078
2082
2071
2070
2066
2081
2066
2064
2062
2055
2048
2047
2065
2066
2077
2066
2062
2072
2062
2046
2036
2049
2044
2039
2042
2058
2062
2057
2056
2047
2040
2040
2043
2035
2022
2028
2032
2027
2040
2036
2033
2032
2028
2037
2031
2007
2010
2011
2015
2025
2035
2023
2016
1999
1995
1988
1975
1979
1978
1983
1995
2003
2007
2011
1993
2012
1988
1988
2007
2004
1998
1984
1995
1982
1983
1974
1980
1979
1987
1984
1985
1978
1969
1976
1977
1984
1979
1966
1959
1971
1968
1963
1952
1970
1972
1967
1964
1995
1979
1985
1974
1949
1952
1960
1953
1939
1941
1951
1957
1947
1935
1939
1944
1935
1947
1951
1947
1955
1964
1947
1945
1957
1942
1936
1930
1944
1942
1941
1929
1944
1933
1946
1944
1950
1958
1967
1960
1954
1967
1969
1965
1971
1978
1963
1969
1961
1976
1979
1996
1992
1998
2004
2005
1998
1988
1984
1990
2003
1988
2001
1992
1999
2006
2014
2005
2012
2033
2040
2028
2026
2025
2022
2041
2025
2038
2048
2047
2055
2060
2076
2064
2054
2051
2053
2049
2041
2041
2045
2057
2079
2071
2061
2038
2039
2046
2040
2052
2041
2059
2054
2072
2069
2081
2075
2074
2073
2069
2066
2076
2055
2083
2079
2085
2094
2082
2064
2073
2077
2065
2062
2059
2064
2066
2067
2070
2081
2084
2083
2077
2075
2084
2084
2085
2075
2088
2098
2093
2083
2097
2087
2096
2087
2075
2070
2073
2079
2083
2076
2081
2086
2088
2090
2079
2072
2065
2072
2064
2060
2068
2060
2043
1998
1936
1914
1935
1992
2118
2228
2325
2342
2335
2327
2352
2412
2502
2602
2674
2727
2745
2759
2762
2768
2801
2873
2972
3055
3098
3115
3138
3138
3148
3183
3222
3246
3254
3260
3264
3267
3264
3264
3267
3270
3264
3249
3237
3206
3184
3165
3156
3141
3131
3108
3059
3000
2954
2900
2885
2888
2880
2857
2796
2732
2655
2588
2532
2504
2505
2517
2509
2478
2425
2381
2312
2284
2269
2279
2289
2300
2322
2315
2302
2311
2328
2344
2352
2342
2339
2309
2287
2276
2290
2310
2345
2391
2405
2404
2367
2342
2316
2302
2296
2308
2331
2361
2368
2348
2314
2281
2264
2261
2267
2272
2279
2280
2262
2258
2258
2251
2260
2235
2209
2202
2184
2150
2140
2120
2089
2074
2045
2017
2001
1961
1946
1912
1896
1885
1868
1837
1811
1779
1730
1686
1631
1579
1546
1491
1447
1416
1377
1330
1295
1254
1220
1180
1150
1111
1066
1026
953
896
842
802
771
724
712
681
655
616
576
550
532
508
498
487
476
481
468
452
435
411
371
350
353
340
352
365
367
377
388
404
413
435
462
476
499
500
503
495
502
503
521
534
566
593
595
597
604
611
622
631
649
669
677
696
693
706
713
719
731
754
760
785
778
782
809
831
854
869
888
914
915
871
919
945
966
975
996
1027
1024
1027
1048
1056
1068
1085
1111
1114
1118
1131
1129
1130
1149
1175
1191
1203
1206
1207
1219
1224
1256
1278
1306
1328
1345
1347
1336
1323
1296
1297
1307
1343
1382
1425
1437
1449
1452
1464
1478
1508
1537
1580
1627
1651
1668
1579
1657
1716
1751
1793
1842
1855
1864
1886
1761
1689
1659
1814
1918
1923
1867
1834
1925
2052
2116
2156
2025
1957
1976
2104
2197
2221
2328
2394
2451
2483
2521
2545
2576
2624
2652
2690
2721
2732
2728
2745
2775
2820
2844
2862
2859
2860
2874
2889
2891
2914
2931
2938
2932
2938
2936
2929
2928
2941
2944
2945
2939
2936
2928
2902
2897
2872
2880
2872
2884
2891
2894
2908
2912
2921
2917
2934
2940
2952
2938
2927
2911
2895
2893
2864
2850
2853
2841
2857
2846
2816
2787
2754
2732
2734
2730
2703
2712
2710
2698
2667
2660
2643
2641
2617
2599
2590
2588
2572
2544
2516
2492
2480
2436
2426
2399
2368
2355
2337
2326
2316
2280
2262
2257
2252
2252
2250
2239
2247
2246
2240
2251
2262
2266
2280
2298
2306
2320
2329
2332
2333
2329
2350
2337
2362
2361
2373
2366
2369
2382
2383
2385
2408
2435
2435
2446
2456
2476
2471
2471
2471
2452
2447
2456
2439
2430
2428
2435
2419
2412
2403
2383
2380
2368
2348
2336
2318
2307
2295
2306
2298
2269
2261
2247
2233
2233
2223
2218
2219
2209
2187
2175
2040
2088
2134
2160
2174
2172
2147
2138
2131
2132
2132
2121
2106
2099
2094
2084
2069
2099
2096
2099
2116
2120
2113
2118
2104
2097
2097
2119
2132
2142
2127
2138
2151
2145
2166
2180
2184
2190
2204
2195
2191
2212
2205
2207
2235
2220
2233
2223
2217
2219
2240
2250
2252
2249
2251
2234
2238
2233
2230
2240
2238
2238
2224
2238
2230
2224
2219
2206
2179
2185
2187
2164
2185
2169
2163
2175
2172
2179
2152
2165
2186
2181
2179
2180
2188
2183
2168
2158
2129
2125
2116
2102
2116
2107
2096
2069
2062
2044
2016
2016
2014
1993
1988
1989
1976
1983
1976
1972
1949
1942
1948
1945
1931
1925
1901
1888
1869
1859
1844
1840
1837
1829
1822
1802
1784
1768
1752
1750
1740
1710
1706
1712
1703
1687
1677
1662
1651
1634
1635
1648
1635
1636
1632
1635
1624
1619
1604
1610
1600
1590
1587
1576
1569
1565
1567
1555
1543
1539
1533
1534
1515
1501
1510
1504
1496
1484
1478
1466
1462
1448
1439
1447
1446
1432
1407
1392
1375
1353
1357
1353
1340
1334
1325
1311
1308
1308
1304
1295
1296
1294
1288
1294
1273
1270
1267
1258
1260
1276
1271
1288
1299
1316
1322
1332
1347
1348
1367
1365
1383
1392
1416
1425
1437
1451
1451
1439
1446
1475
1477
1508
1518
1525
1530
1517
1497
1505
1496
1503
1508
1510
1513
1527
1519
1507
1502
1491
1479
1462
1484
1480
1474
1488
1492
1481
1480
1486
1487
1475
1469
1473
1466
1486
1509
1515
1515
1518
1541
1566
1600
1622
1658
1688
1720
1744
1755
1791
1824
1849
1879
1912
1935
1960
2000
2032
2078
2095
2124
2144
2172
2195
2217
2243
2271
2281
2304
2329
2356
2370
2387
2400
2432
2453
2464
2476
2493
2499
2515
2525
2530
2573
2591
2597
2619
2627
2649
2664
2690
2684
2736
2756
2772
2791
2796
2826
2856
2875
2893
2902
2921
2941
2943
2948
2971
2990
2995
3009
3002
3001
3021
3029
3031
3038
3075
3075
3069
3105
3116
3123
3143
3161
3167
3182
3192
3196
3213
3217
3221
3229
3237
3264
3286
3308
3303
3318
3333
3315
3326
3331
3335
3347
3353
3376
3383
3383
3395
3392
3390
3404
3414
3423
3425
3432
3432
3411
3406
3400
3392
3406
3404
3401
3403
3382
3382
3387
3363
3355
3344
3324
3326
3319
3304
3287
3260
3252
3245
3235
3231
3209
3186
3189
3179
3151
3124
3126
3116
3091
3095
3075
3075
3064
3052
3036
3041
3043
3027
3026
3011
2989
2987
2980
2970
2972
2958
2963
2969
2982
2964
2947
2927
2910
2899
2900
2874
2861
2853
2838
2829
2791
2779
2763
2755
2742
2732
2712
2710
2675
2659
2656
2648
2620
2614
2588
2577
2566
2538
2521
2511
2485
2472
2476
2450
2425
2412
2398
2375
2354
2339
2319
2299
2298
2290
2284
2273
2262
2238
2215
2200
2172
2151
2161
2149
2144
2137
2135
2108
2103
2087
2058
2050
2039
2004
1999
1987
1976
1988
1978
1953
1939
1935
1927
1916
1900
1883
1872
1855
1842
1845
1820
1823
1809
1801
1792
1773
1758
1743
1715
1713
1707
1715
1697
1707
1710
1716
1697
1683
1666
1663
1640
1648
1648
1648
1650
1632
1621
1614
1592
1599
1593
1595
1586
1603
1600
1594
1595
1577
1550
1516
1523
1507
1506
1500
1504
1479
1463
1457
1426
1401
1385
1386
1382
1385
1372
1361
1336
1308
1279
1273
1258
1264
1259
1251
1245
1249
1235
1224
1214
1200
1217
1213
1219
1227
1216
1220
1196
1184
1196
1194
1195
1201
1211
1174
1177
1175
1177
1191
1206
1219
1243
1265
1262
1266
1259
1276
1287
1295
1317
1333
1364
1368
1358
1349
1350
1360
1356
1368
1382
1413
1424
1433
1424
1411
1400
1403
1410
1414
1406
1413
1417
1415
1408
1414
1419
1430
1438
1453
1443
1458
1467
1467
1463
1454
1447
1450
1450
1454
1458
1449
1441
1433
1419
1412
1396
1396
1401
1412
1420
1426
1427
1438
1442
1443
1430
1427
1422
1438
1456
1453
1457
1481
1471
1480
1479
1465
1462
1462
1460
1474
1481
1478
1473
1472
1464
1452
1446
1440
1450
1445
1456
1455
1455
1447
1450
1449
1429
1362
1368
1395
1412
1405
1415
1396
1388
1378
1363
1360
1355
1353
1339
1344
1341
1331
1332
1316
1325
1316
1305
1287
1279
1294
1280
1258
1231
1223
1211
1201
1188
1192
1189
1167
1146
1138
1116
1116
1106
1091
1099
1100
1102
1076
1062
1051
1035
1039
1031
1015
1016
1017
1007
1017
1001
995
984
984
964
975
974
967
985
972
977
972
956
942
953
967
967
960
951
941
944
943
924
927
912
919
931
928
926
916
905
923
933
956
971
976
970
961
959
962
960
967
975
975
987
998
994
993
996
1011
1023
1046
1051
1096
1101
1097
1108
1126
1135
1143
1152
1168
1177
1198
1222
1230
1247
1270
1294
1319
1193
1250
1205
1323
1383
1432
1457
1482
1488
1489
1424
1328
1291
1376
1502
1571
1590
1513
1436
1423
1510
1505
1610
1714
1749
1764
1788
1812
1824
1855
1888
1903
1906
1926
1932
1956
1980
1974
1987
2005
2043
2049
2074
2100
2119
2141
2136
2145
2170
2191
2219
2226
2238
2254
2284
2290
2296
2308
2324
2337
2370
2386
2406
2415
2416
2417
2416
2420
2437
2446
2468
2465
2487
2488
2501
2511
2521
2395
2425
2504
2531
2559
2574
2468
2529
2579
2595
2599
2613
2623
2654
2661
2668
2659
2675
2682
2683
2695
2707
2718
2709
2710
2727
2726
2728
2744
2748
2775
2800
2768
2770
2765
2757
2762
2775
2778
2791
2785
2806
2814
2826
2807
2804
2800
2810
2811
2811
2807
2803
2801
2786
2788
2787
2787
2785
2781
2784
2773
2766
2787
2798
2788
2771
2764
2759
2767
2745
2752
2742
2747
2747
2728
2723
2732
2730
2726
2723
2696
2693
2685
2681
2673
2661
2668
2669
2669
2659
2659
2640
2641
2627
2603
2607
2602
2574
2573
2587
2577
2573
2567
2564
2551
2566
2553
2540
2532
2528
2537
2534
2537
2516
2510
2503
2502
2504
2486
2484
2481
2486
2494
2492
2491
2485
2456
2435
2410
2418
2435
2427
2437
2437
2435
2427
2416
2429
2432
2425
2420
2415
2401
2383
2382
2397
2391
2386
2382
2377
2399
2397
2383
2367
2348
2352
2361
2359
2362
2374
2366
2377
2365
2370
2378
2370
2378
2388
2379
2381
2388
2399
2416
2412
2421
2435
2445
2447
2444
2444
2462
2478
2476
2489
2499
2517
2515
2502
2506
2511
2496
2518
2532
2540
2556
2556
2556
2550
2557
2559
2560
2559
2563
2559
2561
2564
2566
2588
2584
2588
2574
2574
2582
2593
2569
2567
2556
2557
2575
2591
2577
2578
2571
2555
2551
2553
2562
2583
2584
2575
2577
2579
2555
2556
2572
2572
2586
2583
2594
2593
2581
2583
2576
2580
2583
2599
2598
2573
2580
2572
2589
2580
2585
2577
2565
2559
2548
2539
2541
2539
2523
2505
2509
2506
2487
2484
2484
2471
2455
2431
2426
2423
2424
2413
2409
2403
2395
2389
2374
2370
2379
2372
2359
2354
2350
2334
2319
2309
2317
2310
2288
2284
2275
2275
2245
2247
2235
2222
2206
2193
2195
2176
2162
2152
2144
2142
2133
2131
2112
2105
2089
2063
2051
2039
2036
2038
2030
2009
2006
1987
1989
1967
1958
1945
1935
1907
1899
1891
1896
1891
1863
1855
1830
1808
1779
1779
1767
1775
1770
1762
1768
1751
1735
1725
1698
1697
1695
1688
1669
1667
1664
1651
1642
1639
1624
1618
1596
1603
1587
1566
1554
1550
1549
1544
1545
1560
1567
1574
1568
1547
1549
1546
1536
1534
1528
1527
1537
1525
1519
1515
1514
1511
1512
1515
1512
1512
1503
1521
1511
1506
1506
1502
1498
1491
1493
1495
1498
1514
1522
1513
1520
1528
1526
1527
1506
1500
1505
1516
1521
1524
1517
1523
1522
1505
1515
1507
1517
1511
1536
1530
1530
1532
1521
1527
1547
1575
1600
1599
1606
1629
1619
1627
1647
1642
1661
1672
1686
1708
1702
1703
1697
1709
1713
1738
1752
1755
1747
1763
1767
1761
1783
1791
1805
1833
1837
1858
1865
1871
1886
1886
1894
1921
1916
1933
1947
1956
1954
1968
1981
1970
1970
1994
2013
2016
2013
2045
2039
2051
2076
2093
2101
2125
2121
2131
2147
2167
2161
2172
2163
2183
2185
2200
2207
2197
2217
2231
2247
2267
2304
2307
2296
2300
2310
2322
2328
2334
2334
2353
2369
2374
2367
2380
2385
2399
2402
2401
2408
2440
2444
2444
2441
2448
2436
2459
2465
2466
2468
2460
2465
2478
2472
2475
2480
2480
2493
2499
2487
2491
2491
2489
2488
2490
2480
2480
2494
2479
2469
2473
2454
2438
2442
2442
2442
2452
2459
2444
2420
2407
2403
2410
2409
2422
2432
2417
2406
2398
2406
2385
2382
2387
2385
2379
2364
2360
2368
2372
2374
2366
2369
2385
2366
2358
2343
2337
2328
2322
2323
2329
2320
2312
2293
2275
2262
2249
2252
2254
2268
2270
2243
2229
2218
2207
2188
2183
2181
2181
2174
2166
2168
2147
2136
2112
2122
2114
2105
2096
2073
2073
2048
2046
2040
2036
2028
2017
2012
2007
1989
1969
1959
1950
1943
1952
1943
1939
1924
1921
1890
1884
1887
1891
1887
1865
1846
1840
1815
1810
1822
1809
1791
1797
1780
1781
1772
1772
1748
1745
1734
1728
1720
1718
1707
1708
1688
1664
1663
1662
1664
1660
1642
1627
1633
1627
1616
1612
1618
1621
1619
1619
1608
1600
1587
1582
1580
1574
1575
1584
1577
1579
1574
1565
1574
1579
1576
1574
1583
1569
1561
1581
1580
1587
1587
1587
1578
1567
1565
1558
1563
1563
1582
1581
1576
1582
1573
1571
1579
1573
1575
1575
1571
1575
1575
1579
1579
1572
1575
1571
1577
1574
1583
1582
1572
1581
1577
1585
1585
1594
1613
1628
1621
1615
1619
1623
1625
1638
1647
1638
1639
1640
1652
1644
1649
1654
1667
1679
1658
1668
1679
1670
1680
1673
1678
1694
1701
1692
1683
1686
1686
1706
1704
1735
1746
1727
1734
1740
1748
1735
1754
1766
1775
1772
1766
1766
1765
1754
1771
1774
1784
1793
1786
1788
1807
1807
1816
1827
1840
1854
1851
1853
1847
1850
1859
1859
1845
1855
1864
1870
1863
1879
1882
1888
1891
1889
1877
1887
1880
1899
1912
1924
1938
1941
1935
1945
1937
1934
1932
1925
1933
1930
1944
1959
1965
1977
1972
1985
1980
1968
1974
1967
1971
1984
1993
1984
1995
1984
1967
1981
1995
1994
2008
2006
2002
1999
1996
2000
2002
1996
2008
1999
1989
2001
1999
1987
1998
1995
2000
1982
1987
1992
1990
1991
1993
1983
1980
1976
1981
1987
2002
2003
2012
2005
1999
1994
2003
1998
1996
1995
1999
2011
2021
2006
2015
2019
2002
2012
1996
2006
1996
2010
2010
2024
2015
2021
2023
2014
2020
2013
2003
2020
2023
2033
2040
2042
2044
2027
2032
2023
2026
2032
2039
2038
2019
2027
2024
1970
1991
2012
2016
2019
2028
2026
2036
2040
2030
2018
2021
2042
2051
2045
2039
2038
2035
2031
2025
2039
2034
2031
2029
2035
2038
2019
2026
2022
2036
2038
2030
2024
2031
2031
2044
2042
2043
2058
2054
2079
2089
2092
2094
2091
2098
2090
2091
2105
2094
2103
2108
1970
2018
1970
2039
2100
2122
2135
2140
2156
2147
2131
1954
1871
1857
1868
1944
1894
2014
2131
2196
2219
2232
2232
2235
2236
2227
2244
2252
2239
2230
2230
2224
2240
2241
2241
2244
2256
2246
2236
2236
2236
2233
2226
2241
2239
2250
2252
2233
2236
2246
2247
2243
2252
2263
2275
2276
2265
2271
2264
2280
2278
2279
2277
2283
2270
2271
2270
2269
2287
2287
2292
2283
2277
2296
2180
2231
2284
2296
2300
2309
2307
2302
2161
2160
2179
2251
2285
2308
2323
2311
2311
2312
2320
2311
2321
2331
2323
2320
2322
2313
2310
2312
2325
2316
2301
2296
2296
2295
2300
2286
2286
2280
2281
2284
2282
2271
2278
2280
2292
2299
2288
2288
2285
2273
2275
2266
2264
2280
2280
2291
2273
2257
2263
2245
2238
2232
2229
2220
2216
2231
2203
2182
2181
2177
2171
2174
2180
2175
2156
2144
2131
2131
2130
2141
2123
2121
2122
2109
2083
2074
2067
2064
2069
2080
2068
2064
2064
2048
2044
2030
2035
2039
2036
2021
2019
2012
2021
2021
2024
2005
1994
1983
1963
1962
1959
1956
1949
1940
1935
1960
1943
1927
