2664
2663
2636
2613
2593
2610
2646
2659
2670
2656
2616
2556
2500
2491
2483
2501
2505
2519
2508
2486
2455
2422
2395
2388
2408
2434
2457
2362
2422
2427
2411
2394
2370
2288
2257
2186
2270
2300
2292
2280
2237
2229
2232
2222
2230
2204
2191
2172
2146
2123
2087
2075
2030
2007
1982
1958
1927
1889
1868
1825
1795
1783
1757
1720
1704
1657
1636
1598
1564
1548
1536
1511
1498
1473
1452
1425
1410
1400
1389
1371
1368
1385
1400
1413
1407
1406
1393
1397
1412
1424
1436
1446
1472
1480
1501
1519
1534
1518
1554
1585
1598
1616
1653
1668
1669
1677
1686
1688
1705
1735
1775
1813
1865
1914
1943
1982
2014
2043
2083
2142
2176
2212
2267
2311
2345
2385
2412
2446
2466
2507
2528
2568
2569
2583
2590
2612
2613
2638
2653
2673
2662
2684
2697
2707
2739
2759
2745
2734
2744
2739
2740
2729
2749
2766
2787
2798
2817
2814
2809
2792
2796
2816
2814
2840
2845
2844
2826
2808
2813
2811
2800
2794
2804
2794
2788
2785
2766
2742
2719
2721
2716
2689
2677
2661
2650
2609
2593
2574
2547
2536
2507
2488
2446
2419
2403
2364
2343
2335
2300
2278
2254
2211
2172
2135
2114
2098
2084
2072
2059
2051
2021
1987
1976
1973
1949
1948
1949
1954
1935
1911
1888
1882
1872
1875
1883
1883
1878
1864
1849
1825
1807
1799
1799
1812
1804
1783
1763
1748
1731
1724
1719
1713
1692
1688
1675
1680
1680
1671
1656
1663
1657
1648
1681
1681
1684
1695
1700
1703
1693
1695
1705
1708
1717
1728
1724
1719
1715
1727
1731
1737
1745
1755
1753
1741
1731
1724
1725
1721
1704
1689
1696
1689
1692
1677
1668
1659
1650
1651
1656
1643
1639
1636
1644
1659
1648
1654
1651
1667
1648
1632
1617
1617
1618
1606
1590
1604
1600
1588
1564
1564
1557
1542
1523
1519
1518
1519
1496
1487
1470
1459
1449
1451
1436
1432
1418
1393
1383
1390
1387
1356
1361
1348
1354
1336
1342
1325
1300
1285
1285
1272
1268
1283
1265
1258
1249
1254
1253
1235
1227
1227
1212
1202
1199
1187
1188
1187
1181
1167
1151
1149
1149
1151
1158
1159
1149
1137
1130
1116
1118
1098
1092
1109
1104
1104
1106
1119
1107
1114
1122
1109
1084
1087
1083
1091
1085
1101
1132
1136
1139
1144
1152
1148
1171
1193
1203
1246
1257
1271
1264
1268
1281
1307
1321
1361
1398
1411
1427
1420
1404
1388
1227
1038
1136
1339
1425
1453
1455
1438
1434
1457
1483
1532
1535
1523
1500
1472
1466
1475
1511
1537
1568
1592
1598
1595
1593
1592
1599
1617
1636
1653
1680
1687
1708
1718
1731
1755
1774
1780
1799
1823
1835
1828
1846
1879
1872
1881
1905
1903
1926
1939
1959
1995
2016
2014
2032
2026
2030
2051
2076
2085
2108
2124
2123
2125
2132
2176
2214
2253
2280
2283
2287
2279
2278
2317
2343
2401
2438
2463
2471
2477
2473
2484
2497
2544
2573
2595
2622
2649
2655
2641
2632
2655
2677
2680
2680
2683
2692
2703
2721
2742
2749
2763
2753
2731
2750
2740
2758
2776
2812
2795
2791
2791
2778
2781
2792
2796
2808
2812
2818
2804
2804
2802
2808
2827
2834
2844
2834
2816
2785
2752
2752
2752
2758
2769
2771
2748
2701
2650
2631
2611
2612
2620
2627
2610
2579
2536
2485
2448
2456
2453
2472
2469
2466
2452
2409
2361
2348
2338
2335
2323
2319
2306
2260
2244
2218
2200
2162
2168
2153
2113
2092
2066
2045
2044
2024
2030
2006
1974
1956
1939
1902
1862
1840
1840
1834
1840
1816
1804
1773
1744
1730
1698
1671
1680
1669
1659
1646
1624
1580
1542
1535
1513
1514
1503
1501
1496
1495
1489
1481
1475
1457
1457
1433
1423
1400
1359
1321
1296
1281
1315
1351
1396
1415
1396
1374
1331
1299
1289
1326
1341
1384
1388
1377
1340
1310
1304
1324
1363
1394
1419
1435
1416
1383
1335
1305
1310
1319
1363
1404
1440
1430
1439
1418
1436
1453
1475
1485
1496
1490
1488
1476
1491
1501
1518
1543
1564
1584
1586
1592
1595
1582
1584
1587
1603
1619
1637
1651
1676
1663
1654
1651
1654
1652
1648
1667
1675
1667
1671
1666
1692
1688
1693
1723
1756
1775
1768
1756
1743
1730
1720
1709
1728
1749
1767
1773
1763
1763
1744
1740
1737
1751
1744
1743
1736
1728
1704
1699
1694
1699
1682
1706
1713
1699
1706
1703
1686
1668
1663
1660
1649
1658
1676
1668
1659
1660
1655
1647
1637
1623
1628
1641
1656
1666
1663
1668
1659
1661
1670
1680
1708
1746
1785
1788
1779
1789
1772
1760
1780
1801
1831
1870
1887
1896
1898
1897
1910
1936
1939
1960
1988
2006
2032
2028
2031
2028
2033
2052
2091
2095
2107
2134
2147
2152
2154
2162
2179
2195
2226
2284
2303
2311
2319
2323
2333
2339
2355
2390
2430
2460
2486
2489
2511
2522
2529
2547
2583
2608
2648
2678
2692
2702
2706
2726
2748
2774
2813
2833
2835
2859
2869
2892
2895
2922
2947
2987
3008
3032
3032
3026
3037
3059
3076
3104
3142
3152
3176
3175
3168
3178
3188
3212
3239
3240
3249
3263
3265
3268
3263
3275
3299
3307
3336
3341
3344
3350
3363
3380
3384
3420
3427
3448
3441
3445
3456
3453
3488
3471
3484
3483
3476
3462
3447
3441
3442
3441
3441
3445
3442
3438
3436
3432
3419
3407
3376
3303
3268
3231
3227
3228
3231
3251
3270
3283
3295
3304
3337
3380
3428
3482
3537
3598
3660
3720
3788
3844
3896
3926
3969
3989
3998
4011
3995
3979
3961
3948
3925
3915
3884
3894
3906
3894
3905
3901
3870
3848
3795
3779
3761
3673
3724
3755
3778
3790
3774
3747
3731
3711
3706
3703
3713
3735
3747
3749
3761
3765
3763
3772
3771
3764
3745
3718
3667
3615
3571
3534
3473
3429
3397
3371
3355
3324
3288
3278
3267
3236
3196
3166
3148
3131
3088
3019
2967
2921
2862
2798
2736
2696
2650
2607
2560
2524
2504
2472
2424
2380
2227
2191
2191
2174
2146
2089
2041
1966
1912
1780
1671
1635
1712
1769
1770
1663
1575
1512
1550
1504
1457
1498
1494
1468
1424
1368
1311
1281
1248
1240
1242
1246
1235
1235
1209
1184
1154
1142
1126
1103
1074
1067
1057
1043
1022
992
1001
1005
1016
1036
1055
1059
1035
1050
1050
999
996
1049
1061
1054
1031
1013
977
945
929
931
929
919
906
892
885
869
871
887
895
902
927
937
942
945
945
946
941
941
964
988
1004
1011
1021
1020
1034
1041
1044
1048
1049
1044
1046
1017
1004
986
972
963
963
963
982
999
1007
1019
1043
1058
1088
1084
1088
1094
1094
1069
1049
1015
990
973
964
965
960
960
970
978
984
995
980
971
942
926
926
910
890
877
883
887
884
887
891
899
905
933
967
1012
1043
1057
1057
1083
1091
1078
1055
1063
1073
1110
1164
1224
1235
1240
1199
1152
1136
1103
1131
1198
1261
1291
1281
1251
1176
1117
1108
1156
1231
1307
1335
1312
1283
1231
1236
1272
1335
1416
1470
1481
1459
1411
1366
1366
1424
1519
1628
1697
1713
1699
1655
1610
1587
1612
1682
1789
1888
1933
1910
1858
1816
1779
1809
1884
1954
2025
2046
2038
1988
1951
1951
1982
2041
2126
2199
2230
2228
2204
2177
2180
2230
2307
2363
2375
2351
2332
2291
2281
2304
2358
2437
2486
2500
2475
2419
2379
2368
2383
2454
2510
2542
2552
2511
2478
2480
2479
2517
2547
2585
2596
2576
2561
2521
2521
2534
2549
2566
2585
2582
2563
2563
2540
2565
2572
2591
2612
2611
2611
2617
2615
2611
2614
2608
2590
2576
2529
2488
2451
2416
2400
2373
2369
2360
2384
2397
2416
2417
2436
2439
2430
2441
2419
2414
2412
2400
2382
2355
2358
2350
2331
2328
2339
2334
2350
2350
2375
2394
2400
2403
2396
2378
2375
2349
2336
2339
2344
2355
2359
2359
2377
2385
2376
2366
2357
2369
2370
2367
2336
2328
2326
2310
2303
2299
2291
2287
2253
2240
2200
2162
2122
2104
2078
2064
2047
2016
1979
1950
1937
1922
1901
1899
1881
1858
1832
1819
1799
1797
1803
1813
1813
1824
1822
1828
1815
1810
1767
1745
1731
1728
1713
1684
1659
1654
1636
1627
1611
1615
1603
1594
1575
1558
1530
1522
1507
1500
1484
1468
1431
1425
1413
1392
1382
1380
1379
1372
1335
1338
1319
1314
1300
1280
1271
1260
1273
1261
1264
1267
1263
1260
1248
1244
1258
1268
1284
1280
1274
1287
1284
1281
1278
1282
1281
1279
1284
1288
1302
1303
1289
1310
1308
1302
1284
1271
1223
1206
1191
1176
1174
1159
1142
1128
1107
1094
1100
1093
1091
1099
1107
1088
1083
1082
1090
1090
1085
1100
1100
1079
1056
1064
1076
1088
1095
1114
1132
1148
1131
1124
1128
1131
1132
1151
1146
1154
1130
1114
1099
1108
1096
1103
1126
1159
1163
1184
1188
1189
1196
1191
1217
1232
1241
1248
1259
1255
1251
1251
1278
1304
1322
1340
1350
1365
1354
1350
1357
1365
1388
1411
1419
1437
1465
1459
1456
1459
1465
1468
1486
1506
1525
1522
1541
1549
1572
1591
1619
1644
1667
1695
1727
1749
1740
1742
1775
1786
1779
1807
1824
1848
1855
1874
1903
1923
1938
1948
1964
1989
1991
2006
2002
2019
2032
2036
2050
2044
2047
2047
2051
2070
2080
2113
2115
2127
2147
2137
2137
2130
2122
2124
2127
2160
2151
2165
2170
2163
2176
2181
2190
2180
2185
2190
2199
2208
2233
2242
2237
2230
2241
2231
2236
2243
2249
2247
2276
2275
2282
2291
2297
2289
2305
2299
2307
2310
2313
2305
2290
2309
2316
2332
2324
2318
2334
2343
2355
2347
2351
2348
2367
2374
2369
2386
2381
2368
2371
2377
2382
2410
2414
2406
2415
2418
2428
2425
2437
2456
2425
2417
2428
2441
2439
2451
2471
2483
2492
2508
2520
2536
2528
2543
2547
2559
2574
2568
2579
2592
2588
2595
2584
2595
2588
2591
2587
2584
2586
2586
2588
2586
2577
2569
2576
2563
2562
2548
2566
2574
2568
2584
2575
2579
2581
2570
2574
2569
2574
2602
2600
2604
2612
2605
2597
2602
2593
2604
2609
2597
2598
2592
2587
2586
2609
2592
2598
2611
2609
2607
2613
2612
2619
2615
2614
2605
2622
2624
2623
2619
2603
2611
2595
2590
2596
2585
2585
2578
2576
2583
2573
2568
2551
2555
2546
2545
2551
2552
2540
2529
2515
2517
2514
2520
2500
2503
2492
2486
2494
2490
2488
2471
2472
2465
2435
2426
2412
2412
2390
2395
2365
2358
2347
2323
2317
2326
2315
2307
2311
2288
2284
2279
2278
2279
2291
2274
2277
2286
2272
2275
2264
2256
2254
2259
2264
2252
2225
2231
2200
2194
2197
2171
2168
2168
2162
2150
2137
2115
2095
2084
2070
2064
2050
2036
2011
1990
1998
1985
1964
1947
1948
1943
1928
1921
1910
1907
1904
1878
1865
1855
1862
1846
1839
1835
1831
1823
1799
1778
1763
1753
1752
1744
1740
1736
1719
1703
1704
1691
1659
1660
1673
1680
1663
1659
1650
1644
1627
1614
1610
1587
1567
1567
1557
1533
1544
1532
1516
1495
1484
1478
1480
1496
1503
1509
1511
1503
1506
1500
1500
1506
1517
1531
1542
1550
1563
1552
1555
1560
1572
1592
1580
1598
1614
1604
1607
1603
1598
1624
1641
1650
1643
1665
1674
1670
1663
1670
1694
1696
1701
1718
1725
1740
1760
1771
1768
1776
1782
1789
1807
1800
1835
1847
1872
1894
1902
1890
1895
1892
1887
1901
1927
1944
1945
1974
1979
1975
1991
1979
2006
2019
2045
2039
2067
2071
2087
2112
2118
2132
2135
2137
2146
2172
2180
2197
2212
2207
2215
2224
2222
2241
2250
2276
2281
2281
2288
2295
2289
2242
2263
2301
2332
2359
2367
2369
2355
2359
2365
2379
2383
2396
2417
2416
2436
2442
2440
2444
2451
2455
2450
2458
2456
2472
2475
2467
2463
2470
2484
2496
2508
2531
2528
2533
2529
2527
2535
2532
2529
2534
2543
2555
2558
2558
2577
2557
2583
2584
2585
2598
2589
2584
2455
2477
2534
2565
2576
2577
2568
2571
2553
2552
2476
2402
2391
2467
2425
2442
2488
2505
2524
2522
2540
2532
2532
2531
2515
2515
2518
2506
2492
2496
2507
2500
2497
2493
2472
2452
2452
2439
2341
2384
2404
2410
2410
2405
2390
2366
2341
2349
2352
2334
2318
2308
2300
2287
2278
2264
2254
2244
2236
2233
2209
2201
2197
2172
2159
2142
2147
2135
2133
2121
2133
2127
2117
2092
2080
2073
2066
2053
2042
2034
2046
2045
2036
2039
2038
2020
2029
2028
2020
2012
2016
2009
2001
1999
2000
2007
2006
2007
2004
2003
2009
1996
2001
1995
1989
1985
1982
1970
1955
1946
1936
1944
1937
1945
1938
1932
1926
1923
1899
1915
1925
1913
1908
1909
1896
1892
1875
1883
1875
1880
1863
1856
1861
1864
1857
1854
1845
1852
1839
1840
1831
1824
1817
1804
1805
1785
1794
1811
1791
1784
1790
1803
1793
1785
1756
1763
1752
1754
1751
1754
1764
1761
1754
1745
1729
1729
1712
1704
1700
1703
1713
1701
1702
1682
1692
1680
1672
1665
1663
1670
1662
1659
1652
1644
1642
1632
1639
1643
1640
1642
1640
1644
1638
1647
1635
1646
1659
1663
1666
1667
1651
1654
1657
1653
1655
1643
1646
1646
1641
1626
1644
1644
1640
1653
1649
1640
1639
1653
1651
1667
1654
1662
1657
1660
1656
1665
1685
1688
1699
1696
1697
1704
1716
1723
1704
1696
1699
1712
1716
1717
1724
1736
1729
1731
1720
1721
1723
1739
1736
1753
1761
1783
1785
1783
1788
1803
1814
1828
1839
1835
1825
1828
1831
1840
1861
1865
1880
1886
1893
1884
1897
1904
1928
1930
1958
1944
1980
1996
1988
1988
1994
1994
1993
2019
2009
2036
2026
2048
2065
2072
2073
2077
2084
2088
2099
2104
