1991
1991
1981
1974
1981
2005
2008
2001
2010
2009
2008
2008
2000
2011
2025
2045
2027
2022
2032
2027
2032
2038
2041
2040
2049
2030
2043
2039
2047
2040
2041
2038
2056
2047
2055
2049
2053
2051
2055
2043
2055
2047
2041
2047
2047
2057
2059
2051
2040
2036
2038
2035
2034
2028
2040
2048
2051
2058
2046
2046
2049
2032
2031
2027
2038
2050
2063
2061
2047
2047
2056
2045
2037
2041
2050
2036
2026
2039
2039
2032
2036
2036
1984
1998
2031
2049
2041
2050
2043
2040
2041
2048
2053
2069
2068
2067
2061
2045
2059
2048
2051
2070
2087
2076
2081
2087
2082
2078
2070
2084
2095
2114
2097
2099
2102
2108
2119
2117
2116
2115
2112
2105
2095
2110
2114
2129
2125
2135
2134
2134
2140
2134
2110
2109
1997
2016
2074
2096
2113
2116
2126
2128
2127
2117
2056
1954
1886
1965
1959
1951
2047
2096
2116
2132
2148
2141
2152
2141
2113
2092
2105
2106
2114
2120
2136
2131
2123
2110
2092
2097
2091
2090
2090
2105
2102
2102
2110
2111
2116
2104
2094
2086
2086
2083
2081
2088
2086
2090
2093
2096
2103
2082
2080
1937
1992
2041
2083
2097
2100
2108
2107
2089
2094
2108
2091
2096
2079
2090
2088
2088
2094
2087
2067
2064
2080
2086
2086
2083
2071
2073
2067
2063
2074
2072
2096
2076
2072
2080
2089
2084
2068
2061
2057
2053
2053
2049
2063
2055
2034
2039
2043
2034
2012
2039
2037
2025
2012
2028
2034
2035
2032
2032
2023
2025
2019
2016
2019
2023
2022
2025
2030
1999
1952
1905
1871
1839
1816
1800
1810
1840
1883
1979
2088
2160
2238
2288
2304
2304
2354
2448
2571
2694
2780
2814
2811
2801
2809
2879
2983
3064
3118
3147
3147
3120
3107
3086
3073
3087
3110
3131
3120
3076
3021
3000
2993
3011
3024
3022
3004
2934
2855
2757
2685
2624
2582
2587
2608
2612
2623
2639
2648
2670
2680
2690
2718
2736
2731
2719
2700
2656
2615
2617
2644
2675
2700
2727
2758
2773
2761
2762
2729
2696
2671
2641
2607
2595
2585
2554
2528
2520
2480
2436
2388
2336
2286
2220
2127
2054
1986
1953
1926
1898
1823
1766
1711
1681
1639
1612
1604
1583
1557
1531
1508
1497
1491
1491
1513
1518
1537
1530
1551
1574
1605
1644
1675
1714
1747
1782
1817
1846
1864
1887
1880
1889
1888
1865
1858
1832
1829
1818
1803
1822
1836
1870
1893
1925
1952
1977
2000
2026
2052
2056
2065
2076
2085
2073
2074
2077
2065
2063
2065
2080
2081
2065
2062
2032
2015
1987
1959
1935
1953
1966
1979
1981
1984
2011
1991
1964
1925
1894
1847
1814
1779
1753
1720
1678
1654
1613
1613
1599
1590
1590
1599
1615
1615
1600
1606
1608
1615
1616
1639
1644
1672
1689
1687
1662
1637
1637
1620
1583
1551
1523
1506
1484
1468
1463
1444
1448
1441
1447
1442
1444
1444
1439
1434
1432
1412
1399
1397
1403
1383
1356
1335
1315
1300
1305
1298
1301
1286
1272
1231
1205
1187
1159
1145
1140
1142
1125
1119
1104
1101
1095
1100
1106
1134
1167
1191
1235
1279
1286
1321
1345
1377
1415
1422
1431
1432
1423
1402
1370
1336
1314
1280
1242
1231
1210
1199
1171
1161
1172
1176
1199
1227
1248
1240
1262
1271
1268
1300
1318
1329
1347
1366
1379
1398
1416
1414
1416
1429
1449
1463
1462
1472
1484
1500
1497
1472
1463
1467
1458
1451
1451
1441
1437
1425
1405
1381
1366
1370
1361
1370
1400
1419
1422
1431
1454
1467
1484
1525
1563
1587
1604
1622
1611
1620
1612
1612
1624
1610
1596
1581
1580
1559
1556
1551
1543
1534
1509
1516
1524
1526
1515
1518
1501
1500
1497
1500
1498
1511
1517
1510
1497
1508
1493
1519
1515
1508
1527
1531
1543
1546
1540
1558
1564
1551
1548
1580
1575
1596
1601
1616
1619
1632
1649
1659
1671
1681
1705
1725
1757
1771
1780
1796
1818
1820
1796
1793
1776
1771
1775
1757
1735
1726
1729
1717
1697
1701
1693
1675
1680
1693
1679
1692
1715
1731
1739
1738
1740
1758
1774
1792
1826
1862
1889
1907
1929
1931
1965
1982
1993
2016
2040
2061
2081
2124
2139
2171
2180
2186
2201
2203
2206
2216
2240
2233
2247
2256
2268
2262
2256
2252
2227
2227
2212
2195
2181
2163
2134
2120
2096
2092
2083
2078
2064
2058
2049
2036
2041
2050
2055
2078
2079
2080
2060
2073
2049
2071
2072
2062
2086
2094
2118
2132
2157
2184
2208
2240
2241
2247
2261
2284
2280
2296
2312
2339
2356
2358
2367
2377
2389
2394
2406
2429
2440
2439
2441
2438
2454
2453
2462
2475
2480
2494
2484
2498
2528
2543
2534
2542
2558
2567
2587
2601
2616
2632
2646
2667
2662
2679
2686
2709
2725
2749
2748
2780
2791
2797
2791
2801
2814
2811
2792
2778
2758
2746
2730
2704
2713
2680
2675
2665
2650
2645
2647
2641
2652
2640
2635
2642
2616
2632
2628
2633
2628
2625
2614
2599
2603
2587
2570
2568
2574
2574
2576
2574
2550
2536
2537
2513
2500
2497
2491
2474
2463
2452
2436
2423
2416
2416
2418
2417
2428
2436
2407
2407
2392
2382
2384
2378
2363
2335
2316
2310
2307
2287
2265
2268
2264
2250
2246
2247
2239
2217
2222
2207
2217
2230
2226
2199
2181
2150
2147
2143
2144
2140
2135
2143
2124
2103
2110
2096
2084
2096
2077
2079
2053
2024
1987
1983
1958
1950
1934
1950
1953
1946
1946
1937
1943
1956
1984
1985
1976
1976
1976
1991
1962
1948
1943
1948
1960
1965
1979
1972
1984
1996
1991
1996
1988
1979
1977
1996
1992
1990
1987
1995
2007
1991
1993
2010
2008
1999
2019
2012
2023
2020
2039
2064
2075
2084
2095
2085
2099
2115
2126
2131
2140
2134
2132
2137
2160
2173
2183
2198
2220
2232
2231
2225
2249
2271
2266
2286
2276
2267
2254
2258
2275
2280
2284
2296
2305
2298
2297
2308
2304
2318
2336
2356
2358
2363
2346
2337
2358
2348
2328
2335
2340
2340
2363
2385
2394
2407
2410
2412
2427
2440
2470
2492
2518
2517
2523
2537
2555
2579
2595
2627
2648
2666
2667
2666
2667
2672
2695
2691
2687
2694
2709
2728
2719
2728
2736
2749
2746
2768
2764
2754
2771
2778
2789
2787
2776
2783
2784
2809
2823
2845
2860
2875
2884
2892
2911
2919
2938
2952
2990
3008
3020
3017
3044
3053
3065
3094
3105
3131
3154
3158
3160
3174
3184
3204
3206
3212
3211
3214
3198
3208
3209
3219
3229
3222
3243
3262
3264
3250
3264
3264
3298
3301
3297
3318
3323
3317
3328
3319
3316
3255
3306
3340
3363
3337
3340
3392
3419
3440
3431
3435
3440
3447
3448
3437
3437
3439
3432
3435
3433
3436
3434
3428
3417
3390
3350
3337
3324
3330
3318
3308
3295
3303
3269
3235
3229
3215
3206
3192
3168
3146
3127
3115
3113
3113
3115
3118
3120
3118
3113
3118
3092
3100
3117
3120
3120
3121
3123
2985
3006
3055
3066
3066
3045
3032
3020
3001
2985
2886
2749
2669
2687
2768
2648
2654
2696
2688
2645
2624
2591
2581
2555
2536
2507
2467
2428
2354
2260
2156
2062
2029
2064
2111
2132
2126
2065
1990
1969
1985
2075
2193
2270
2310
2300
2258
2228
2207
2245
2293
2359
2399
2402
2372
2295
2205
2136
2110
2145
2153
2125
2053
1962
1868
1795
1754
1711
1667
1652
1656
1636
1610
1520
1403
1178
1185
1220
1263
1275
1250
1196
1124
1084
1066
1080
1125
1180
1230
1257
1248
1200
1122
1097
1079
1074
1070
1047
1015
963
910
864
849
873
887
883
864
807
764
700
642
620
609
600
544
464
407
317
267
215
204
193
180
162
144
141
133
132
129
128
125
126
123
119
117
115
115
115
114
114
113
112
111
111
111
108
110
107
105
105
107
105
106
106
106
105
104
103
102
103
102
101
100
99
97
96
96
95
94
94
95
95
94
94
94
95
96
97
96
98
97
97
98
97
98
98
99
98
99
99
98
99
99
98
98
97
98
97
99
99
99
100
101
100
101
100
101
101
101
102
102
102
102
103
105
107
107
108
110
111
114
114
118
122
124
125
131
133
137
140
145
146
153
156
152
154
153
158
166
172
193
198
214
243
248
271
313
357
411
467
538
587
642
663
689
704
717
747
799
835
856
892
929
957
966
984
1021
1058
1095
1145
1185
1201
1227
1250
1271
1294
1322
1372
1437
1497
1548
1598
1636
1695
1732
1784
1832
1892
1952
1999
2036
2061
2099
2132
2171
2180
2205
2231
2232
2228
2222
2200
2198
2209
2221
2247
2276
2291
2318
2365
2412
2441
2471
2524
2571
2627
2684
2734
2758
2803
2830
2864
2885
2917
2940
2965
2969
2969
2966
2982
2984
3000
3014
3035
3027
3026
3029
3011
3011
3018
2998
3019
3014
3005
3010
3008
3021
3059
3065
3096
3122
3147
3185
3208
3238
3257
3296
3314
3328
3342
3372
3367
3372
3360
3366
3355
3345
3345
3331
3331
3325
3324
3298
3292
3282
3276
3274
3264
3258
3267
3267
3263
3265
3250
3252
3248
3261
3283
3278
3302
3288
3297
3291
3296
3292
3298
3302
3303
3301
3313
3305
3306
3303
3296
3288
3290
3271
3279
3283
3286
3270
3251
3236
3199
3179
3166
3156
3154
3144
3126
3126
3108
3092
3082
3049
3026
3008
2969
2973
2953
2928
2907
2875
2856
2835
2807
2789
2772
2744
2738
2713
2686
2671
2643
2621
2591
2583
2564
2571
2550
2543
2529
2534
2515
2500
2496
2511
2520
2515
2486
2484
2484
2467
2433
2399
2380
2357
2331
2306
2256
2226
2207
2188
2155
2125
2089
2040
2004
1975
1934
1904
1863
1806
1764
1729
1676
1657
1626
1632
1620
1617
1614
1607
1596
1606
1594
1593
1582
1577
1552
1552
1548
1544
1539
1525
1511
1491
1504
1486
1483
1494
1482
1485
1461
1479
1468
1472
1472
1462
1460
1435
1415
1412
1400
1376
1368
1375
1363
1383
1377
1380
1378
1367
1351
1355
1351
1341
1330
1325
1343
1344
1369
1362
1361
1363
1369
1398
1400
1426
1433
1443
1456
1476
1478
1487
1507
1528
1545
1549
1558
1569
1575
1584
1589
1600
1614
1613
1627
1620
1607
1582
1582
1585
1570
1576
1587
1551
1545
1552
1564
1572
1566
1560
1575
1571
1587
1607
1624
1641
1652
1651
1660
1675
1688
1687
1693
1695
1711
1731
1751
1762
1765
1780
1795
1824
1837
1852
1859
1853
1843
1851
1876
1884
1900
1916
1935
1954
1977
1996
1999
2028
2044
2064
2092
2113
2113
2129
2132
2144
2175
2163
2164
2195
2221
2220
2255
2252
2274
2297
2316
2325
2344
2359
2370
2372
2391
2411
2428
2447
2469
2491
2498
2496
2520
2529
2555
2571
2593
2607
2642
2652
2658
2663
2680
2698
2710
2735
2756
2780
2790
2808
2826
2845
2849
2864
2874
2898
2916
2919
2955
2941
2956
2955
2944
2948
2947
2950
2953
2949
2936
2935
2931
2938
2950
2945
2947
2950
2945
2938
2919
2926
2942
2950
2954
2948
2958
2952
2943
2945
2947
2968
2965
2961
2973
2981
2977
2982
2972
2969
2980
2995
2996
2979
2978
2991
2979
2988
2974
2989
2993
2989
2981
2954
2947
2922
2919
2914
2918
2914
2898
2872
2859
2837
2831
2825
2821
2823
2805
2812
2804
2785
2774
2762
2762
2742
2742
2741
2738
2743
2731
2716
2733
2726
2729
2736
2732
2718
2720
2725
2725
2711
2706
2708
2711
2712
2714
2702
2696
2680
2672
2668
2676
2649
2630
2626
2623
2586
2583
2552
2540
2526
2518
2492
2476
2460
2431
2406
2393
2390
2393
2363
2347
2326
2315
2292
2298
2286
2259
2244
2228
2218
2219
2215
2201
2181
2177
2166
2166
2151
2147
2138
2120
2111
2104
2108
2093
2091
2076
2062
2057
2036
2013
1996
2006
1982
1960
1919
1890
1883
1854
1842
1832
1815
1787
1755
1729
1734
1712
1705
1680
1663
1642
1638
1632
1619
1611
1611
1608
1613
1606
1582
1580
1570
1564
1569
1556
1548
1538
1523
1509
1493
1477
1475
1476
1473
1474
1463
1446
1415
1389
1379
1384
1363
1368
1346
1337
1324
1322
1311
1304
1296
1279
1283
1282
1272
1281
1261
1261
1256
1254
1261
1262
1255
1252
1247
1260
1274
1260
1272
1277
1286
1281
1294
1294
1294
1301
1292
1301
1306
1302
1297
1304
1305
1288
1302
1298
1283
1268
1267
1268
1274
1267
1244
1220
1203
1200
1190
1183
1184
1163
1168
1161
1170
1154
1158
1167
1181
1179
1175
1176
1176
1185
1204
1208
1211
1212
1219
1206
1210
1218
1217
1219
1230
1239
1236
1263
1258
1273
1270
1279
1290
1296
1307
1321
1309
1238
1265
1294
1292
1297
1304
1321
1315
1314
1324
1348
1357
1371
1369
1362
1388
1392
1390
1415
1428
1440
1454
1470
1504
1511
1518
1527
1544
1548
1569
1596
1603
1619
1631
1651
1684
1689
1700
1693
1723
1744
1762
1768
1766
1780
1797
1810
1816
1837
1859
1883
1905
1779
1827
1887
1926
1940
1958
1975
1980
1990
1937
1836
1809
1904
2037
2007
1996
2083
2142
2190
2199
2219
2231
2257
2267
2292
2300
2331
2347
2352
2375
2400
2417
2436
2453
2455
2465
2493
2506
2503
2517
2526
2552
2554
2568
2567
2571
2583
2595
2622
2644
2639
2645
2559
2560
2604
2655
2670
2683
2678
2695
2688
2683
2699
2720
2722
2719
2721
2736
2744
2735
2738
2750
2781
2778
2778
2782
2777
2776
2782
2767
2774
2780
2790
2800
2788
2795
2791
2806
2812
2790
2785
2781
2786
2777
2760
2747
2759
2790
2787
2780
2772
2779
2784
2768
2767
2758
2774
2759
2747
2739
2739
2735
2716
2707
2693
2682
2676
2667
2637
2627
2621
2613
2599
2586
2570
2544
2530
2517
2511
2486
2480
2462
2449
2438
2420
2421
2395
2378
2360
2342
2323
2304
2292
2289
2258
2252
2233
2219
2204
2183
2164
2148
2119
2093
2088
2088
2074
2037
2038
2004
1981
1971
1939
1903
1889
1879
1860
1833
1801
1798
1767
1747
1742
1743
1712
1690
1670
1645
1630
1614
1600
1600
1592
1575
1574
1547
1543
1523
1511
1500
1496
1487
1495
1479
1463
1450
1456
1450
1437
1427
1413
1409
1398
1411
1392
1390
1374
1352
1354
1361
1356
1356
1355
1351
1348
1338
1335
1324
1323
1311
1288
1283
1294
1296
1304
1306
1290
1283
1283
1271
1282
1273
1277
1288
1283
1272
1274
1264
1256
1270
1270
1278
1299
1289
1299
1293
1295
1307
1287
1298
1286
1294
1295
1316
1317
1323
1328
1332
1345
1355
1368
1366
1370
1372
1360
1365
1376
1383
1376
1383
1386
1411
1411
1438
1436
1431
1468
1476
1488
1484
1499
1490
1491
1510
1526
1545
1564
1576
1580
1577
1583
1587
1604
1600
1615
1636
1645
1651
1651
1658
1672
1688
1694
1702
1720
1728
1720
1733
1737
1756
1779
1786
1813
1831
1829
1847
1842
1858
1881
1885
1893
1883
1905
1894
1910
1930
1952
1972
1985
2006
2007
2011
2024
2048
2055
2062
2060
2069
2087
2095
2092
2107
2107
2128
2156
2177
2167
2171
2178
2190
2192
2190
2221
2222
2218
2243
2236
2236
2249
2245
2240
2240
2254
2258
2267
2268
2254
2267
2265
2279
2285
2299
2304
2314
2315
2313
2310
2319
2329
2344
2340
2347
2361
2371
2383
2392
2393
2394
2393
2400
2412
2428
2433
2424
2432
2433
2454
2455
2459
2470
2471
2475
2481
2483
2500
2512
2524
2529
2532
2529
2540
2529
2537
2544
2552
2571
2584
2582
2585
2575
2557
2540
2545
2564
2559
2567
2580
2584
2583
2579
2581
2575
2559
2568
2578
2588
2577
2588
2577
2574
2573
2585
2587
2588
2601
2600
2606
2599
2590
2588
2585
2582
2585
2578
2577
2570
2561
2544
2547
2549
2523
2523
2524
2535
2519
2510
2511
2499
2484
2490
2477
2456
2440
2437
2426
2430
2407
2402
2401
2380
2371
2367
2367
2356
2352
2355
2341
2316
2299
2288
2272
2275
2280
2271
2267
2255
2235
2232
2239
2239
2225
2222
2215
2195
2179
2184
2164
2151
2150
2137
2126
2129
2116
2087
2071
2070
2061
2048
2051
2028
2015
2002
2007
2015
2008
1995
1971
1947
1926
1920
1908
1894
1885
1882
1869
1877
1867
1863
1842
1839
1848
1831
1820
1827
1831
1823
1823
1792
1774
1775
1770
1772
1774
1771
1769
1761
1773
1752
1745
1743
1738
1747
1731
1729
1706
1700
1697
1691
1696
1696
1691
1694
1684
1673
1646
1643
1641
1646
1649
1651
1639
1638
1637
1630
1632
1643
1630
1628
1611
1623
1622
1618
1630
1633
1643
1644
1633
1639
1643
1642
1645
1643
1657
1655
1659
1650
1650
1633
1644
1649
1654
1656
1675
1673
1673
1671
1681
1676
1670
1673
1667
1671
1671
1680
1668
1680
1686
1669
1669
1662
1668
1657
1665
1670
1663
1656
1654
1673
1684
1690
1699
1707
1694
1704
1685
1686
1684
1697
1737
1744
1743
1731
1720
1728
1743
1751
1755
1756
1779
1775
1776
1781
1791
1800
1808
1814
1800
1803
1802
1806
1808
1822
1831
1843
1828
1806
1818
1831
1841
1836
1832
1837
1843
1851
1859
1859
1873
1873
1873
1871
1856
1863
1875
1875
1881
1902
1916
1923
1922
1918
1918
1922
1919
1939
1939
1927
1921
1931
1939
1948
1935
1946
1949
1954
1954
1948
1942
1951
1958
1955
1965
1977
1964
1949
1941
1958
1959
1977
1967
1968
1970
1967
1968
1968
1975
1976
1982
1983
1992
1989
1989
1983
1976
1991
2001
1990
1999
2008
1996
1997
1998
1996
2009
2022
2011
2027
2025
2030
2030
2027
2036
2027
2034
2036
2026
2033
2028
2029
2037
2057
2057
2070
2081
2079
2051
2060
2060
2076
2074
2083
2103
2107
2106
2094
2092
2110
2111
2117
2139
2158
2160
2183
2188
2167
2162
2165
2175
2188
2197
2201
2198
2222
2215
2214
2217
2239
2244
2240
2246
2243
2231
2240
2251
2255
2265
2262
2261
2262
2271
2267
2266
2283
2293
2293
2292
2280
2264
2271
2295
2304
2315
2317
2326
2314
2321
2314
2316
2309
2317
2338
2353
2330
2335
2329
2328
2325
2332
2347
2352
2354
2344
2334
2334
2332
2341
2334
2331
2329
2317
2333
2343
2332
2352
2336
2335
2323
2328
2323
2321
2321
2328
2317
2300
2303
2312
2307
2313
2331
2332
2326
2325
2325
2321
2327
2332
2329
2341
2351
2348
2337
2342
2353
2344
2339
2353
2374
2399
2390
2382
2382
2364
2366
2369
2367
2355
2354
2361
2373
2367
2368
2358
2360
2345
2343
2336
2325
2315
2323
2320
2313
2306
2294
2297
2295
2292
2287
2276
2278
2277
2270
2261
2254
2245
2235
2226
2225
2214
2207
2215
2207
2202
2193
2189
2176
2178
2185
2171
2178
2171
2177
2149
2154
2144
2133
2067
2073
2019
2063
1987
2029
2058
2059
2059
2053
2045
2054
2056
2044
2050
2034
2040
2029
2020
2014
2021
2016
2007
1999
1984
1985
1975
1982
1981
1969
1955
1962
1972
1971
1984
1982
1982
1969
1956
1968
1971
1960
1960
1961
1954
1941
1935
1935
1927
1936
1940
1932
1920
1922
1919
1919
1914
1907
1910
1901
1905
1899
1885
1879
1889
1758
1814
1863
1873
1873
1867
1857
1858
1877
1867
1852
1723
1612
1595
1716
1734
1659
1598
1650
1612
1679
1774
1696
1714
1800
1860
1881
1890
1908
1903
1913
1907
1881
1870
1883
1874
1876
1892
1897
1902
1892
1880
1872
1876
1859
1864
1877
1878
1881
1876
1871
1874
1864
1871
1868
1859
1857
1868
1887
1872
1872
1863
1886
1878
1873
1865
1863
1763
1824
1863
1878
1890
1902
1884
1873
1879
1875
1879
1875
1883
1876
1891
1909
1902
1905
1903
1897
1908
1905
1915
1913
1931
1922
1912
1902
1891
1884
1888
1900
1895
1902
1905
1898
1911
1910
1916
1926
1917
1910
1908
1929
1944
1948
1934
1931
1936
1939
1929
1945
1952
1953
1949
1960
1961
1951
1945
1945
1949
1964
1983
1989
1991
1979
1967
1984
1988
1993
2001
2003
2012
2013
2009
1998
2016
2023
2020
2030
2043
2049
2044
2029
2016
2035
2033
2042
2051
2066
2062
2061
2062
2073
2073
2061
2050
2056
2051
2056
2065
2077
2067
2067
2056
2050
2043
2049
2057
2055
2057
2046
2042
2044
2044
2053
2036
2028
2029
2028
2023
2015
2032
2019
2029
2014
2014
2019
2000
2000
2011
2027
2010
2008
2019
2015
2001
2008
2006
2003
2000
2012
1999
2003
1988
1991
1987
2001
2003
2005
2003
1981
1976
1984
1981
1982
1969
1958
1969
1967
1960
1950
1948
1943
1947
1935
1948
1949
1952
1951
1966
1958
1947
1955
1960
1956
1955
1965
1966
1960
1980
1972
1978
1980
1975
1985
1984
1966
1968
1976
1984
1983
1986
1987
1985
1988
1977
1976
1992
1988
1988
1986
1997
1994
1995
1991
2001
1996
2001
1980
1995
2003
1979
1996
2009
2005
2001
1990
1982
1976
1974
1984
1986
1980
1970
1983
1979
1983
1976
1975
1971
1970
1974
1986
1976
