1988
1990
1987
1988
1991
1987
1985
1979
1959
1958
1972
1971
1971
1973
1983
1976
1980
1977
1984
1990
1991
1985
1987
1982
1979
1984
1976
1982
1987
1972
1970
1969
1959
1955
1951
1970
1974
1980
1977
1961
1966
1956
1956
1966
1977
1966
1964
1947
1942
1953
1946
1946
1937
1945
1941
1940
1939
1926
1913
1912
1920
1943
1952
1946
1952
1935
1928
1915
1906
1899
1913
1920
1908
1909
1907
1890
1883
1884
1884
1881
1888
1907
1902
1906
1903
1887
1877
1874
1888
1897
1885
1883
1897
1908
1912
1921
1910
1918
1911
1922
1932
1935
1924
1919
1920
1923
1927
1920
1918
1919
1916
1930
1949
1960
1951
1960
1966
1965
1964
1957
1966
1976
1982
1971
1979
2004
1999
1986
1981
1984
1979
1994
1992
1997
1992
1997
1971
1972
1970
1982
1982
1983
2000
2014
1985
1981
1960
1975
1984
1981
1984
1984
1978
1972
1968
1954
1959
1964
1964
1961
1953
1954
1947
1942
1944
1939
1945
1941
1949
1958
1967
1957
1939
1935
1919
1922
1934
1942
1974
1981
1956
1962
1957
1952
1948
1958
1964
1961
1960
1964
1950
1956
1967
1977
1969
1971
1991
1993
1987
1990
1912
1958
1992
2015
2023
2030
2030
2037
2038
2027
2024
2032
2036
2031
2039
2051
2048
2044
2033
2048
2065
2058
2062
2076
2070
2059
2069
2081
2075
2081
2077
2083
2080
2095
2078
2068
2053
2064
2051
2073
2096
2084
2076
2078
2068
2072
2062
2064
2068
2070
2064
2080
2076
2082
2076
2069
2065
2052
2065
1938
1971
2030
2063
2059
2069
2058
2055
2056
2040
1884
1790
1754
1738
1932
1947
1842
1887
1992
1998
1905
1944
2041
2111
2123
2133
2150
2152
2141
2144
2142
2143
2129
2127
2135
2126
2114
2131
2127
2127
2127
2127
2117
2118
2114
2100
2111
2107
2115
2136
2129
2128
2116
2115
2124
2126
2131
2132
2134
2119
2125
2118
2108
2115
2110
2105
2123
2115
1984
2007
2054
2078
2076
2070
2075
2072
2080
2083
2066
2072
2053
2069
2073
2086
2090
2088
2090
2068
2062
2073
2055
2044
2040
2040
2042
2028
2038
2028
2022
2024
2029
2023
2043
2041
2040
2028
2026
2021
1991
1996
2022
2017
2033
2022
2003
1987
1992
1987
1981
1980
1992
1999
1993
1994
2004
1991
1977
1977
1978
1988
1996
2004
1979
1984
1969
1975
1969
1980
1980
1980
1977
1965
1974
1983
1981
1988
1979
1981
1987
1985
1981
1959
1968
1983
2003
2009
2003
2006
2008
2002
1984
1976
2020
2071
2097
2070
2024
1962
1899
1840
1815
1781
1771
1779
1771
1771
1758
1753
1764
1793
1828
1875
1918
1960
1984
2011
2065
2105
2158
2188
2214
2250
2257
2275
2287
2316
2324
2348
2367
2377
2401
2423
2456
2480
2497
2547
2583
2616
2637
2669
2692
2711
2742
2753
2797
2824
2855
2876
2899
2912
2904
2892
2878
2877
2878
2887
2900
2932
2934
2952
2951
2943
2931
2902
2895
2862
2855
2822
2792
2766
2743
2747
2760
2762
2748
2714
2638
2580
2521
2489
2466
2453
2422
2377
2312
2262
2235
2205
2181
2160
2112
2037
1975
1932
1902
1868
1854
1823
1804
1764
1725
1681
1639
1613
1624
1625
1642
1658
1652
1639
1631
1613
1614
1636
1628
1624
1654
1666
1681
1713
1724
1739
1751
1759
1786
1792
1804
1842
1870
1893
1931
1943
1958
1978
1980
1982
1966
1993
1999
2020
2047
2080
2094
2118
2125
2129
2131
2137
2137
2158
2181
2205
2220
2240
2252
2241
2235
2224
2222
2224
2225
2219
2219
2211
2195
2185
2168
2159
2160
2139
2119
2074
2038
2007
1995
1976
1974
1970
1960
1930
1911
1905
1881
1851
1832
1803
1783
1760
1746
1738
1723
1700
1678
1635
1605
1580
1546
1522
1519
1516
1496
1461
1416
1384
1361
1322
1318
1313
1301
1287
1266
1256
1247
1228
1218
1208
1216
1208
1224
1239
1240
1234
1222
1221
1219
1225
1220
1233
1224
1195
1179
1172
1180
1178
1204
1233
1263
1291
1299
1306
1298
1311
1326
1348
1378
1414
1428
1479
1496
1504
1514
1529
1559
1568
1591
1599
1597
1611
1601
1612
1630
1644
1655
1666
1679
1709
1717
1688
1677
1705
1725
1737
1748
1776
1781
1786
1765
1747
1772
1771
1773
1781
1785
1788
1795
1801
1804
1804
1827
1854
1852
1857
1856
1856
1871
1883
1880
1884
1884
1876
1873
1871
1872
1878
1868
1864
1874
1864
1849
1848
1855
1854
1840
1817
1815
1806
1808
1786
1782
1772
1761
1760
1750
1728
1711
1713
1713
1704
1704
1701
1700
1679
1689
1698
1698
1713
1709
1728
1728
1745
1770
1772
1793
1785
1787
1788
1794
1810
1812
1824
1848
1859
1876
1858
1840
1842
1862
1865
1880
1876
1868
1881
1886
1884
1865
1880
1888
1884
1885
1870
1860
1833
1830
1834
1832
1836
1853
1865
1859
1849
1854
1843
1850
1854
1878
1873
1876
1888
1893
1892
1900
1900
1886
1870
1868
1874
1878
1897
1921
1923
1923
1907
1896
1900
1900
1903
1918
1911
1922
1905
1887
1875
1864
1877
1883
1889
1888
1882
1869
1861
1865
1876
1876
1887
1884
1899
1871
1865
1849
1825
1832
1839
1865
1882
1900
1900
1917
1905
1910
1937
1947
1957
1968
1980
2009
2013
2015
2012
2028
2035
2043
2066
2077
2094
2096
2083
2095
2106
2116
2120
2129
2132
2148
2145
2137
2131
2136
2148
2143
2147
2145
2134
2123
2115
2107
2088
2093
2112
2125
2126
2131
2120
2110
2112
2109
2111
2112
2101
2099
2080
2072
2068
2066
2044
2033
2022
2023
2023
2032
2028
2041
2045
2065
2062
2079
2092
2102
2115
2105
2135
2147
2152
2175
2200
2221
2246
2260
2262
2286
2302
2320
2331
2363
2379
2385
2396
2405
2419
2441
2442
2456
2480
2503
2527
2535
2540
2549
2576
2590
2614
2624
2627
2636
2650
2667
2668
2679
2695
2723
2736
2749
2758
2765
2792
2791
2798
2803
2805
2814
2810
2819
2819
2826
2833
2823
2823
2818
2808
2815
2831
2815
2803
2791
2794
2800
2794
2782
2780
2787
2775
2752
2734
2731
2744
2728
2708
2700
2680
2646
2638
2621
2604
2591
2584
2555
2536
2524
2428
2453
2459
2454
2452
2432
2403
2373
2355
2332
2313
2289
2291
2263
2230
2213
2201
2171
2154
2151
2118
2115
2098
2080
2067
2049
2059
2042
2029
2019
1997
2006
1992
1970
1958
1940
1928
1928
1915
1900
1889
1885
1886
1892
1878
1877
1879
1877
1887
1887
1885
1899
1898
1780
1816
1875
1926
1938
1932
1935
1934
1940
1931
1760
1675
1639
1703
1800
1719
1809
1935
2009
2035
2039
2044
2038
2030
2037
2055
2068
2076
2083
2073
2075
2075
2082
2095
2105
2105
2114
2127
2120
2108
2119
2118
2123
2122
2063
2043
2092
2132
2138
2148
2136
2132
2134
2121
2140
2144
2147
2142
2137
2123
2114
2099
2099
2089
2085
2052
2052
2062
2043
2027
2008
1995
1976
1966
1959
1950
1936
1934
1930
1923
1913
1906
1882
1879
1855
1854
1840
1843
1851
1846
1831
1848
1842
1837
1832
1854
1853
1857
1841
1841
1848
1852
1847
1848
1850
1855
1849
1852
1847
1830
1833
1847
1857
1869
1870
1879
1879
1881
1885
1875
1871
1894
1911
1919
1913
1925
1933
1950
1953
1964
1963
1974
1987
2002
2024
2026
2032
2032
2072
2072
2077
2097
2107
2116
2119
2138
2146
2165
2175
2185
2181
2192
2198
2211
2214
2216
2223
2240
2245
2240
2255
2259
2271
2270
2283
2282
2292
2289
2283
2279
2300
2319
2319
2323
2339
2338
2337
2341
2330
2336
2339
2347
2355
2341
2361
2384
2386
2390
2386
2400
2404
2419
2444
2443
2462
2459
2455
2463
2479
2504
2512
2520
2535
2546
2556
2546
2568
2568
2587
2610
2611
2621
2627
2618
2621
2626
2627
2635
2648
2649
2659
2667
2673
2668
2662
2675
2681
2693
2680
2683
2694
2692
2702
2688
2685
2674
2661
2661
2656
2653
2643
2638
2633
2646
2642
2630
2617
2617
2591
2589
2567
2560
2568
2557
2548
2524
2528
2512
2498
2492
2479
2470
2470
2470
2466
2451
2420
2408
2408
2390
2395
2378
2375
2368
2371
2373
2355
2344
2320
2310
2309
2300
2290
2285
2276
2290
2291
2281
2260
2241
2234
2223
2231
2233
2227
2204
2196
2191
2188
2179
2180
2180
2182
2187
2181
2169
2170
2161
2171
2167
2156
2158
2148
2130
2114
2104
2108
2115
2124
2115
2119
2114
2106
2089
2090
2087
2079
2093
2085
2065
2065
2059
2056
2060
2044
2046
2040
2027
2024
2025
2011
2012
1986
1985
1976
1968
1956
1953
1952
1957
1935
1924
1906
1907
1903
1906
1884
1880
1865
1860
1834
1810
1795
1783
1800
1862
1912
1959
1983
1952
1908
1803
1712
1608
1530
1454
1405
1383
1387
1386
1345
1304
1291
1305
1371
1452
1552
1673
1760
1808
1831
1855
1861
1871
1896
1926
1924
1888
1834
1777
1717
1715
1743
1807
1880
1918
1946
1948
1963
1992
2027
2096
2161
2248
2311
2337
2327
2306
2307
2312
2307
2340
2350
2360
2355
2296
2227
2156
2127
2120
2164
2224
2280
2309
2307
2289
2244
2189
2133
2097
2080
2049
2032
2015
1979
1938
1918
1899
1877
1850
1816
1776
1731
1689
1646
1625
1605
1579
1531
1485
1462
1461
1443
1410
1379
1363
1345
1329
1317
1286
1264
1235
1197
1159
1105
1057
1002
940
883
843
774
705
648
600
561
510
466
433
388
370
364
359
342
324
320
310
295
279
260
240
250
247
244
247
238
215
207
199
183
161
162
155
149
150
148
145
141
141
142
147
146
147
151
156
158
153
157
156
166
163
167
175
168
171
184
182
173
167
165
162
165
170
177
179
184
193
202
215
229
251
302
357
416
487
521
560
571
591
601
605
628
669
715
736
763
796
804
807
818
834
842
854
867
900
933
974
1006
1038
1048
1063
1083
1096
1128
1176
1206
1256
1272
1292
1312
1352
1403
1443
1486
1537
1592
1632
1662
1688
1695
1708
1731
1762
1775
1814
1836
1867
1900
1918
1944
1976
2025
2093
2140
2184
2221
2265
2286
2324
2371
2416
2459
2520
2563
2595
2634
2631
2650
2673
2688
2739
2758
2768
2796
2800
2816
2832
2845
2859
2892
2903
2929
2937
2938
2955
2955
2975
2992
3030
3046
3047
3047
3052
3055
3051
3059
3072
3085
3099
3134
3166
3185
3198
3224
3235
3272
3296
3308
3315
3309
3292
3292
3278
3268
3275
3279
3278
3272
3271
3260
3278
3281
3270
3265
3262
3264
3260
3252
3213
3203
3186
3174
3167
3140
3119
3136
3118
3129
3115
3096
3094
3098
3102
3091
3099
3086
3102
3100
3102
3093
3079
3069
3064
3046
3050
3032
3017
3011
3015
3019
2997
2995
3002
2993
3008
3000
2996
2972
2959
2949
2948
2940
2909
2905
2915
2899
2884
2860
2849
2835
2823
2802
2788
2780
2776
2779
2767
2759
2749
2728
2716
2708
2700
2698
2688
2678
2666
2635
2628
2623
2610
2599
2598
2599
2593
2586
2568
2541
2539
2517
2514
2513
2498
2490
2481
2443
2440
2420
2393
2386
2378
2360
2356
2324
2300
2272
2248
2208
2192
2159
2155
2144
2123
2102
2084
2065
2042
2011
1984
1971
1934
1911
1884
1878
1853
1823
1804
1779
1776
1764
1744
1742
1748
1747
1748
1745
1732
1738
1740
1752
1755
1767
1751
1744
1736
1720
1708
1689
1698
1688
1680
1674
1651
1628
1606
1592
1589
1564
1546
1544
1534
1530
1516
1495
1477
1472
1464
1449
1457
1454
1456
1449
1448
1436
1425
1421
1429
1426
1397
1399
1403
1370
1369
1360
1343
1318
1325
1318
1319
1314
1319
1321
1324
1324
1337
1349
1363
1396
1432
1448
1459
1469
1472
1493
1508
1539
1555
1568
1594
1615
1624
1632
1629
1653
1657
1659
1672
1695
1685
1684
1701
1700
1697
1703
1718
1721
1736
1752
1782
1791
1803
1806
1809
1831
1843
1848
1863
1868
1883
1892
1899
1896
1923
1933
1944
1956
1982
1999
2012
2037
2056
2079
2075
2092
2107
2123
2130
2166
2187
2215
2236
2261
2272
2289
2315
2337
2285
2320
2385
2419
2427
2441
2456
2471
2489
2492
2488
2493
2532
2540
2527
2524
2520
2538
2544
2557
2555
2577
2591
2577
2595
2606
2610
2595
2599
2592
2579
2573
2577
2566
2546
2556
2560
2552
2546
2540
2538
2544
2550
2552
2556
2571
2556
2556
2545
2548
2550
2535
2535
2545
2547
2536
2551
2552
2552
2561
2556
2558
2556
2526
2540
2547
2533
2548
2462
2499
2539
2556
2561
2577
2593
2599
2602
2388
2344
2300
2360
2503
2430
2389
2521
2590
2624
2622
2624
2621
2625
2618
2611
2616
2599
2591
2588
2583
2581
2591
2594
2599
2599
2606
2604
2622
2627
2632
2646
2633
2628
2647
2661
2675
2680
2687
2705
2712
2707
2608
2658
2693
2704
2722
2742
2738
2739
2731
2731
2732
2740
2736
2722
2727
2731
2714
2700
2698
2686
2678
2672
2663
2643
2625
2618
2607
2590
2563
2542
2526
2520
2507
2476
2478
2471
2451
2436
2413
2391
2379
2363
2359
2361
2355
2351
2339
2331
2324
2316
2294
2298
2308
2318
2325
2331
2320
2310
2299
2297
2294
2286
2288
2283
2278
2253
2234
2210
2196
2180
2178
2174
2171
2174
2152
2127
2096
2086
2076
2063
2051
2049
2040
2038
2041
2029
2035
2015
2007
1995
1984
1984
1984
1972
1953
1949
1930
1916
1908
1891
1879
1871
1866
1841
1843
1843
1827
1816
1798
1775
1775
1777
1768
1762
1751
1739
1713
1686
1696
1680
1676
1643
1646
1624
1619
1591
1568
1554
1543
1519
1496
1468
1471
1472
1464
1454
1445
1427
1395
1387
1376
1359
1355
1339
1320
1303
1289
1263
1264
1264
1269
1287
1292
1277
1264
1268
1250
1259
1271
1276
1273
1265
1254
1254
1239
1255
1252
1246
1243
1228
1216
1222
1242
1232
1238
1237
1241
1224
1212
1194
1219
1212
1231
1234
1223
1214
1212
1204
1204
1217
1209
1216
1204
1214
1208
1212
1210
1209
1217
1224
1236
1238
1241
1247
1260
1276
1273
1286
1292
1311
1330
1329
1352
1351
1355
1355
1378
1391
1401
1408
1422
1432
1440
1448
1452
1449
1465
1468
1474
1478
1486
1506
1500
1498
1512
1533
1529
1526
1533
1537
1543
1537
1545
1563
1573
1599
1607
1593
1603
1599
1601
1613
1611
1631
1628
1614
1628
1643
1648
1646
1648
1654
1662
1662
1658
1670
1669
1665
1658
1678
1699
1702
1705
1719
1716
1714
1702
1708
1719
1742
1769
1775
1801
1802
1800
1810
1824
1836
1840
1860
1860
1863
1873
1876
1884
1884
1890
1893
1906
1924
1918
1930
1932
1929
1958
1952
1987
1987
1996
1987
2003
2031
2030
2064
2092
2104
2127
2118
2120
2135
2157
2164
2161
2175
2195
2222
2226
2233
2260
2256
2266
2278
2297
2316
2333
2342
2357
2362
2371
2390
2393
2391
2395
2404
2414
2423
2439
2443
2455
2468
2480
2481
2498
2514
2517
2527
2528
2543
2558
2561
2567
2580
2571
2584
2587
2588
2601
2595
2600
2595
2602
2611
2624
2617
2607
2603
2618
2624
2623
2632
2637
2657
2681
2676
2685
2695
2703
2702
2723
2728
2744
2734
2742
2765
2782
2791
2780
2780
2788
2781
2767
2765
2764
2775
2776
2780
2769
2759
2745
2752
2739
2736
2734
2739
2735
2720
2729
2718
2726
2712
2703
2682
2659
2654
2646
2636
2619
2612
2611
2604
2597
2567
2534
2518
2489
2479
2463
2430
2427
2404
2388
2379
2361
2354
2332
2328
2302
2283
2267
2246
2240
2240
2202
2178
2156
2142
2120
2097
2082
2060
2036
2009
2001
1990
1971
1948
1940
1908
1894
1872
1856
1859
1838
1820
1790
1772
1745
1725
1702
1673
1664
1655
1638
1614
1589
1576
1568
1542
1530
1515
1500
1488
1467
1459
1447
1429
1411
1411
1394
1377
1374
1354
1348
1340
1310
1312
1308
1303
1279
1279
1255
1245
1224
1224
1211
1210
1200
1194
1199
1187
1165
1159
1160
1160
1148
1136
1158
1137
1144
1118
1105
1116
1113
1125
1110
1109
1095
1103
1111
1123
1121
1130
1119
1122
1116
1129
1151
1156
1156
1176
1179
1200
1203
1194
1206
1217
1212
1210
1223
1242
1233
1239
1254
1259
1263
1281
1294
1296
1308
1303
1315
1322
1324
1309
1324
1316
1338
1358
1368
1376
1402
1404
1431
1432
1452
1472
1495
1512
1512
1522
1539
1550
1567
1577
1600
1625
1643
1677
1678
1686
1705
1732
1746
1764
1781
1804
1832
1865
1888
1911
1917
1937
1951
1977
1980
2010
2042
2055
2096
2107
2097
2134
2152
2161
2167
2190
2224
2227
2238
2232
2253
2251
2281
2289
2302
2320
2333
2343
2376
2374
2391
2406
2416
2421
2440
2445
2451
2475
2488
2483
2483
2493
2492
2489
2494
2506
2528
2534
2543
2533
2526
2526
2524
2542
2557
2567
2580
2582
2571
2571
2561
2571
2573
2579
2578
2593
2582
2568
2563
2557
2569
2564
2567
2567
2556
2537
2542
2544
2544
2553
2548
2567
2561
2554
2552
2557
2550
2546
2550
2557
2553
2558
2556
2567
2568
2584
2561
2572
2574
2568
2583
2584
2586
2573
2578
2587
2580
2584
2591
2603
2603
2605
2620
2618
2620
2626
2625
2609
2636
2634
2624
2625
2624
2627
2631
2635
2639
2634
2628
2629
2621
2624
2641
2649
2626
2634
2644
2627
2618
2622
2605
2611
2604
2610
2616
2612
2607
2607
2597
2594
2580
2568
2559
2557
2558
2546
2542
2553
2531
2516
2512
2504
2485
2491
2489
2487
2473
2471
2464
2461
2452
2432
2431
2430
2430
2417
2411
2374
2361
2348
2327
2321
2309
2316
2302
2296
2284
2270
2248
2238
2222
2211
2214
2196
2192
2181
2152
2139
2122
2121
2110
2103
2091
2081
2059
2055
2048
2024
2011
1990
1976
1974
1963
1958
1938
1919
1911
1891
1884
1868
1835
1821
1819
1824
1799
1806
1798
1770
1756
1725
1731
1734
1724
1727
1706
1691
1671
1656
1649
1633
1621
1614
1606
1592
1586
1570
1570
1564
1557
1554
1529
1527
1511
1512
1513
1518
1525
1508
1489
1491
1484
1479
1484
1469
1481
1460
1459
1474
1471
1472
1462
1470
1477
1475
1467
1449
1440
1439
1443
1443
1443
1445
1459
1453
1452
1447
1457
1441
1435
1432
1440
1436
1381
1413
1436
1465
1383
1412
1434
1444
1392
1437
1473
1503
1523
1546
1564
1553
1566
1572
1582
1600
1603
1602
1616
1618
1616
1630
1634
1625
1645
1660
1679
1685
1691
1708
1712
1724
1720
1739
1746
1752
1743
1769
1784
1793
1786
1795
1814
1826
1834
1829
1839
1846
1871
1884
1899
1899
1904
1916
1926
1947
1960
1959
1964
1981
1996
1985
2001
2003
1854
1921
1991
2028
2039
2064
2067
2075
2073
1928
1867
1899
2006
1940
1995
2062
2004
2006
2088
2153
2206
2206
2197
2214
2202
2201
2198
2196
2207
2222
2212
2220
2236
2234
2233
2215
2220
2216
2231
2138
2180
2222
2232
2255
2260
2275
2272
2289
2296
2288
2278
2264
2257
2261
2275
2284
2288
2257
2255
2246
2248
2247
2259
2247
2252
2251
2247
2256
2241
2237
2224
2211
2208
2211
2193
2183
2185
2190
2204
2203
2193
2194
2183
2169
2177
2163
2164
2166
2173
2174
2179
2180
2182
2184
2153
2168
2176
2174
2181
2196
2172
2156
2161
2160
2168
2163
2177
2168
2171
2174
2161
2147
2141
2142
2140
2146
2147
2140
2136
2127
2133
2123
2124
2129
2140
2136
2144
2155
2138
2139
2136
2142
2132
2124
2121
2118
2120
2123
2125
2125
2123
2131
2129
2135
2140
2139
2129
2134
2136
2160
2160
2166
2161
2154
2169
2163
2179
2193
2189
2168
2171
2198
2203
2188
2208
2210
2213
2224
2211
2209
2211
2220
2232
2227
2219
2221
2233
2248
2246
2234
2230
2228
2225
2235
2232
2228
2230
2232
2237
2231
2233
2228
2214
2218
2220
2206
2211
2208
2209
2207
2209
2207
2203
2188
2188
2194
2190
2193
2204
2198
2201
2206
2192
2199
2195
2188
2204
2210
2200
2193
2175
2168
2156
2174
2173
2182
2174
2163
2156
2147
2135
2142
2148
2124
2132
2126
2139
2130
2132
2124
2127
2107
2102
2085
2070
2085
2077
2059
2048
2062
2060
2042
2035
2024
2020
2021
2000
2009
1997
1995
1978
1961
1971
1962
1956
1945
1934
1922
1924
1928
1921
1914
1924
1921
1921
1921
1927
1922
1916
1907
1895
1894
1887
1896
1902
1906
1897
1890
1887
1880
1880
1880
1871
1859
1863
1855
1863
1863
1858
1856
1849
1848
1856
1855
1847
1847
1846
1848
1853
1843
1833
1840
1836
1823
1807
1816
1836
1827
1830
1830
1820
1828
1823
1826
1825
1822
1815
1786
1800
1809
1800
1813
1833
1820
1816
1817
1809
1815
1817
1818
1820
1820
1818
1815
1814
1811
1812
1814
1811
1808
1810
1819
1820
1828
1821
1824
1812
1820
1815
1816
1822
1808
1823
1826
1817
1825
1828
1824
1827
1826
1827
1826
1831
1846
1840
1839
1852
1864
1858
1873
1876
1874
1879
1868
1869
1863
1883
