1776
1775
1770
1771
1765
1768
1777
1774
1791
1790
1784
1792
1792
1808
1808
1809
1808
1802
1814
1805
1794
1793
1778
1769
1763
1762
1772
1765
1756
1751
1750
1755
1734
1729
1726
1725
1719
1695
1705
1716
1698
1694
1697
1692
1682
1673
1665
1662
1661
1663
1663
1651
1655
1655
1653
1644
1634
1635
1627
1620
1615
1622
1614
1614
1598
1584
1573
1579
1579
1584
1584
1585
1588
1584
1588
1571
1573
1574
1561
1571
1572
1580
1582
1582
1564
1569
1570
1573
1590
1607
1592
1587
1580
1583
1579
1581
1598
1611
1612
1626
1636
1641
1642
1628
1631
1624
1642
1641
1659
1672
1662
1656
1660
1633
1632
1646
1662
1673
1694
1686
1701
1713
1700
1710
1715
1710
1713
1711
1697
1716
1713
1713
1711
1713
1732
1731
1718
1722
1728
1715
1729
1730
1737
1745
1758
1779
1791
1807
1808
1809
1823
1837
1847
1852
1860
1877
1892
1900
1915
1920
1935
1935
1927
1948
1935
1952
1961
1973
1994
1977
1992
1994
1980
1990
2000
2006
2003
2004
2035
2047
2046
2057
2067
2072
2081
2098
2101
2116
2136
2144
2168
2160
2162
2162
2184
2169
2179
2200
2209
2209
2211
2215
2220
2232
2245
2247
2254
2256
2268
2255
2258
2251
2256
2248
2264
2264
2273
2282
2280
2290
2284
2279
2275
2267
2283
2270
2283
2271
2280
2275
2270
2261
2257
2257
2264
2253
2246
2268
2261
2251
2239
2231
2226
2225
2233
2233
2228
2228
2232
2226
2226
2215
2221
2215
2187
2189
2187
2171
2177
2184
2183
2175
2188
2189
2173
2168
2173
2156
2140
2167
2182
2189
2181
2166
2173
2156
2151
2149
2155
2165
2183
2174
2152
2165
2147
2157
2161
2165
2162
2154
2169
2170
2166
2166
2175
2158
2158
2140
2144
2131
2143
2156
2158
2151
2149
2149
2153
2156
2157
2157
2155
2156
2162
2162
2148
2150
2156
2142
2152
2163
2180
2167
2157
2167
2175
2184
2171
2169
2147
2162
2163
2178
2172
2169
2172
2160
2162
2156
2150
2153
2161
2143
2143
2134
2132
2123
2124
2120
2117
2135
2118
2113
2125
2116
2108
2112
2126
2118
2113
2113
2112
2120
2112
2116
2123
2132
2131
2123
2125
2131
2128
2117
2119
2119
2113
2119
2124
2123
2114
2130
2142
2135
2138
2150
2135
2134
2129
2134
2133
2146
2157
2169
2168
2167
2168
2168
2154
2150
2166
2169
2183
2185
2180
2184
2190
2202
2202
2216
2223
2234
2235
2223
2226
2218
2209
2213
2220
2248
2248
2234
2255
2259
2240
2255
2256
2257
2259
2275
2283
2277
2272
2268
2261
2256
2264
2286
2294
2294
2299
2281
2273
2276
2268
2271
2276
2287
2292
2287
2292
2297
2288
2300
2308
2295
2288
2302
2301
2307
2306
2322
2332
2344
2336
2343
2337
2332
2326
2328
2344
2344
2345
2343
2358
2348
2336
2359
2362
2350
2355
2365
2363
2363
2368
2364
2366
2356
2361
2365
2368
2352
2350
2358
2380
2367
2360
2364
2371
2356
2359
2341
2340
2336
2327
2339
2337
2336
2345
2338
2333
2325
2333
2351
2347
2342
2335
2324
2302
2281
2283
2282
2272
2259
2263
2248
2248
2245
2243
2220
2206
2206
2201
2190
2188
2173
2168
2159
2153
2155
2137
2157
2167
2149
2124
2112
2103
2109
2087
2095
2091
2087
2086
2075
2044
2036
2032
2037
2023
2015
2012
2020
2014
2014
2012
2002
2023
2011
2001
1992
1975
1972
1961
1989
1982
1976
1952
1945
1939
1948
1960
1957
1967
1968
1967
1947
1940
1913
1924
1924
1934
1931
1951
1946
1959
1953
1943
1881
1854
1903
1920
1929
1939
1935
1913
1920
1907
1913
1914
1927
1934
1923
1913
1925
1927
1917
1895
1861
1884
1888
1878
1883
1893
1894
1876
1866
1844
1848
1841
1848
1867
1864
1874
1866
1876
1888
1886
1896
1873
1864
1880
1886
1885
1885
1900
1908
1917
1921
1935
1944
1956
1957
1970
1975
1978
1981
1981
1994
2016
2035
2050
2048
2049
2043
2059
2069
2068
2077
2096
2100
1984
2035
2087
2126
2132
2136
2141
2156
2155
2171
2000
1907
1857
1875
2036
2124
2188
2081
1962
1904
1910
2049
2167
2124
2004
1920
1886
1891
1885
2065
2212
2264
2274
2160
2038
1945
1898
1882
1899
2024
2065
2036
2165
2253
2284
2284
2286
2280
2270
2284
2283
2254
2240
2218
2215
2208
2200
2199
2193
2184
2195
2190
2177
2168
2181
2042
2065
2096
2127
2154
2150
2130
2121
2126
2118
2124
2142
2114
2115
2096
2088
2074
2070
2071
2076
2083
2083
2072
2062
2053
2056
2041
2044
2045
2027
2048
2032
2048
2013
2006
1996
1996
2001
2011
2003
1984
1977
1976
1955
1964
1954
1951
1947
1956
1944
1948
1946
1943
1947
1950
1954
1941
1937
1944
1940
1934
1929
1921
1934
1924
1926
1913
1904
1917
1921
1922
1925
1922
1899
1901
1881
1887
1888
1895
1909
1923
1913
1900
1911
1907
1901
1896
1875
1875
1886
1876
1867
1859
1852
1855
1855
1848
1856
1845
1840
1834
1838
1836
1825
1824
1823
1820
1823
1810
1820
1822
1818
1813
1810
1816
1830
1822
1819
1825
1814
1809
1802
1809
1808
1794
1802
1812
1806
1801
1806
1804
1805
1827
1834
1836
1830
1843
1849
1854
1871
1879
1869
1876
1894
1875
1889
1894
1894
1910
1912
1915
1923
1929
1934
1932
1944
1952
1941
1935
1958
1958
1950
1966
1988
1999
2002
1994
1985
1984
1972
1982
1979
1964
1968
1996
1999
2013
2017
2012
2015
2001
2014
2011
1997
2003
2021
2030
2021
1992
1944
1909
1878
1863
1861
1862
1843
1838
1803
1785
1796
1817
1864
1918
1952
1964
1952
1953
1958
1969
1994
2044
2073
2110
2113
2105
2079
2070
2060
2079
2099
2132
2157
2170
2156
2158
2135
2128
2142
2145
2147
2148
2149
2128
2116
2119
2129
2123
2115
2122
2109
2108
2112
2112
2120
2131
2145
2156
2138
2107
2069
2028
2001
1995
1978
2006
2037
2048
2050
2064
2057
2055
2047
2051
2021
2000
1955
1933
1922
1914
1924
1922
1934
1929
1919
1906
1884
1879
1870
1875
1891
1923
1956
1973
1978
1932
1900
1859
1831
1814
1834
1843
1852
1843
1812
1769
1727
1699
1687
1693
1703
1699
1695
1679
1646
1638
1606
1595
1589
1577
1585
1573
1564
1564
1561
1553
1577
1608
1591
1583
1568
1550
1524
1506
1474
1449
1453
1416
1380
1344
1336
1345
1351
1341
1322
1303
1286
1246
1209
1185
1172
1162
1168
1149
1133
1123
1105
1097
1086
1060
1050
1060
1046
1059
1075
1073
1070
1062
1040
1012
991
977
977
988
968
939
926
914
897
892
887
886
874
883
869
862
870
862
855
855
832
817
809
819
813
823
821
823
823
795
805
803
788
781
784
782
777
776
790
801
821
841
867
879
910
907
904
899
909
921
950
959
966
980
981
982
963
985
1003
1029
1029
1036
1042
1056
1068
1076
1101
1125
1142
1159
1171
1188
1185
1183
1201
1224
1263
1302
1330
1359
1372
1392
1408
1446
1461
1489
1540
1565
1589
1638
1654
1685
1725
1750
1792
1830
1869
1918
1948
1972
1984
2011
2025
2060
2081
2098
2117
2129
2136
2160
2177
2191
2217
2242
2256
2295
2321
2354
2380
2391
2420
2453
2486
2526
2555
2582
2612
2624
2644
2668
2701
2719
2757
2792
2815
2842
2873
2894
2920
2930
2937
2942
2969
3004
3013
3040
3062
3072
3105
3119
3168
3188
3212
3216
3241
3260
3275
3285
3305
3315
3331
3357
3380
3407
3425
3443
3443
3437
3448
3459
3453
3463
3476
3490
3504
3515
3521
3514
3504
3497
3513
3518
3542
3559
3550
3555
3553
3547
3535
3523
3519
3513
3508
3502
3502
3492
3483
3493
3500
3495
3495
3483
3485
3464
3456
3443
3432
3402
3391
3384
3372
3338
3327
3290
3268
3256
3249
3229
3223
3207
3192
3183
3179
3171
3136
3132
3118
3110
3111
3096
3066
3062
3041
3025
2995
2998
2995
2970
2960
2956
2927
2900
2890
2857
2841
2828
2806
2801
2771
2740
2717
2675
2660
2650
2636
2605
2591
2580
2555
2532
2520
2504
2499
2492
2499
2492
2488
2478
2446
2430
2415
2387
2385
2370
2358
2364
2331
2326
2310
2291
2284
2264
2236
2229
2213
2201
2180
2169
2137
2124
2100
2078
2057
2043
2009
1991
1985
1980
1971
1962
1955
1915
1894
1883
1877
1852
1851
1846
1844
1831
1812
1795
1777
1767
1775
1762
1740
1742
1719
1703
1705
1700
1687
1684
1687
1683
1669
1663
1653
1636
1615
1602
1594
1610
1608
1620
1608
1612
1599
1592
1588
1594
1603
1586
1602
1609
1624
1614
1623
1624
1615
1613
1616
1611
1633
1644
1651
1644
1650
1644
1645
1643
1650
1644
1657
1657
1665
1678
1679
1669
1664
1651
1660
1667
1672
1681
1681
1670
1673
1681
1683
1680
1686
1670
1664
1676
1672
1664
1664
1680
1688
1691
1700
1710
1722
1731
1734
1732
1752
1753
1757
1758
1780
1801
1802
1817
1821
1816
1790
1788
1795
1799
1814
1814
1823
1819
1820
1810
1821
1817
1832
1838
1847
1852
1859
1875
1885
1884
1892
1895
1894
1889
1904
1906
1921
1928
1945
1951
1952
1969
1976
1974
1977
1996
2011
2024
2036
2047
2051
2048
2056
2061
2072
2086
2102
2104
2103
2103
2104
2094
2090
2120
2122
2131
2147
2135
2134
2144
2128
2129
2131
2135
2149
2156
2170
2179
2174
2190
2188
2185
2199
2200
2217
2225
2223
2228
2222
2215
2214
2203
2218
2222
2230
2217
2211
2203
2212
2217
2212
2232
2231
2236
2220
2208
2234
2234
2230
2242
2241
2233
2219
2228
2229
2220
2223
2230
2204
2198
2194
2216
2220
2208
2212
2206
2204
2198
2186
2163
2166
2160
2155
2161
2151
2167
2166
2167
2168
2157
2151
2156
2147
2156
2136
2130
2007
2060
2101
2108
2128
2123
2113
2113
2118
2123
2108
2120
2120
2132
2131
2142
2120
2118
2111
2112
2108
2099
2114
2101
2102
2090
2096
2091
2080
2079
2066
2079
2066
2086
2086
2082
2079
2079
2086
2060
2057
2062
2057
2060
2049
2051
2053
2044
2031
2025
2003
2019
2020
2024
2007
2006
1997
1992
1972
1971
1970
1962
1952
1948
1947
1952
1962
1980
1979
1957
1960
1967
1960
1968
1952
1963
1953
1963
1972
1974
1959
1966
1946
1932
1937
1943
1944
1948
1951
1954
1788
1884
1924
1937
1965
1965
1958
1949
1947
1910
1741
1664
1636
1742
1842
1757
1819
1941
1996
2005
2015
2019
2013
2013
2004
2003
2003
2012
2018
2032
2014
2022
2020
2012
2017
2014
2007
2024
2016
2006
1999
1921
1901
1931
1952
1968
1964
1983
1979
1956
1957
1939
1920
1914
1906
1903
1907
1905
1906
1882
1856
1862
1859
1846
1845
1843
1846
1837
1839
1819
1816
1809
1794
1780
1763
1768
1756
1761
1752
1734
1739
1727
1729
1708
1705
1694
1696
1695
1681
1676
1665
1673
1670
1672
1679
1682
1676
1678
1675
1668
1663
1666
1663
1652
1660
1646
1640
1650
1650
1654
1651
1657
1639
1621
1620
1631
1648
1642
1629
1634
1631
1606
1594
1584
1582
1583
1589
1593
1592
1587
1603
1594
1602
1587
1582
1600
1600
1580
1601
1601
1606
1593
1579
1567
1570
1578
1585
1585
1588
1599
1585
1584
1580
1579
1588
1591
1570
1565
1563
1559
1543
1537
1554
1553
1567
1576
1566
1564
1580
1590
1600
1596
1596
1604
1605
1606
1627
1639
1647
1652
1659
1676
1686
1686
1689
1695
1711
1740
1747
1756
1763
1752
1754
1770
1782
1787
1812
1824
1840
1843
1844
1858
1859
1866
1865
1886
1901
1896
1907
1927
1940
1929
1932
1934
1951
1966
1973
1977
1988
1990
1993
1993
2005
2049
2044
2058
2053
2084
2073
2077
2095
2106
2120
2144
2149
2154
2162
2179
2189
2191
2214
2235
2234
2223
2231
2242
2251
2246
2268
2289
2295
2295
2287
2294
2296
2296
2298
2311
2327
2330
2332
2337
2338
2347
2349
2354
2361
2365
2375
2381
2386
2381
2365
2370
2375
2380
2393
2395
2400
2403
2414
2414
2420
2406
2417
2442
2438
2433
2436
2440
2449
2455
2454
2462
2465
2462
2459
2454
2461
2464
2481
2483
2467
2460
2456
2468
2465
2447
2463
2461
2442
2429
2424
2427
2432
2427
2418
2425
2421
2411
2417
2411
2403
2406
2387
2388
2413
2407
2408
2404
2416
2386
2380
2360
2353
2350
2370
2360
2381
2386
2374
2360
2339
2336
2319
2319
2305
2315
2303
2303
2290
2290
2278
2278
2262
2260
2242
2245
2218
2218
2220
2210
2214
2216
2214
2199
2196
2182
2177
2175
2164
2168
2164
2151
2140
2135
2129
2126
2123
2119
2102
2085
2082
2068
2060
2046
2032
2036
2037
2023
2011
2006
1994
1998
1988
1989
1980
1967
1955
1961
1944
1931
1928
1904
1897
1907
1891
1886
1880
1872
1870
1858
1838
1839
1820
1815
1802
1807
1783
1758
1765
1757
1753
1732
1712
1699
1703
1698
1694
1688
1679
1668
1665
1640
1643
1640
1624
1612
1599
1584
1564
1561
1555
1556
1539
1558
1543
1556
1543
1548
1535
1521
1516
1509
1510
1493
1495
1506
1507
1496
1477
1468
1471
1463
1467
1475
1481
1497
1512
1487
1481
1464
1470
1472
1486
1479
1484
1483
1491
1492
1496
1511
1520
1519
1516
1519
1520
1528
1529
1523
1525
1520
1534
1544
1561
1559
1583
1587
1579
1584
1584
1595
1612
1602
1620
1646
1653
1660
1683
1692
1706
1708
1710
1725
1728
1731
1732
1743
1757
1755
1761
1774
1786
1799
1800
1816
1843
1843
1845
1852
1862
1860
1879
1875
1892
1885
1901
1915
1923
1948
1964
1979
1983
1977
2003
2001
2011
2007
2006
2020
2033
2056
2072
2076
2079
2079
2086
2108
2107
2122
2148
2148
2156
2174
2191
2218
2205
2224
2246
2256
2260
2283
2282
2296
2309
2326
2319
2337
2328
2340
2355
2371
2391
2388
2399
2424
2435
2433
2441
2451
2463
2475
2479
2486
2490
2505
2507
2515
2519
2523
2547
2552
2560
2562
2565
2568
2573
2566
2556
2568
2580
2585
2568
2573
2577
2582
2588
2586
2585
2596
2597
2606
2599
2590
2576
2577
2585
2575
2572
2577
2588
2564
2555
2541
2551
2545
2550
2541
2560
2552
2547
2536
2532
2536
2524
2535
2526
2516
2513
2520
2503
2488
2487
2488
2470
2460
2449
2447
2444
2451
2438
2424
2419
2411
2403
2391
2392
2407
2418
2407
2401
2382
2375
2364
2356
2353
2334
2344
2328
2336
2320
2318
2308
2292
2279
2265
2260
2264
2251
2249
2233
2229
2225
2205
2190
2174
2178
2171
2179
2179
2182
2180
2161
2166
2151
2145
2125
2107
2100
2090
2072
2074
2067
2073
2056
2051
2035
2022
2001
1996
1983
1980
1973
1951
1958
1939
1947
1934
1929
1924
1913
1906
1895
1879
1876
1873
1868
1869
1853
1845
1830
1822
1819
1814
1806
1816
1816
1812
1795
1782
1787
1767
1769
1757
1747
1742
1748
1748
1764
1766
1761
1756
1746
1731
1724
1721
1724
1728
1726
1721
1740
1737
1728
1720
