2072
2070
2055
2076
2073
2083
2089
2089
2105
2108
2116
2115
2110
2108
2091
2096
2105
2114
2129
2129
2141
2132
2115
2126
2114
2096
2094
2108
2121
2127
2135
2129
2112
2115
2117
2109
2119
2136
2131
2143
2144
2131
2135
2136
2126
2131
2119
2132
2137
2134
2123
2112
2122
2114
2108
2113
2110
2111
2105
2121
2118
2112
2103
2112
2095
2088
2097
2104
2102
2091
2090
2068
2054
2051
2047
2040
2036
2040
2052
2055
2047
2037
2044
2046
2035
2031
2032
2039
2050
2056
2040
2032
2015
2021
2005
2004
2028
2020
2022
2023
2016
2015
2020
2018
2010
2002
2004
2008
2012
2005
2013
2012
2000
2000
1985
1985
1988
2004
2007
2015
2014
2003
1999
1992
1995
2000
2009
1999
2020
2031
2021
2020
2007
2017
2013
2013
2012
2016
2029
2016
2020
2022
2018
2007
2016
2014
2020
2039
2028
2016
2016
2010
2001
2016
2008
2012
2001
2011
2008
2022
2026
2012
2005
1996
2001
2001
1990
1993
1995
1996
1996
1990
1989
1995
1987
1999
2015
2019
1998
2003
1991
1988
1996
2007
2014
2012
2022
2024
2035
2025
2016
2027
2020
2033
2027
2036
1979
2000
2023
2017
2033
2033
2048
2048
2068
2068
2070
2056
2047
2035
2032
2030
2039
2048
2051
2044
2058
2066
2060
2073
2091
2087
2095
2084
2074
2064
2072
2087
2085
2080
2085
2071
2071
2071
2097
2090
2081
2095
2090
2079
2077
2076
2079
2076
2075
2071
2066
2061
2053
2044
2046
2038
2039
2041
2036
2045
2044
1914
1980
2019
2027
2025
2041
2043
2028
2031
1990
1873
1800
1835
1932
1867
1874
1939
1987
2019
2025
2026
2030
2011
2011
2011
2011
2025
2022
2012
2019
2018
2018
2006
2007
1992
1989
2002
2014
2010
2016
2017
2009
1996
1999
2005
2012
2022
2007
1999
1984
1994
1999
1995
1993
1993
1992
1988
2009
2010
2007
2004
1988
1989
1991
1982
1981
1979
1975
1977
1972
1827
1878
1931
1977
1996
1990
1991
1982
1975
1979
1990
1995
1995
1976
1979
1985
1976
1961
1974
1972
1979
1996
1981
1978
1983
1990
1991
1978
1974
1992
2003
2000
1975
1988
1990
1980
1980
1969
1984
1991
1996
1991
1987
1975
1984
1985
1994
1988
2002
1994
1994
1996
1964
1969
1976
1989
2003
1996
2000
2014
2009
2008
2004
2008
2005
1991
2003
2004
1999
2014
2018
2005
2012
2008
2001
2011
2002
1986
1999
1987
1999
2019
2033
2043
2034
2035
2028
2008
2023
2023
2013
2013
2017
2023
2005
1996
1990
1977
1980
1987
1991
1990
1988
1986
1969
1957
1966
1980
2008
2031
2028
1988
1916
1812
1744
1744
1814
1895
1971
2028
2041
2000
1972
1967
1972
2028
2091
2171
2220
2241
2239
2238
2249
2274
2326
2389
2476
2531
2545
2540
2531
2539
2560
2598
2638
2660
2683
2704
2710
2710
2735
2771
2781
2772
2771
2767
2778
2808
2855
2884
2886
2872
2828
2779
2724
2683
2638
2599
2582
2544
2495
2454
2439
2423
2433
2441
2451
2446
2413
2359
2302
2251
2230
2252
2262
2277
2286
2260
2247
2233
2251
2280
2326
2350
2365
2380
2358
2352
2352
2368
2380
2400
2438
2467
2435
2439
2441
2444
2443
2494
2516
2546
2577
2588
2590
2583
2606
2616
2611
2596
2588
2574
2540
2517
2501
2486
2483
2482
2477
2462
2461
2444
2436
2432
2433
2414
2396
2375
2364
2345
2326
2292
2257
2219
2185
2177
2171
2173
2160
2127
2083
2035
1977
1947
1913
1892
1848
1832
1774
1738
1696
1654
1632
1606
1591
1563
1542
1503
1456
1430
1404
1385
1369
1346
1305
1265
1252
1223
1210
1188
1179
1183
1171
1180
1168
1142
1164
1167
1182
1188
1202
1209
1210
1196
1183
1177
1179
1182
1187
1184
1182
1178
1164
1161
1149
1163
1159
1151
1126
1110
1089
1084
1068
1043
1041
1027
1012
1001
1002
989
980
976
990
975
959
959
951
939
939
927
926
915
931
929
937
934
948
949
948
949
963
927
935
925
925
940
929
944
949
947
930
916
897
897
905
918
930
935
956
967
975
952
945
960
966
968
991
1012
1048
1056
1052
1083
1120
1149
1166
1191
1215
1236
1275
1276
1296
1308
1314
1343
1344
1363
1362
1376
1392
1399
1400
1416
1418
1436
1472
1486
1467
1461
1476
1484
1496
1516
1538
1559
1575
1601
1594
1615
1629
1656
1698
1715
1743
1786
1817
1857
1877
1895
1943
1972
2008
2030
2048
2070
2097
2111
2142
2161
2199
2215
2241
2255
2277
2296
2316
2328
2352
2364
2384
2420
2447
2471
2490
2482
2486
2473
2487
2502
2528
2532
2545
2562
2570
2577
2584
2600
2617
2627
2633
2645
2669
2686
2708
2699
2703
2694
2691
2697
2702
2700
2721
2718
2726
2743
2736
2744
2748
2752
2759
2762
2764
2772
2756
2736
2714
2708
2689
2689
2672
2662
2658
2633
2607
2572
2553
2537
2526
2510
2489
2489
2476
2443
2422
2405
2392
2361
2365
2344
2331
2318
2309
2338
2370
2371
2360
2375
2377
2369
2375
2389
2387
2391
2380
2377
2379
2383
2388
2397
2419
2422
2429
2451
2451
2443
2440
2447
2439
2423
2406
2401
2387
2383
2370
2363
2347
2338
2337
2321
2301
2285
2267
2253
2218
2215
2207
2196
2188
2181
2158
2142
2137
2118
2108
2101
2087
2098
2086
2063
2049
2035
2032
2027
2008
1996
1983
1971
1970
1971
1944
1948
1948
1936
1920
1918
1923
1928
1927
1937
1955
1966
1968
1951
1968
1969
1980
1970
1957
1959
1984
1977
1974
1994
1994
1988
1980
1998
1996
1986
1999
2004
2011
1999
2000
2012
2025
2025
2029
2055
2042
2054
2075
2066
2060
2083
2103
2110
2128
2127
2141
2147
2164
2175
2171
2190
2201
2211
2232
2250
2246
2268
2272
2299
2302
2301
2314
2332
2358
2358
2361
2368
2372
2390
2387
2399
2396
2403
2411
2412
2419
2428
2401
2420
2419
2419
2434
2444
2447
2444
2446
2446
2457
2446
2471
2465
2472
2464
2487
2496
2496
2511
2526
2549
2552
2569
2590
2588
2584
2579
2591
2608
2619
2614
2608
2587
2586
2590
2591
2593
2593
2523
2535
2562
2577
2553
2535
2537
2538
2535
2524
2529
2532
2524
2518
2530
2524
2517
2527
2528
2539
2545
2542
2536
2543
2537
2538
2544
2568
2575
2569
2568
2580
2574
2572
2575
2562
2576
2592
2598
2596
2585
2579
2575
2572
2565
2545
2530
2542
2525
2507
2495
2457
2444
2416
2419
2412
2393
2370
2342
2308
2276
2253
2238
2207
2181
2168
2153
2114
2081
2067
2070
2048
2029
2009
1987
1976
1946
1936
1919
1911
1902
1885
1873
1855
1843
1834
1652
1757
1775
1791
1797
1803
1791
1790
1775
1767
1763
1594
1513
1475
1578
1652
1664
1560
1462
1419
1506
1441
1446
1528
1571
1577
1438
1404
1470
1503
1358
1277
1372
1420
1436
1420
1396
1388
1391
1371
1366
1380
1362
1364
1361
1342
1351
1340
1341
1332
1325
1323
1303
1284
1293
1281
1279
1262
1265
1279
1263
1270
1277
1296
1279
1275
1276
1289
1283
1289
1294
1300
1316
1331
1336
1338
1330
1331
1320
1319
1311
1324
1324
1341
1348
1350
1359
1359
1375
1360
1368
1359
1368
1363
1373
1377
1387
1385
1404
1401
1433
1440
1439
1445
1453
1455
1446
1459
1469
1475
1500
1486
1501
1484
1500
1504
1522
1528
1544
1433
1509
1559
1590
1604
1602
1624
1627
1663
1663
1675
1678
1681
1694
1714
1729
1735
1737
1763
1763
1788
1802
1819
1827
1854
1872
1875
1899
1933
1945
1951
1976
1981
2003
2018
2047
2073
2079
2094
2118
2126
2136
2140
2154
2192
2200
2189
2215
2238
2244
2252
2263
2275
2301
2306
2308
2317
2327
2353
2355
2366
2382
2385
2390
2400
2399
2393
2412
2419
2418
2424
2423
2423
2419
2439
2441
2449
2466
2467
2463
2469
2462
2453
2468
2487
2489
2487
2494
2515
2521
2518
2529
2547
2567
2567
2577
2593
2604
2606
2619
2615
2626
2644
2655
2676
2686
2694
2715
2714
2722
2732
2734
2742
2755
2755
2747
2760
2755
2766
2791
2796
2796
2801
2804
2812
2808
2782
2783
2795
2798
2792
2795
2780
2795
2807
2789
2784
2799
2791
2789
2791
2803
2792
2788
2792
2792
2780
2767
2771
2755
2745
2760
2756
2759
2750
2748
2748
2752
2755
2748
2756
2744
2747
2741
2714
2694
2707
2693
2696
2695
2692
2688
2669
2658
2651
2636
2614
2608
2602
2593
2588
2576
2564
2556
2544
2531
2518
2528
2526
2513
2499
2500
2499
2499
2489
2474
2481
2489
2496
2495
2488
2475
2478
2469
2461
2451
2451
2451
2434
2440
2438
2434
2410
2416
2399
2395
2384
2379
2372
2384
2374
2355
2340
2323
2302
2282
2268
2256
2234
2231
2224
2214
2201
2172
2156
2152
2127
2124
2099
2087
2075
2064
2046
2030
2017
1993
1977
1973
1972
1956
1959
1943
1945
1940
1935
1913
1915
1910
1904
1887
1878
1872
1861
1847
1838
1838
1827
1832
1838
1856
1823
1831
1816
1790
1784
1781
1777
1776
1776
1771
1767
1743
1724
1726
1699
1686
1681
1670
1673
1679
1669
1671
1646
1639
1631
1623
1614
1600
1590
1601
1585
1579
1557
1550
1525
1505
1515
1500
1491
1482
1479
1479
1475
1457
1458
1442
1436
1430
1428
1408
1389
1374
1363
1349
1342
1334
1327
1319
1308
1317
1315
1320
1321
1312
1320
1324
1302
1301
1305
1299
1313
1320
1309
1309
1312
1300
1317
1323
1342
1360
1371
1371
1380
1376
1355
1368
1379
1398
1430
1434
1438
1430
1425
1419
1432
1426
1439
1470
1461
1463
1474
1465
1467
1476
1483
1479
1472
1483
1486
1484
1485
1488
1491
1479
1458
1444
1444
1427
1436
1432
1449
1451
1435
1412
1391
1353
1345
1364
1373
1391
1401
1413
1405
1403
1403
1405
1410
1433
1453
1465
1479
1481
1475
1472
1468
1476
1495
1503
1536
1563
1548
1554
1551
1548
1556
1555
1584
1591
1587
1607
1602
1618
1612
1599
1587
1590
1598
1610
1603
1623
1639
1626
1622
1614
1602
1567
1567
1552
1535
1519
1535
1541
1511
1494
1492
1488
1502
1493
1504
1497
1489
1473
1470
1481
1480
1494
1511
1533
1529
1526
1520
1535
1543
1556
1590
1584
1612
1616
1611
1606
1614
1612
1618
1638
1649
1647
1648
1642
1636
1648
1647
1645
1670
1690
1677
1681
1692
1700
1702
1718
1712
1706
1703
1701
1690
1683
1676
1670
1665
1664
1668
1659
1691
1696
1692
1691
1691
1691
1689
1698
1724
1713
1724
1710
1704
1702
1710
1730
1737
1736
1744
1761
1740
1724
1734
1729
1741
1740
1731
1715
1710
1742
1743
1754
1760
1772
1766
1764
1775
1771
1770
1765
1779
1776
1788
1789
1804
1828
1842
1841
1846
1844
1851
1859
1881
1878
1895
1912
1915
1938
1944
1959
1965
1973
1993
1991
1995
2020
2032
2016
2032
2038
2033
2057
2062
2092
2094
2092
2118
2124
2140
2150
2160
2175
2176
2176
2182
2185
2200
2198
2203
2228
2251
2253
2258
2272
2268
2273
2282
2297
2302
2311
2324
2324
2340
2348
2369
2373
2385
2403
2406
2412
2416
2409
2392
2405
2405
2418
2427
2435
2439
2447
2444
2453
2455
2451
2459
2468
2476
2484
2506
2503
2510
2508
2513
2518
2523
2528
2515
2546
2534
2556
2557
2567
2559
2560
2558
2574
2589
2584
2598
2594
2599
2593
2598
2590
2580
2572
2572
2574
2561
2570
2569
2577
2566
2583
2577
2569
2578
2583
2600
2591
2583
2587
2566
2559
2569
2581
2597
2590
2600
2596
2607
2599
2605
2606
2597
2584
2594
2585
2602
2604
2601
2601
2585
2593
2575
2564
2560
2555
2554
2561
2552
2525
2521
2494
2491
2480
2486
2489
2482
2476
2459
2454
2447
2419
2420
2403
2395
2383
2387
2387
2382
2386
2377
2375
2381
2376
2384
2374
2366
2358
2353
2367
2368
2372
2368
2376
2364
2365
2385
2384
2382
2383
2372
2363
2375
2379
2370
2377
2387
2380
2369
2374
2363
2335
2335
2334
2338
2313
2303
2291
2283
2263
2261
2275
2270
2267
2280
2268
2257
2246
2223
2209
2205
2207
2208
2200
2204
2200
2206
2195
2180
2185
2176
2184
2197
2194
2194
2175
2184
2174
2176
2175
2181
2185
2180
2170
2164
2158
2148
2126
2134
2127
2111
2104
2118
2118
2118
2105
2110
2095
2093
2079
2091
2098
2071
2065
2047
2051
2052
2062
2055
2034
2014
2016
2022
2022
2020
2009
2007
2008
1999
1997
2000
1991
1982
1980
1969
1976
1965
1973
1968
1980
1979
1967
1962
1962
1973
1977
1974
1960
1951
1955
1967
1969
1992
1982
1985
1985
1972
1967
1987
1994
1982
1992
1986
1991
1993
1999
1990
1982
1987
1978
1988
1997
1978
1984
1988
2004
2014
2003
2006
2016
2024
2013
1984
1950
1988
1998
2010
2030
2028
2015
2016
2028
2016
2007
2024
2023
2034
2039
2039
2061
2076
2080
2070
2047
2061
2079
2076
2088
2096
2083
2067
2090
2087
2100
2099
2093
2100
2114
2108
2104
2095
2087
2078
2076
2094
2087
2084
2085
2079
2065
2060
2081
2065
2069
2053
2054
2054
2047
2039
2028
2036
2030
2031
2017
2009
2012
2020
2023
2022
2019
2007
1997
1978
1981
1970
1967
1955
1953
1961
1967
1950
1947
1939
1932
1907
1897
1892
1890
1890
1882
1887
1891
1862
1859
1850
1852
1855
1830
1819
1809
1801
1796
1798
1800
1788
1778
1790
1648
1693
1623
1713
1749
1770
1782
1784
1782
1772
1741
1628
1569
1585
1694
1640
1609
1690
1740
1750
1753
1753
1747
1764
1772
1768
1736
1721
1740
1716
1703
1706
1713
1709
1708
1718
1702
1692
1685
1676
1667
1681
1683
1681
1688
1568
1557
1606
1633
1632
1627
1639
1644
1643
1639
1642
1636
1662
1668
1683
1706
1700
1708
1710
1708
1712
1711
1734
1739
1741
1756
1762
1760
1779
1783
1811
1797
1798
1813
1810
1813
1826
1820
1823
1841
1845
1868
1866
1858
1865
1870
1884
1903
1918
1912
1920
1916
1919
1911
1913
1932
1941
1952
1971
1975
1977
1966
1971
1996
1981
1982
1990
2000
2019
2033
2037
2035
2044
2060
2063
2080
2076
2094
2105
2105
2115
2106
2095
2112
2126
2140
2132
2146
2163
2170
2169
2187
2200
2210
2231
2228
2232
2247
2253
2272
2280
2286
2298
2315
2319
2313
2337
2343
2352
2344
2357
2372
2366
2377
2381
2390
2392
2416
2416
2429
2442
2453
2443
2436
2447
2447
2460
2458
2476
2474
2485
2477
2480
2483
2478
2494
2484
2485
2488
2484
2476
2473
2470
2465
2463
2466
2467
2456
2462
2454
2447
2449
2440
2468
2447
2456
2462
2467
2435
2439
2443
2437
2429
2404
2422
2419
2416
2423
2419
2408
2399
2392
2380
2376
2370
2349
2344
2335
2341
2326
2328
2315
2309
2292
2294
2272
2259
2246
2248
2241
2232
2217
2188
2191
2188
2172
2167
2167
2160
2154
2140
2104
2088
2091
2097
2098
2087
2077
2059
2035
2020
2008
2026
2004
2007
2003
1995
1984
1978
1953
1958
1953
1952
1938
1932
1923
1917
1904
1894
1899
1880
1897
1897
1906
1887
1870
1873
1854
1840
1853
1825
1821
1823
1817
1811
1793
1783
1792
1773
1774
1776
1767
1769
1749
1746
1741
1740
1718
1712
1729
1726
1725
1745
1723
1728
1722
1719
1710
1709
1711
1695
1691
1692
1688
1690
1694
1709
1710
1702
1679
1684
1682
1666
1651
1659
1672
1674
1686
1686
1684
1691
1701
1706
1697
1711
1709
1723
1708
1705
1702
1699
1702
1704
1700
1699
1689
1680
1691
1700
1692
1703
1696
1691
1697
1709
1719
1706
1707
1714
1712
1724
1730
1720
1716
1721
1719
1711
1726
1725
1734
1719
1719
1719
1728
1739
1745
1745
1748
1757
1737
1736
1742
1748
1752
1776
1769
1785
1788
1780
1777
1785
1786
1788
1789
1796
1800
1801
1802
1809
1812
1812
1810
1795
1816
1813
1804
1796
1825
1827
1823
1836
1843
1830
1831
1847
1855
1861
1862
1863
1869
1876
1874
1861
1877
1898
1901
1896
1900
1906
1912
1927
1933
1919
1923
1935
1946
1954
1960
1962
1964
1968
1968
1984
1991
2013
2000
2000
1990
2003
2005
2009
2008
2015
2017
2038
2035
2044
2058
2048
2040
2037
2029
2046
2051
2051
2059
2060
2052
2051
2056
2050
2061
2078
2079
2085
2082
2075
2083
2091
2081
2083
2084
2101
2109
2102
2099
2096
2097
2105
2104
2104
2112
2123
2113
2127
2134
2130
2131
2116
2109
2111
2126
2131
2120
2136
2131
2130
2126
2117
2118
2120
2120
2120
2114
2129
2127
2139
2161
2162
2160
2160
2157
2147
2145
2158
2144
2156
2147
2139
2134
2145
2152
2156
2159
2155
2149
2145
2146
2151
2151
2151
2169
2161
2163
2147
2165
2166
2173
2168
2156
2142
2146
2126
2129
2150
2132
2115
2110
2094
2094
2096
2104
2100
2103
2089
2104
2082
2072
2062
2064
2062
2054
2056
2041
2042
2028
2019
2023
2029
2024
2012
2017
1998
1991
1987
1962
1968
1979
1982
1988
1979
1974
1966
1959
1942
1925
1936
1940
1936
1938
1945
1928
1923
1929
1932
1928
1923
1920
1915
1909
1903
1906
1924
1926
1924
1924
1934
1948
1950
1946
1932
1937
1932
1918
1922
1922
1910
1920
1911
1909
1912
1916
1920
1924
1922
1923
1922
1931
1924
1927
1934
1918
1914
1927
1919
1910
1916
1914
1922
1921
1923
1935
1940
1948
1947
1957
1952
1958
1966
1963
1957
1974
1960
1968
1965
1958
1969
1982
1985
1978
1955
1975
1995
1993
2008
2012
2009
2023
2009
2010
2008
2009
2007
2021
2025
2020
2022
2014
2023
2030
2036
2040
2063
2063
2064
2071
2057
2072
2072
2080
2089
2089
2089
2105
2111
2109
2102
2111
2120
2128
2124
2126
2117
2143
2147
2168
2168
2183
2176
2164
2168
2165
2164
2176
2183
2191
2196
2201
2189
2198
2193
2193
2198
2209
2208
2223
2223
2231
2224
2225
2230
2227
2220
2192
2208
2225
2232
2245
2232
2231
2221
2216
2229
2233
2236
2228
2234
2208
2201
2212
2195
2196
2195
