1955
1962
1962
1963
1961
1950
1954
1956
1950
1953
1944
1953
1956
1951
1954
1951
1970
1980
1977
1973
1965
1968
1961
1963
1968
1974
1976
1980
1982
1982
1992
1995
1989
1976
1978
1995
1982
2000
2004
2018
2020
2012
2002
2003
2007
2007
2015
2034
2043
2051
2042
2032
2034
2040
2044
2051
2050
2054
2057
2062
2065
2048
2044
2055
2055
2056
2060
2051
2053
2075
2067
2068
2057
2054
2051
2046
2056
2046
2059
2063
2028
2022
2041
2040
2050
2036
2052
2071
2068
2070
2064
2040
2025
2018
2019
2036
2048
2044
2032
2028
2013
2017
2022
2027
2017
2021
2017
2016
2002
1993
1984
1999
2004
2003
1989
1977
1961
1970
1995
1990
1997
1982
1983
1986
1971
1971
1997
2008
1998
1998
1983
1973
1982
1863
1909
1956
1981
1980
1989
1971
1959
1833
1891
1839
1934
1988
2010
2007
2000
2005
2019
2018
2020
1905
1847
1897
1966
1955
1892
1879
1938
1987
2012
2016
2028
1945
1856
1799
1916
1989
2034
2050
2062
2067
2063
2071
2064
2054
2041
2048
1870
1903
1846
1833
1875
1986
1948
1955
2015
1942
1964
2021
2071
2067
2061
2062
2062
2052
2063
2059
2068
2057
2043
2035
2039
2054
2056
2059
2047
2030
2018
2017
2027
2032
2044
2048
2056
2053
2048
2030
2025
2043
2048
2055
2047
2062
2057
2071
2070
2059
2066
2063
2049
2051
2038
2036
2052
2063
2058
2053
2048
2042
2033
2011
1878
1918
1916
1999
2038
2028
2035
2039
2047
2076
2086
2089
2089
2076
2071
2053
2040
2050
2056
2054
2067
2074
2068
2060
2051
2049
2080
2075
2067
2047
2040
2022
2025
2089
2144
2200
2238
2240
2254
2269
2295
2343
2410
2476
2519
2535
2547
2551
2550
2571
2597
2629
2666
2717
2753
2756
2747
2732
2747
2767
2808
2841
2844
2850
2840
2835
2818
2803
2794
2809
2817
2821
2811
2788
2761
2736
2711
2700
2698
2681
2680
2636
2604
2583
2568
2550
2535
2516
2504
2468
2434
2385
2360
2324
2293
2299
2306
2291
2276
2260
2238
2227
2195
2186
2211
2229
2217
2224
2222
2210
2198
2212
2231
2210
2233
2214
2193
2177
2155
2177
2199
2213
2217
2224
2213
2186
2152
2131
2127
2134
2142
2144
2146
2144
2102
2072
2057
2055
2059
2075
2091
2106
2121
2097
2083
2072
2099
2095
2112
2122
2134
2108
2110
2109
2109
2110
2126
2141
2135
2144
2136
2124
2128
2120
2129
2146
2154
2159
2166
2148
2129
2108
2100
2117
2089
2082
2060
2041
2021
1988
1963
1961
1971
1956
1939
1906
1866
1836
1808
1784
1763
1762
1742
1724
1712
1680
1659
1652
1638
1630
1622
1616
1623
1610
1590
1576
1547
1529
1525
1523
1505
1495
1480
1459
1447
1439
1446
1446
1459
1454
1455
1468
1469
1452
1469
1473
1482
1499
1490
1486
1491
1494
1505
1500
1499
1507
1492
1513
1513
1513
1493
1497
1482
1507
1500
1506
1514
1510
1515
1517
1518
1527
1533
1506
1505
1510
1507
1494
1495
1479
1479
1478
1477
1465
1460
1465
1445
1434
1429
1422
1416
1399
1397
1377
1362
1352
1339
1330
1327
1332
1330
1312
1291
1287
1282
1271
1278
1273
1271
1272
1264
1263
1230
1202
1191
1191
1186
1190
1199
1176
1145
1135
1127
1126
1124
1126
1113
1125
1130
1129
1126
1136
1129
1120
1141
1145
1139
1147
1157
1169
1178
1172
1174
1191
1203
1216
1216
1223
1244
1224
1225
1235
1240
1256
1271
1285
1303
1296
1295
1322
1330
1334
1358
1387
1416
1428
1466
1495
1508
1521
1538
1555
1592
1617
1629
1657
1672
1689
1710
1720
1717
1728
1740
1753
1772
1784
1791
1784
1797
1822
1830
1848
1847
1838
1824
1828
1835
1840
1853
1844
1852
1880
1876
1888
1905
1904
1895
1891
1905
1910
1904
1909
1897
1904
1896
1910
1923
1921
1920
1910
1911
1910
1912
1901
1916
1927
1949
1976
1982
1991
1999
1992
2019
2031
2035
2022
2009
2035
2025
2033
2023
2023
2016
2032
2035
2044
2043
2041
2028
2033
2037
2047
2049
2056
2067
2060
2051
2060
2064
2057
2074
2087
2088
2101
2108
2110
2108
2108
2111
2140
2142
2153
2168
2188
2201
2208
2240
2240
2252
2262
2286
2296
2319
2333
2347
2376
2390
2392
2384
2408
2432
2435
2440
2429
2427
2415
2416
2410
2422
2418
2438
2439
2413
2408
2390
2373
2368
2371
2381
2373
2354
2348
2335
2307
2294
2281
2270
2261
2270
2266
2246
2237
2224
2217
2213
2203
2192
2187
2182
2183
2188
2200
2193
2211
2189
2179
2171
2167
2160
2158
2179
2169
2158
2162
2123
2131
2150
2155
2166
2155
2143
2137
2146
2152
2154
2161
2172
2189
2202
2204
2196
2188
2187
2204
2202
2200
2207
2196
2200
2201
2215
2238
2243
2256
2263
2248
2235
2243
2260
2270
2284
2293
2292
2302
2307
2313
2336
2363
2363
2355
2357
2381
2369
2371
2380
2386
2396
2401
2416
2424
2435
2448
2451
2470
2495
2495
2496
2515
2531
2534
2545
2572
2556
2565
2568
2590
2606
2621
2632
2638
2607
2600
2602
2591
2601
2621
2629
2654
2663
2656
2646
2648
2656
2659
2662
2676
2684
2664
2675
2672
2674
2679
2707
2720
2724
2715
2728
2718
2716
2717
2713
2724
2734
2734
2720
2712
2704
2705
2713
2721
2727
2758
2736
2736
2724
2721
2722
2747
2747
2766
2760
2755
2753
2759
2776
2787
2808
2813
2800
2798
2799
2781
2772
2762
2766
2762
2780
2771
2776
2785
2792
2762
2758
2742
2723
2710
2724
2726
2726
2731
2727
2713
2677
2655
2652
2627
2624
2624
2621
2604
2600
2576
2554
2532
2487
2489
2476
2462
2471
2465
2464
2447
2432
2416
2415
2406
2412
2421
2410
2393
2382
2383
2377
2356
2357
2357
2361
2365
2369
2359
2356
2330
2308
2299
2289
2292
2285
2280
2247
2221
2209
2203
2191
2175
2167
2147
2128
2118
2094
2064
2054
2035
2014
2004
1987
1973
1939
1922
1874
1865
1858
1854
1839
1818
1807
1785
1752
1750
1772
1776
1743
1718
1721
1726
1707
1712
1703
1697
1683
1663
1654
1665
1664
1670
1671
1683
1691
1674
1657
1639
1620
1615
1609
1628
1648
1646
1628
1605
1585
1564
1549
1563
1563
1565
1578
1562
1552
1524
1508
1496
1492
1486
1485
1482
1498
1492
1488
1488
1470
1456
1469
1482
1487
1491
1488
1484
1464
1454
1466
1491
1498
1511
1528
1552
1536
1531
1500
1504
1500
1519
1531
1541
1538
1543
1536
1516
1511
1516
1522
1537
1544
1536
1537
1539
1534
1539
1553
1559
1567
1579
1584
1569
1589
1609
1620
1641
1647
1661
1673
1684
1703
1721
1723
1734
1747
1767
1765
1763
1764
1777
1784
1779
1803
1825
1829
1843
1841
1848
1864
1880
1882
1899
1909
1944
1962
1958
1949
1972
1982
1992
1993
2014
2035
2036
2060
2056
2079
2000
2028
2052
2070
2093
2109
2125
2143
2150
2156
2167
2171
2179
2172
2193
2226
2248
2258
2255
2267
2287
2305
2303
2321
2334
2352
2382
2384
2365
2363
2371
2393
2407
2417
2432
2432
2443
2443
2443
2444
2445
2460
2467
2485
2483
2506
2523
2508
2504
2492
2504
2510
2528
2535
2551
2563
2559
2572
2560
2548
2547
2547
2575
2583
2592
2622
2619
2637
2635
2631
2620
2620
2626
2649
2657
2670
2672
2664
2667
2668
2674
2679
2681
2706
2712
2719
2711
2711
2707
2718
2725
2736
2745
2751
2763
2767
2756
2752
2756
2738
2727
2725
2753
2760
2767
2739
2728
2713
2699
2693
2602
2645
2680
2560
2623
2580
2637
2671
2691
2692
2685
2706
2723
2693
2591
2496
2500
2588
2636
2522
2449
2459
2568
2638
2524
2412
2344
2321
2458
2575
2632
2640
2641
2510
2568
2601
2610
2595
2591
2575
2568
2552
2531
2521
2504
2482
2480
2459
2434
2300
2274
2145
2067
2049
2080
2235
2304
2316
2208
2051
1923
1865
1833
1824
1821
1838
1863
1883
1851
1875
1847
1851
1831
1841
1823
1846
1859
1850
1815
1818
1977
2097
2019
2039
2033
1990
2044
2071
1963
1818
1883
1959
1993
1809
1803
1674
1714
1799
1821
1828
1822
1820
1785
1744
1713
1690
1651
1616
1615
1579
1558
1546
1538
1487
1433
1287
1190
1290
1391
1484
1528
1546
1568
1566
1558
1563
1564
1584
1603
1632
1627
1629
1617
1572
1540
1524
1542
1558
1558
1568
1554
1517
1499
1444
1420
1415
1405
1398
1406
1378
1360
1331
1300
1273
1258
1277
1268
1262
1246
1217
1189
1136
1102
1088
1084
1104
1119
1143
1114
1084
1036
999
981
962
961
970
965
956
943
928
938
924
909
915
919
920
907
880
868
841
832
841
869
893
899
892
886
859
845
846
836
823
802
783
786
765
776
772
768
764
746
726
719
709
708
703
702
691
673
658
658
646
640
635
632
654
653
647
640
648
636
643
648
656
667
699
699
702
701
702
712
693
692
694
685
662
659
661
647
652
668
659
663
667
664
671
660
639
649
635
644
645
648
656
665
680
693
679
667
676
671
657
664
663
678
693
700
686
694
702
710
724
747
771
778
792
799
811
803
827
843
840
861
866
854
879
880
886
890
903
928
948
969
991
1016
1029
1041
1073
1110
1145
1168
1191
1209
1218
1232
1244
1257
1302
1328
1337
1357
1373
1389
1400
1408
1425
1456
1479
1522
1537
1565
1570
1571
1587
1610
1646
1661
1696
1734
1754
1771
1781
1791
1829
1843
1868
1882
1891
1916
1937
1951
1958
1977
2004
2017
2042
2051
2083
2108
2131
2153
2163
2185
2211
2240
2263
2299
2322
2324
2356
2375
2407
2440
2463
2494
2521
2537
2540
2559
2582
2607
2624
2643
2659
2673
2692
2724
2722
2728
2744
2773
2800
2835
2870
2890
2921
2920
2948
2968
3004
3000
3014
3030
3044
3068
3072
3073
3096
3123
3150
3155
3167
3187
3198
3204
3212
3245
3241
3249
3275
3276
3276
3303
3312
3313
3328
3337
3363
3380
3390
3400
3425
3431
3438
3472
3502
3507
3507
3518
3533
3521
3526
3531
3558
3564
3555
3564
3571
3569
3576
3576
3588
3574
3565
3568
3566
3555
3564
3562
3559
3562
3558
3556
3557
3552
3538
3543
3552
3550
3538
3535
3529
3531
3523
3515
3499
3496
3502
3504
3508
3512
3494
3467
3458
3447
3436
3435
3420
3413
3400
3402
3380
3363
3357
3356
3344
3336
3323
3301
3283
3270
3259
3223
3224
3211
3175
3173
3158
3143
3114
3079
3068
3044
3021
3008
2985
2958
2931
2898
2869
2843
2819
2784
2779
2768
2752
2732
2708
2675
2654
2624
2617
2602
2598
2572
2567
2541
2541
2531
2507
2474
2459
2439
2432
2422
2396
2384
2379
2368
2343
2336
2315
2311
2283
2259
2255
2241
2221
2195
2185
2166
2155
2140
2126
2110
2079
2070
2070
2062
2030
2007
1994
1975
1951
1937
1923
1916
1920
1900
1897
1888
1876
1856
1854
1853
1863
1854
1831
1833
1822
1826
1817
1802
1800
1794
1790
1796
1776
1763
1756
1737
1723
1719
1720
1711
1708
1700
1698
1698
1707
1703
1674
1656
1649
1658
1657
1658
1652
1636
1656
1657
1651
1658
1644
1632
1616
1620
1618
1609
1620
1621
1625
1640
1644
1652
1659
1654
1660
1659
1650
1648
1641
1645
1655
1655
1676
1675
1676
1675
1673
1665
1659
1650
1660
1664
1672
1673
1691
1691
1692
1692
1698
1706
1726
1735
1750
1760
1767
1782
1799
1797
1800
1813
1827
1832
1853
1859
1884
1875
1883
1900
1912
1906
1921
1931
1929
1923
1933
1952
1968
1986
1992
1996
2011
2031
2039
2032
2044
2040
2046
2033
2043
2054
2081
2107
2101
2125
2126
2120
2110
2107
2115
2108
2124
2143
2160
2163
2166
2169
2172
2162
2154
2165
2174
2187
2186
2187
2187
2195
2213
2220
2228
2240
2237
2247
2243
2235
2248
2263
2252
2275
2272
2276
2278
2259
2259
2261
2259
2261
2276
2293
2289
2277
2288
2284
2294
2286
2284
2279
2294
2295
2301
2298
2293
2315
2315
2312
2316
2294
2292
2280
2273
2282
2275
2291
2307
2313
2316
2306
2291
2280
2264
2270
2259
2258
2270
2259
2276
2260
2248
2233
2226
2238
2238
2238
2231
2253
2234
2216
2198
2190
2201
2189
2199
2184
2168
2151
2138
2129
2127
2107
2037
2074
2096
2093
2083
2069
2078
2063
2035
2020
2009
2011
2005
1985
1989
1984
1961
1943
1939
1948
1944
1919
1917
1916
1908
1900
1907
1899
1876
1884
1884
1867
1890
1903
1914
1897
1898
1896
1895
1895
1892
1897
1913
1910
1920
1926
1926
1928
1927
1922
1921
1914
1793
1820
1766
1832
1861
1880
1886
1880
1889
1880
1888
1865
1852
1717
1624
1603
1726
1735
1664
1756
1803
1705
1677
1745
1801
1822
1823
1833
1822
1830
1830
1850
1848
1836
1823
1825
1821
1829
1817
1811
1807
1806
1825
1817
1803
1785
1763
1762
1750
1749
1743
1752
1764
1767
1752
1759
1755
1753
1754
1761
1743
1767
1764
1761
1767
1748
1748
1746
1729
1744
1731
1734
1731
1738
1755
1746
1759
1762
1752
1748
1750
1768
1753
1752
1768
1765
1767
1769
1771
1747
1744
1753
1761
1776
1776
1763
1756
1752
1747
1735
1744
1739
1743
1743
1736
1736
1728
1721
1716
1723
1731
1731
1715
1713
1714
1734
1732
1735
1741
1745
1732
1735
1727
1712
1709
1715
1708
1706
1705
1706
1726
1734
1725
1725
1721
1737
1725
1707
1724
1727
1728
1732
1720
1707
1711
1708
1703
1706
1699
1713
1712
1714
1712
1691
1685
1695
1705
1697
1703
1704
1714
1711
1720
1707
1710
1716
1717
1724
1759
1748
1752
1747
1756
1765
1767
1782
1791
1795
1785
1795
1687
1744
1787
1810
1816
1832
1840
1830
1842
1845
1825
1830
1827
1840
1849
1846
1862
1852
1860
1867
1867
1854
1864
1863
1871
1871
1873
1883
1887
1896
1890
1904
1902
1911
1929
1928
1932
1935
1928
1917
1931
1936
1952
1967
1972
1968
1974
1983
1982
1984
1978
1994
1995
1991
1992
1991
1985
1980
2010
2019
2038
2035
2030
2033
2030
1997
2007
1996
1997
1999
2003
2014
2036
2027
2034
2054
2044
2050
2055
2070
2055
2045
2037
2044
2060
2087
2095
2093
2092
2091
2073
2071
2070
2076
2091
2096
2131
2159
2154
2151
2135
2106
2096
2095
2109
2130
2142
2159
2158
2139
2130
2118
2121
2123
2175
2191
2207
2194
2185
2170
2165
2168
2177
2211
2212
2224
2211
2203
2188
2188
2204
2217
2230
2235
2236
2218
2206
2198
2198
2188
2204
2195
2190
2196
2206
2196
2197
2187
2185
2200
2221
2212
2217
2200
2206
2207
2206
2201
2204
2188
2204
2199
2191
2203
2193
2208
2201
2197
2177
2194
2182
2187
2176
2177
2172
2164
2179
2151
2132
2130
2135
2126
2110
2112
2130
2138
2143
2126
2127
2127
2112
2109
2105
2112
2104
2108
2108
2105
2084
2075
2073
2075
2071
2055
2063
2068
2054
2035
2019
2028
2017
2031
2030
2012
2018
2016
2012
1999
1999
2004
2012
2002
1993
1986
1960
1960
1954
1943
1934
1912
1894
1907
1910
1911
1888
1873
1893
1881
1892
1889
1875
1873
1863
1854
1833
1835
1819
1809
1814
1810
1814
1821
1816
1800
1790
1783
1796
1789
1786
1789
1783
1773
1780
1772
1750
1744
1738
1752
1759
1745
1745
1745
1740
1746
1747
1746
1754
1756
1743
1738
1736
1717
1716
1711
1702
1720
1722
1730
1708
1723
1711
1715
1714
1733
1737
1747
1731
1731
1728
1742
1735
1735
1737
1750
1754
1748
1768
1770
1756
1774
1771
1780
1765
1770
1772
1767
1777
1783
1781
1777
1776
1752
1760
1758
1753
1760
1771
1764
1772
1775
1769
1772
1767
1778
1789
1776
1773
1771
1796
1808
1797
1805
1797
1788
1792
1804
1799
1813
1827
1826
1824
1823
1819
1831
1836
1851
1859
1872
1890
1878
1871
1876
1876
1879
1852
1882
1885
1893
1886
1875
1884
1893
1905
1923
1939
1939
1934
1934
1955
1959
1966
1999
1998
2022
2033
2052
2042
2031
2045
2052
2055
2069
2064
2071
2074
2078
2081
2093
2097
2113
2111
2136
2140
2137
2138
2144
2160
2165
2179
2190
2210
2207
2224
2220
2234
2234
2258
2261
2264
2266
2253
2247
2245
2237
2252
2257
2261
2284
2285
2293
2281
2278
2293
2287
2289
2309
2312
2319
2320
2315
2318
2304
2314
2312
2328
2330
2344
2343
2338
2320
2312
2315
2327
2331
2351
2348
2371
2393
2372
2383
2394
2385
2383
2399
2411
2411
2423
2431
2433
2435
2435
2424
2434
2446
2464
2468
2468
2481
2468
2463
2458
2472
2479
2476
2482
2486
2483
2494
2479
2494
2499
2499
2494
2499
2501
2488
2483
2481
2482
2481
2496
2480
2489
2510
2493
2488
2490
2485
2479
2492
2473
2455
2464
2467
2468
2466
2463
2459
2440
2441
2434
2427
2411
2416
2425
2423
2425
2383
2384
2366
2362
2352
2359
2363
2362
2367
2349
2329
2319
2323
2321
2310
2311
2315
2316
2303
2287
2291
2286
2283
2276
2264
2256
2254
2255
2246
2238
2239
2236
2229
2224
2209
2216
2216
2195
2185
2180
2181
2173
2159
2149
2150
2160
2156
2150
2147
2139
2134
2123
2113
2099
2081
2072
2067
2064
2060
2048
2036
2019
2011
2020
2031
2016
2011
1989
1976
1981
1955
1944
1945
1952
1947
1946
1941
1932
1931
1933
1927
1917
1894
1895
1893
1876
1860
1846
1831
1824
1827
1820
1805
1799
1799
1796
1779
1775
1773
1763
1773
1772
1760
1755
1738
1728
1714
1717
1718
1720
1721
1714
1705
1688
1700
1698
1702
1706
1704
1703
1695
1691
1697
1681
1680
1683
1678
1678
1682
1675
1683
1683
1687
1684
1671
1679
1691
1696
1686
1671
1682
1682
1691
1690
1712
1699
1711
1729
1704
1702
1697
1707
1725
1723
1722
1723
1722
1737
1742
1740
1739
1759
1758
1768
1763
1763
1760
1772
1782
1771
1777
1771
1769
1764
1769
1760
1787
1787
1792
