2028
2030
2018
2020
2021
2028
2023
2018
2012
2014
2016
2025
2024
2030
2038
2041
2026
2030
2033
2035
2039
2032
2027
2039
2034
2035
2033
2019
2026
2031
2025
2030
2039
2034
2032
2035
2034
2043
2034
2037
2039
2028
2016
2010
2033
2015
2019
2028
2045
2056
2056
2054
2060
2053
2043
2044
2050
2036
2042
2049
2039
2045
2043
2028
2018
2002
2026
2018
2016
2038
2025
2033
2018
1996
2001
2010
2012
2023
2012
2003
2005
2011
2022
2023
2030
2024
2022
2015
2020
2016
2017
2003
2022
2015
2022
2021
2027
2024
2021
2028
2022
2019
2028
2010
2003
2022
2004
2002
1997
2025
2032
2026
2016
2015
2023
2022
2020
2009
2016
2020
2019
2028
2035
2014
2024
2014
2018
2016
2012
2027
2032
2020
2009
2011
2022
2038
1935
1985
2007
2023
2021
2015
2009
2016
2017
2018
2028
2030
2014
2019
2014
2024
2025
2036
2032
2030
2026
2010
2021
2008
1995
2005
2008
2008
2009
2001
2025
2028
2025
2034
2040
2022
2023
2032
2012
1990
2004
2016
2023
2024
2015
2030
2038
2035
2035
2024
2019
2019
2017
2025
2022
2022
2015
2023
2022
2027
2038
2018
2027
2038
2021
2007
2006
2016
2013
2028
2034
1904
1863
1924
1988
2036
2049
2062
2042
2037
2035
1990
1847
1771
1750
1847
1892
1840
1948
2035
2093
2112
2110
2112
2128
2133
2124
2113
2112
2118
2110
2105
2121
2121
2121
2116
2121
2119
2095
2086
2084
2097
2093
2100
2107
2027
1983
2046
2071
2077
2079
2081
2085
2086
2080
2072
2068
2080
2089
2095
2079
2065
2051
2043
2050
2043
2058
2034
2027
2029
2030
2040
2038
2025
2037
2027
2029
2029
2025
2019
2013
2018
2024
2015
2019
2011
1995
1990
2005
1997
1991
1997
1984
1993
1984
1988
1988
2003
1993
1975
1976
1972
1970
1974
1976
1975
1984
1988
2002
1994
2000
2011
1999
1998
1982
1989
1977
1982
1999
1997
1999
2005
1999
1990
1995
1993
1987
1991
2008
2003
2002
1999
1991
1984
1970
1976
1985
1996
2006
2019
2020
2020
2010
2003
2004
2005
1979
1980
2002
1992
1998
1995
1974
1991
1986
1996
2004
1999
1996
1991
1971
1964
1962
1963
1964
1973
1974
1997
1993
1964
1968
1955
1948
1959
1979
1997
1989
1989
1977
1983
1974
1984
1983
1983
1984
1992
1992
1987
1965
1970
1981
1973
1975
1974
1987
1981
1976
1975
1984
1985
1995
2008
2017
2011
2010
2001
1995
1983
1984
2003
2016
2011
2011
2016
2024
2017
2013
2018
2027
2023
2012
2001
1987
1987
2006
2028
2028
2031
2032
2037
2036
2016
2022
2019
2028
2028
2030
2036
2027
2021
2037
2041
2040
2053
2053
2037
2046
2037
2041
2046
2016
2037
2039
2038
2045
2052
2022
2012
2001
2011
2018
2011
2015
2013
2012
2012
2012
2016
2010
2007
1993
1984
1992
2007
2019
2022
2023
2011
2002
1984
1984
1984
1977
1991
2002
1995
1991
1981
2002
1998
2006
1994
1987
1980
1987
1995
1990
1999
1999
1999
1995
1993
2004
1994
2024
2035
2045
2050
2035
2023
2024
2031
2026
2016
2004
2009
2007
1991
2012
2024
2016
2011
2009
2015
2008
2025
2025
2019
2033
2039
2040
2040
2043
2049
2049
2050
2047
2042
2035
2035
2025
2019
2058
2068
2053
2049
2052
2047
2061
2063
2048
2033
2024
2023
2028
2024
2036
2036
2035
2028
2032
2045
2050
2052
2054
2046
2046
2047
2029
2044
2048
2039
2037
2031
2039
2026
2040
2017
2032
2039
2038
2034
2036
2040
2033
2033
2036
2046
2047
2035
2034
2022
2032
2023
2022
2016
2017
2030
2036
2021
2007
2021
2015
2035
2032
2039
2034
2046
2043
2024
2027
2033
2033
2041
2056
2038
2027
2031
2020
2019
2025
2025
2023
2033
2029
2036
2025
2024
2021
2047
2035
2026
2012
2012
2006
2011
2007
2008
2006
2003
1998
2007
2024
2021
2021
2016
2032
2030
2035
2027
2022
2007
2010
2012
1998
1995
1988
1984
1979
1980
1973
1984
1987
2001
1998
1998
2001
1988
1984
1980
1979
1966
1964
1955
1969
1966
1974
1978
1964
1967
1974
1969
1972
1976
1980
1997
2007
1996
1979
1983
1983
1977
1982
1970
1981
1972
1966
1963
1986
1999
2010
2003
2015
2003
1998
1998
1984
2004
2012
2016
2005
1996
1996
1995
1989
1991
1995
2024
2033
2018
2005
2009
2006
1999
2000
2025
2035
2038
2024
2012
1998
1997
1986
1984
1961
1981
1991
1995
2003
2000
1999
2016
1997
2002
1989
1998
2002
1999
1984
1989
1989
1997
1996
1985
1977
1979
2002
1998
2000
1998
2017
2031
2022
2008
2018
2004
2008
2007
2003
2000
1988
1993
1997
1995
2007
1999
2000
2012
1999
2008
2018
2028
2028
2022
2012
2016
2028
2024
2018
2021
2011
2006
2016
2009
2030
2020
2028
2043
2023
2032
2014
1999
1998
2004
2010
2014
2012
2024
2024
2016
2006
1992
1991
1991
1999
1992
1999
2004
1998
1991
1987
1993
1999
2002
1976
1979
1988
1987
1976
1974
1977
1986
1966
1955
1948
1948
1959
1971
1968
1985
1964
1972
1973
1963
1965
1958
1960
1964
1951
1951
1944
1950
1952
1958
1964
1971
1968
1986
1975
1972
1990
1985
1980
1974
1989
2009
2006
2023
2006
2003
2007
2003
2000
1991
1991
2003
2004
1998
1996
2003
2008
2026
2035
2039
2028
2029
2028
2042
2049
2052
2048
2045
2058
2055
2058
2030
2041
2040
2048
2051
2054
2054
2069
2074
2072
2053
2060
2059
2052
2044
2048
2047
2042
2041
2051
2053
2036
2047
2038
2037
2047
2036
2032
2035
2036
2028
2030
2033
2028
2028
2022
2001
2004
2008
2020
2010
2033
2024
2018
2015
1994
1999
2017
2019
2017
2014
2018
2019
2010
2012
2023
2021
2008
2019
2006
1998
1999
1990
1994
2001
2003
2006
2009
2016
2019
2012
2008
1993
1991
1988
1993
1996
2019
2005
2022
2009
2009
2009
1999
2003
2005
2011
2028
2025
2027
2023
2032
2023
2023
2029
2031
2022
2039
2032
2029
2029
2025
2031
2045
2035
2051
2035
2035
2003
1969
1975
1997
2057
2133
2176
2140
2020
1843
1695
1584
1629
1804
2063
2278
2409
2382
2252
2073
1968
2018
2201
2466
2717
2824
2797
2639
2466
2358
2404
2592
2830
3036
3128
3087
2923
2784
2710
2787
2951
3124
3228
3232
3131
2974
2818
2786
2858
3022
3210
3315
3279
3086
2848
2624
2515
2551
2678
2797
2878
2864
2786
2685
2620
2617
2690
2808
2913
2939
2883
2779
2664
2612
2647
2755
2892
2987
3023
2955
2879
2798
2786
2844
2915
2993
3003
2916
2813
2686
2613
2611
2669
2736
2783
2766
2690
2553
2386
2241
2174
2153
2200
2224
2210
2144
2032
1877
1765
1694
1683
1708
1727
1726
1696
1624
1558
1500
1487
1496
1513
1538
1538
1521
1499
1475
1483
1519
1560
1615
1640
1652
1648
1644
1631
1631
1613
1612
1516
1524
1527
1508
1501
1491
1480
1467
1452
1448
1451
1459
1483
1487
1495
1502
1483
1471
1471
1463
1464
1480
1470
1472
1452
1442
1417
1415
1415
1433
1436
1457
1448
1448
1431
1445
1458
1463
1486
1520
1514
1533
1539
1510
1493
1455
1407
1404
1383
1362
1358
1327
1267
1255
1104
1136
1164
1191
1221
1240
1262
1265
1255
1136
983
934
952
1089
1028
1091
1207
1236
1232
1235
1248
1261
1275
1290
1281
1268
1227
1204
1172
1180
1198
1230
1261
1291
1269
1248
1204
1202
1196
1091
1170
1217
1231
1235
1212
1185
1185
1185
1186
1187
1205
1183
1162
1124
1103
1097
1097
1099
1115
1116
1097
1076
1052
1050
1061
1099
1146
1198
1228
1249
1280
1297
1326
1375
1424
1460
1499
1520
1520
1509
1491
1484
1458
1448
1465
1474
1463
1472
1463
1472
1484
1499
1526
1548
1570
1580
1584
1608
1635
1666
1715
1759
1804
1819
1866
1900
1945
1974
2011
2059
2078
2102
2136
2164
2200
2221
2263
2272
2279
2272
2267
2261
2286
2293
2331
2344
2350
2347
2343
2313
2308
2320
2342
2390
2433
2463
2478
2492
2494
2489
2500
2534
2551
2585
2588
2588
2561
2545
2535
2565
2569
2595
2619
2627
2632
2641
2632
2620
2643
2678
2688
2705
2703
2692
2682
2673
2677
2697
2716
2741
2750
2769
2777
2771
2773
2765
2780
2769
2776
2790
2783
2792
2767
2761
2754
2734
2730
2724
2712
2708
2703
2695
2663
2662
2665
2675
2675
2691
2703
2704
2686
2691
2673
2657
2646
2637
2619
2590
2574
2547
2526
2508
2489
2480
2459
2446
2427
2409
2390
2368
2355
2340
2318
2299
2259
2261
2243
2215
2199
2187
2171
2174
2151
2140
2138
2157
2166
2177
2183
2183
2187
2195
2182
2188
2222
2207
2206
2203
2200
2212
2219
2217
2232
2247
2266
2264
2254
2245
2241
2231
2223
2219
2206
2209
2186
2174
2152
2123
2108
2085
2058
2046
2023
2015
2006
1984
1959
1951
1936
1921
1920
1898
1888
1864
1852
1823
1815
1777
1752
1746
1728
1719
1727
1721
1715
1742
1724
1715
1700
1695
1708
1706
1726
1736
1753
1763
1767
1772
1777
1783
1811
1825
1841
1858
1869
1874
1872
1864
1874
1869
1859
1859
1871
1880
1903
1910
1918
1940
1943
1955
1961
1956
1960
1959
1953
1959
1961
1952
1941
1949
1971
1966
1959
1970
1986
2008
2016
2032
2051
2051
2052
2053
2076
2098
2108
2115
2110
2101
2103
2119
2124
2128
2145
2164
2166
2178
2185
2203
2216
2221
2244
2245
2272
2268
2273
2284
2276
2263
2251
2279
2272
2285
2283
2292
2289
2276
2248
2240
2232
2228
2223
2210
2206
2197
2188
2173
2162
2160
2139
2139
2147
2153
2142
2112
2120
2119
2113
2110
2104
2088
2099
2076
2076
2055
2037
2026
2015
2016
2004
1987
1964
1947
1953
1943
1934
1921
1909
1888
1888
1875
1865
1851
1854
1857
1857
1838
1843
1834
1817
1821
1800
1788
1768
1752
1725
1700
1694
1684
1667
1648
1642
1639
1638
1618
1624
1634
1637
1652
1640
1639
1636
1635
1637
1644
1650
1635
1627
1625
1636
1631
1624
1614
1592
1588
1582
1580
1596
1610
1620
1640
1646
1649
1667
1665
1664
1668
1677
1697
1695
1728
1757
1762
1772
1774
1799
1808
1801
1820
1833
1836
1864
1875
1873
1869
1871
1892
1899
1898
1910
1912
1941
1947
1945
1942
1918
1915
1907
1904
1912
1900
1914
1896
1904
1904
1880
1859
1853
1854
1871
1864
1847
1823
1816
1804
1805
1799
1796
1814
1820
1835
1821
1820
1818
1822
1827
1822
1836
1857
1875
1882
1888
1874
1886
1875
1883
1887
1878
1903
1916
1931
1921
1924
1937
1953
1960
1959
1967
1980
1971
1968
1981
1963
1979
1980
1991
1985
1986
2009
2019
2033
2039
2050
2051
2044
2058
2067
2074
2077
2094
2106
2120
2124
2153
2154
2164
2161
2152
2166
2186
2203
2217
2232
2246
2255
2255
2264
2273
2298
2321
2335
2344
2365
2380
2385
2375
2396
2403
2409
2415
2439
2439
2448
2441
2451
2455
2478
2481
2469
2463
2465
2461
2467
2475
2479
2484
2494
2496
2486
2477
2491
2496
2515
2537
2520
2516
2532
2545
2572
2576
2592
2598
2601
2595
2592
2579
2584
2582
2599
2626
2627
2629
2632
2610
2613
2613
2591
2601
2595
2595
2577
2589
2581
2583
2579
2570
2563
2540
2542
2539
2550
2568
2555
2550
2541
2537
2541
2530
2549
2532
2546
2544
2558
2557
2580
2587
2590
2605
2632
2644
2630
2656
2650
2652
2654
2667
2682
2685
2704
2698
2687
2684
2688
2724
2729
2721
2727
2714
2691
2705
2694
2688
2690
2671
2673
2654
2656
2657
2635
2611
2619
2620
2616
2607
2604
2580
2566
2553
2558
2563
2552
2554
2557
2550
2536
2520
2515
2524
2507
2510
2513
2486
2480
2484
2476
2471
2476
2485
2463
2438
2437
2423
2407
2398
2405
2418
2403
2391
2378
2374
2368
2367
2347
2342
2335
2328
2303
2303
2303
2288
2273
2269
2269
2261
2262
2231
2220
2211
2199
2184
2191
2174
2179
2174
2156
2169
2174
2150
2156
2151
2152
2147
2119
2117
2107
2098
2092
2082
2063
2053
2058
2038
2044
2052
2040
2029
2009
1994
2000
1995
1979
1966
1956
1963
1979
1999
2006
1999
1959
1899
1862
1832
1825
1874
1918
1955
1946
1934
1902
1888
1897
1915
1929
1963
1993
1999
1990
1967
1937
1915
1931
1944
1971
1985
1990
1977
1956
1939
1939
1940
1957
1954
1947
1929
1897
1863
1865
1849
1862
1870
1871
1863
1841
1798
1783
1757
1769
1792
1806
1818
1816
1797
1780
1760
1772
1792
1831
1859
1891
1884
1883
1878
1873
1879
1888
1914
1929
1943
1932
1921
1912
1899
1899
1903
1910
1927
1921
1909
1863
1851
1842
1837
1837
1840
1835
1824
1792
1751
1734
1712
1691
1679
1699
1699
1681
1655
1643
1615
1595
1591
1578
1580
1593
1582
1557
1500
1516
1515
1433
1452
1465
1465
1455
1447
1420
1332
1372
1381
1393
1390
1354
1190
1193
1101
1162
1227
1248
1229
1211
1200
1171
1162
1156
1128
1120
1100
1080
1068
1064
1054
1051
1053
1051
1035
1030
1018
1023
1043
1041
1033
1034
1009
996
999
985
992
981
972
991
964
879
852
943
981
1023
1036
1039
1057
1055
1041
1036
1029
1025
1024
1041
1044
1039
1048
1059
1058
1036
1027
1027
1029
1040
1070
1075
1086
1112
1108
1125
1126
1124
1145
1169
1191
1216
1228
1248
1231
1233
1231
1233
1249
1264
1275
1255
1264
1265
1271
1271
1271
1281
1284
1140
1238
1291
1314
1321
1331
1334
1324
1334
1346
1243
1148
1115
1239
1259
1160
1243
1314
1342
1368
1357
1346
1355
1351
1330
1332
1321
1345
1343
1356
1355
1363
1371
1382
1403
1425
1440
1446
1439
1462
1466
1454
1479
1494
1388
1424
1499
1525
1538
1557
1566
1570
1568
1562
1577
1582
1585
1603
1605
1624
1646
1660
1658
1672
1696
1705
1728
1733
1751
1777
1797
1815
1825
1840
1857
1876
1888
1906
1925
1942
1963
1977
1999
2013
2008
2023
2016
2038
2029
2042
2064
2058
2068
2065
2068
2074
2093
2079
2104
2118
2130
2152
2182
2184
2191
2212
2240
2263
2265
2278
2288
2290
2296
2287
2304
2328
2341
2341
2349
2351
2365
2383
2375
2392
2388
2398
2392
2393
2386
2412
2413
2428
2443
2440
2420
2420
2430
2447
2428
2449
2454
2463
2460
2465
2476
2475
2475
2476
2480
2505
2507
2505
2518
2504
2496
2509
2525
2517
2520
2525
2531
2531
2538
2550
2571
2573
2569
2566
2564
2575
2576
2585
2585
2592
2599
2615
2615
2606
2602
2607
2615
2614
2624
2634
2624
2626
2619
2623
2624
2624
2624
2612
2609
2596
2598
2611
2611
2637
2634
2626
2627
2614
2613
2616
2602
2612
2606
2597
2603
2606
2596
2589
2594
2589
2593
2568
2574
2560
2563
2563
2567
2559
2551
2535
2529
2508
2513
2513
2495
2502
2504
2460
2454
2438
2413
2417
2414
2419
2397
2377
2344
2319
2321
2298
2304
2302
2293
2284
2247
2220
2210
2175
2164
2161
2164
2160
2151
2140
2115
2120
2105
2102
2095
2105
2104
2094
2097
2075
2073
2073
2059
2063
2061
2064
2070
2075
2077
2062
2047
2049
2035
2033
2052
2036
2040
2027
2029
2016
2005
2009
2020
2006
2009
2008
1987
2011
1992
1976
1976
1976
1972
1969
1965
1975
1982
1952
1967
1969
1989
1981
1976
1973
1959
1973
1977
1980
1991
1996
2001
2015
2024
2023
2032
2032
2016
2015
2019
2032
2026
2045
2057
2067
2062
2057
2071
2057
2074
2086
2102
2131
2133
2138
2135
2146
2147
2150
2135
2145
2153
2159
2160
2162
2173
2184
2185
2185
2196
2187
2194
2183
2182
2189
2193
2215
2220
2235
2238
2241
2242
2256
2256
2259
2288
2300
2295
2304
2304
2292
2304
2308
2306
2326
2344
2351
2347
2346
2351
2385
2376
2374
2396
2406
2385
2385
2381
2395
2400
2399
2410
2403
2388
2402
2404
2387
2396
2398
2395
2400
2407
2404
2393
2382
2384
2399
2387
2384
2376
2384
2380
2382
2383
2380
2381
2375
2382
2391
2404
2405
2396
2385
2390
2394
2392
2397
2389
2396
2394
2391
2368
2379
2368
2361
2369
2374
2373
2363
2350
2352
2340
2366
2362
2362
2363
2356
2363
2352
2343
2353
2355
2347
2372
2375
2379
2369
2371
2349
2327
2335
2331
2343
2339
2331
2327
2311
2301
2297
2299
2297
2305
2295
2285
2284
2265
2279
2252
2259
2272
2272
2247
2243
2239
2247
2207
2211
2201
2198
2206
2195
2189
2179
2148
2152
2140
2136
2129
2135
2140
2138
2119
2088
2072
2067
2074
2072
2072
2079
2061
2055
2042
2038
2046
2040
2035
2035
2026
2030
2014
1999
1996
1982
1984
1974
1971
1959
1954
1940
1928
1922
1928
1914
1915
1901
1885
1875
1860
1856
1845
1848
1840
1831
1839
1823
1828
1810
1807
1804
1809
1806
1813
1819
1808
1809
1807
1797
1800
1791
1763
1770
1761
1764
1775
1779
1768
1776
1757
1756
1760
1751
1764
1760
1762
1737
1726
1734
1740
1750
1750
1748
1734
1734
1720
1701
1704
1704
1704
1709
1727
1723
1719
1696
1697
1692
1684
1702
1709
1715
1718
1717
1697
1699
1694
1712
1719
1721
1736
1728
1739
1719
1724
1735
1738
1731
1739
1720
1718
1700
1697
1709
1700
1712
1715
1720
1696
1696
1690
1670
1686
1673
1671
1674
1688
1682
1688
1697
1691
1694
1682
1693
1692
1672
1689
1696
1707
1712
1732
1731
1726
1739
1725
1717
1724
1751
1759
1761
1756
1775
1776
1780
1768
1762
1769
1776
1807
1816
1809
1814
1804
1809
1805
1811
1824
1840
1836
1848
1846
1845
1846
1863
1886
1870
1868
1892
1899
1886
1892
1903
1913
1909
1929
1949
1969
1960
1977
1993
2013
2035
2051
2044
2056
2040
2067
2063
2080
2104
2114
2119
2128
2120
2125
2124
2124
2124
2131
2162
2163
2178
2166
2166
2162
2155
2166
2163
2169
2177
2178
2169
2167
2152
2175
2163
2173
2177
2196
2196
2179
2165
2172
2176
2185
2179
2193
2188
2188
2195
2177
2172
2163
2174
2182
2184
2178
2183
2188
2182
2182
2173
2189
2188
2192
2176
2176
2175
2180
2168
2177
2178
2175
2180
2165
2164
2163
2175
2170
2168
2175
2168
2147
2137
2120
2107
2119
2114
2113
2111
2110
2118
2108
2110
2123
2124
2123
2124
2112
2115
2109
2117
2132
2112
2114
2116
2108
2094
2104
2124
2110
2099
2111
2095
2099
2099
2105
2095
2069
2067
2068
2085
2079
2071
2067
2035
2039
2055
2055
2053
2057
2051
2063
2060
2040
2032
2032
2028
2027
2030
2035
2037
2032
2018
2004
2023
2013
2016
2025
2032
2043
2044
2040
2048
2041
2032
2022
2038
2035
2053
2041
2044
2033
2037
2033
2022
2013
2027
2017
2030
2042
2048
2055
2048
2038
2060
2056
2058
2067
2078
2063
2038
2050
2058
2092
2081
2086
2087
2083
2062
2053
2043
2051
2064
2086
2084
2067
2058
2043
2047
2047
2057
2062
2086
2074
2051
2039
2033
2040
2039
2049
2048
2033
2032
2021
2029
2016
2007
2012
2021
2033
2028
2011
2011
2006
1991
2004
2024
2027
2048
2037
2027
1999
1996
1987
1941
1924
1955
1960
1923
1950
1976
1877
1900
1925
1948
1950
1959
1789
1802
1813
1867
1894
1918
1907
1900
1912
1926
1920
1893
1880
1860
1856
1853
1844
1848
1834
1833
1822
1826
1824
1808
1792
1782
1776
1774
1772
1758
1760
1772
1760
1750
1744
1740
1738
1734
1726
1724
1736
1723
1718
1701
1705
1692
1686
1695
1693
1690
1689
1684
1672
1673
1670
1677
1660
1660
1650
1647
1646
1639
1646
1657
1653
1659
1653
1640
1644
1635
1654
1641
1634
1632
1631
1636
1636
1632
1636
1635
1644
1650
1633
1641
1636
1651
1652
1660
1666
1663
1665
1662
1659
1666
1646
1642
1643
1660
1670
1681
1691
1682
1675
1677
1679
1684
1683
1697
1699
1702
1690
1704
1716
1702
1701
1705
1709
1713
1718
1727
1733
1740
1761
1779
1766
1771
1772
1771
1774
1780
1799
1803
1804
1826
1843
1824
1853
1864
1863
1872
1882
1875
1877
1892
1895
1940
1950
1956
1962
1960
1969
1959
1965
1984
1993
2010
2018
2025
2043
2061
2057
2054
2049
2076
2072
2076
2101
2101
2103
2096
2122
2117
2136
2144
2153
2151
2159
2178
2173
2195
2212
2224
2216
2226
2242
2240
2228
2222
2217
2224
2232
2236
2257
2271
2271
2283
2283
2281
2277
2300
2303
2307
2320
2323
2311
2320
2313
2321
2327
2334
2334
2339
2334
2342
2336
2277
2254
2311
2358
2363
2360
2365
2368
2355
2363
2288
2182
2140
2219
2201
2232
2324
2386
2400
2411
2416
2430
2429
2404
2425
2404
2404
2395
2389
2392
2407
2396
2391
2386
2384
2379
2387
2382
2376
2392
2402
2392
2375
2365
2364
2372
2382
2392
2374
2375
2358
2350
2347
2352
2353
2362
2363
2361
2364
2354
2363
2369
2369
2361
2365
2362
2373
2375
2379
2370
2364
2364
2375
2367
2358
2349
2361
2364
2351
2360
2355
2357
2348
2336
2354
2350
2353
2342
2342
2327
2318
2325
2318
2325
2324
2337
2326
2319
2311
2300
2275
2262
2267
2271
2263
2256
2240
2233
2225
2209
2202
2179
2004
2086
2138
2162
2170
2168
2160
2143
2133
2106
2115
2121
2104
2109
2108
2086
2086
2067
2060
2054
2035
2033
2022
2014
2003
1988
1976
1969
1964
1954
1959
1943
1952
1944
1925
1910
1897
1902
1892
1891
1886
1875
1874
1864
1855
1844
1821
1815
1823
1827
1806
1819
1799
1814
1808
1800
1788
1791
1795
1790
1773
1795
1789
1792
1771
1787
1758
1754
1760
1744
1743
1751
1765
1764
1751
1754
1730
1735
1737
1734
1735
1734
1741
1747
1742
1748
1745
1755
1740
1758
1753
1750
1767
1766
1759
1758
1752
1753
1750
1737
1746
1750
1755
1755
1764
1755
1752
1747
1745
1758
1759
1763
1759
1752
1743
1733
1734
1735
1752
1760
1775
1780
1765
1751
1753
1752
1748
1754
1757
1745
1761
1749
1740
1760
1778
1772
1764
1770
1769
1771
1765
1780
1792
1808
1812
1823
1812
1820
1816
1824
1827
1826
1836
1835
1833
1838
1831
1840
1836
1844
1849
1864
1879
1881
1886
1880
1862
1868
1867
1886
1890
1903
1915
1924
1920
1911
1916
1913
1916
1937
1948
1959
1971
1959
1958
1947
1936
1927
1937
1955
1965
1972
1978
1985
1991
1991
2008
2005
2006
2014
2023
2009
2003
2016
2021
2015
2020
2021
2033
2025
2020
2019
2013
2018
2028
2019
2028
2023
2023
2027
2032
2038
2028
2048
2060
2051
2043
2048
2056
2037
2029
2023
2032
2048
2046
2047
2055
2047
2047
2047
2046
2069
2069
2068
2069
2071
2065
2046
2061
2072
2073
2061
2075
2073
2065
2075
2061
2057
2059
2069
2068
2071
2077
2080
2086
2098
2092
2087
2075
2078
2063
2075
2057
2064
2051
2056
2071
2070
2083
2064
2081
2097
2090
2070
2071
2069
2073
2074
2075
2070
2087
2089
2092
2100
2108
2093
2093
2084
2087
2110
2095
2097
2093
2096
2101
2106
2107
2097
2099
2102
2079
2073
2077
2069
2105
2115
2112
2112
2102
2098
2084
2089
2086
2094
2096
2103
2093
2083
2079
2067
2075
2090
2083
2088
2079
2080
2073
2065
2067
2075
2095
2109
2100
2101
2100
2106
2100
2082
2077
2087
2106
2099
2093
2087
2091
2074
2076
2079
2072
2066
2076
2099
2091
2075
2085
2089
2076
2073
2061
2067
2076
2067
2081
2087
2096
2086
2095
2083
2086
2099
2101
2097
2088
2083
2062
2055
2048
2053
2043
2038
2046
2041
2046
2056
2046
2052
2046
2035
2041
2046
2044
2061
2056
2054
2044
2046
2030
2038
2035
2038
2039
2042
2039
2056
2057
2032
2019
2012
2017
2013
2025
2032
2039
2035
2028
2032
2033
2029
2008
2017
2032
2038
2052
2043
2047
2049
2070
2060
2063
2049
2065
2076
2070
2076
2079
2062
2045
2063
2072
2080
2084
2091
2112
2099
2101
2108
2131
2140
2144
2127
2119
2124
2114
2117
2115
2118
2108
2131
2128
2140
2144
2145
2152
2144
2152
2150
2145
