1913
1912
1905
1899
1916
1919
1944
1924
1929
1933
1936
1934
1922
1927
1917
1922
1927
1915
1924
1913
1911
1903
1910
1914
1908
1908
1905
1904
1894
1897
1901
1915
1905
1916
1907
1903
1903
1895
1884
1870
1867
1868
1855
1859
1867
1873
1882
1880
1876
1798
1799
1831
1855
1870
1894
1903
1898
1904
1891
1872
1888
1880
1868
1876
1875
1884
1887
1888
1867
1862
1865
1875
1860
1875
1883
1873
1871
1889
1887
1876
1880
1878
1886
1890
1902
1908
1923
1920
1936
1925
1934
1922
1936
1928
1932
1949
1962
1962
1976
1956
1941
1945
1940
1947
1840
1879
1934
1969
1976
1980
1976
1982
1903
1778
1680
1681
1804
1858
1781
1884
1980
2038
2063
2063
2083
2081
2079
2085
2084
2072
2058
2059
2044
2048
2056
2044
2044
2049
2048
2050
2050
2055
2063
2062
2057
2065
2046
2043
2044
2041
2044
2048
2036
2045
2056
2063
2063
2060
2040
2046
2051
2071
2074
2080
2094
2086
2105
2081
2083
2097
2081
2090
2131
2167
2104
2182
2174
2070
1912
1747
1657
1663
1725
1770
1812
1777
1715
1639
1584
1622
1726
1893
2075
2224
2323
2322
2294
2268
2298
2403
2531
2676
2792
2854
2852
2820
2777
2775
2783
2825
2895
2963
3025
3062
3102
3110
3098
3091
3108
3153
3221
3256
3287
3276
3234
3196
3192
3212
3267
3303
3338
3317
3259
3184
3100
3047
3067
3121
3192
3251
3248
3176
3077
2949
2851
2811
2800
2808
2766
2724
2648
2551
2502
2463
2445
2436
2407
2348
2276
2199
2107
2023
1941
1902
1855
1825
1807
1771
1737
1700
1686
1645
1581
1504
1446
1413
1381
1369
1363
1360
1346
1331
1315
1284
1271
1263
1257
1264
1273
1259
1251
1238
1218
1219
1219
1254
1270
1294
1320
1342
1354
1372
1390
1411
1436
1473
1517
1580
1637
1722
1814
1884
1955
2023
2080
2134
2195
2240
2293
2324
2360
2431
2493
2536
2582
2609
2644
2658
2667
2684
2695
2695
2704
2694
2693
2681
2691
2691
2705
2684
2681
2668
2636
2622
2611
2590
2572
2547
2523
2495
2488
2492
2488
2482
2450
2424
2384
2371
2363
2377
2383
2407
2367
2327
2291
2229
2175
2126
2083
2055
2018
1987
1952
1909
1866
1824
1803
1784
1767
1735
1716
1693
1668
1632
1585
1533
1484
1428
1379
1367
1359
1349
1340
1313
1294
1247
1222
1225
1251
1272
1273
1265
1228
1196
1166
1132
1119
1113
1127
1148
1155
1158
1165
1155
1181
1198
1238
1257
1292
1310
1342
1360
1353
1355
1368
1367
1410
1446
1484
1532
1575
1595
1594
1599
1601
1611
1608
1633
1635
1633
1628
1620
1628
1634
1627
1651
1678
1683
1692
1690
1677
1654
1624
1608
1580
1559
1541
1523
1503
1481
1460
1437
1403
1393
1376
1395
1413
1433
1457
1472
1479
1496
1497
1513
1520
1540
1542
1548
1543
1532
1510
1505
1504
1519
1523
1511
1504
1479
1480
1468
1436
1424
1401
1384
1346
1312
1258
1216
1192
1171
1158
1139
1120
1097
1076
1061
1042
1035
1028
1024
1038
1047
1070
1082
1057
1052
1076
1080
1098
1121
1164
1171
1200
1218
1222
1231
1254
1275
1286
1329
1362
1373
1388
1398
1396
1404
1415
1435
1449
1467
1472
1503
1505
1524
1542
1551
1546
1558
1568
1560
1573
1571
1584
1585
1579
1577
1596
1609
1618
1636
1665
1679
1666
1667
1654
1640
1629
1652
1657
1674
1699
1695
1696
1717
1730
1776
1806
1848
1880
1904
1931
1942
1959
1967
2005
2048
2080
2108
2139
2160
2164
2165
2174
2201
2216
2255
2273
2289
2284
2288
2275
2266
2279
2290
2309
2327
2339
2323
2303
2259
2257
2262
2280
2298
2323
2323
2309
2287
2244
2219
2200
2180
2201
2234
2262
2272
2270
2284
2308
2311
2356
2384
2414
2444
2460
2474
2479
2505
2539
2593
2628
2662
2694
2700
2680
2671
2671
2686
2701
2719
2750
2763
2758
2768
2758
2750
2771
2786
2811
2830
2825
2816
2830
2818
2824
2849
2852
2895
2907
2908
2885
2843
2801
2756
2760
2751
2770
2781
2779
2739
2735
2720
2736
2758
2800
2827
2847
2848
2834
2828
2802
2801
2825
2853
2901
2928
2948
2949
2910
2892
2871
2859
2851
2880
2884
2866
2845
2815
2782
2746
2721
2704
2679
2673
2664
2634
2592
2540
2514
2480
2468
2464
2457
2435
2433
2393
2360
2336
2294
2255
2237
2212
2187
2168
2124
2104
2116
2098
2089
2082
2048
2015
1991
1987
1967
1948
1935
1940
1950
1946
1943
1943
1921
1904
1895
1884
1876
1865
1872
1870
1860
1861
1852
1845
1851
1854
1855
1818
1802
1783
1772
1757
1735
1734
1716
1695
1695
1678
1663
1655
1638
1618
1605
1575
1560
1536
1502
1448
1385
1344
1307
1287
1276
1283
1254
1235
1175
1114
1095
1089
1104
1144
1188
1224
1240
1238
1225
1209
1180
1175
1176
1191
1205
1217
1214
1205
1172
1145
1140
1152
1180
1196
1208
1216
1225
1221
1217
1230
1245
1285
1310
1343
1349
1365
1355
1347
1345
1351
1378
1399
1421
1431
1429
1404
1372
1382
1411
1458
1495
1508
1545
1558
1553
1561
1580
1600
1639
1664
1683
1696
1696
1699
1692
1714
1756
1784
1830
1848
1856
1867
1884
1890
1912
1935
1962
1983
2012
2032
2049
2076
2101
2127
2157
2170
2178
2188
2194
2204
2209
2210
2215
2222
2259
2246
2244
2248
2264
2270
2280
2279
2296
2286
2284
2281
2254
2236
2230
2219
2215
2228
2228
2233
2240
2226
2227
2230
2214
2225
2259
2303
2311
2318
2335
2351
2356
2394
2427
2455
2494
2533
2557
2578
2606
2631
2656
2694
2722
2743
2759
2791
2796
2828
2881
2912
2926
2947
2968
2992
3006
3034
3045
3056
3081
3115
3130
3144
3179
3191
3226
3256
3297
3333
3368
3400
3413
3436
3457
3506
3534
3561
3574
3587
3596
3599
3603
3619
3620
3617
3651
3675
3719
3739
3755
3783
3788
3802
3804
3824
3838
3849
3848
3856
3867
3854
3891
3900
3889
3872
3870
3849
3818
3805
3772
3782
3780
3773
3740
3718
3674
3667
3663
3648
3632
3609
3595
3565
3540
3507
3480
3475
3468
3428
3414
3407
3384
3383
3364
3334
3312
3301
3283
3296
3332
3367
3376
3375
3323
3268
3185
3098
2996
2915
2852
2838
2834
2800
2781
2727
2695
2684
2715
2769
2863
2946
3022
3075
3058
3024
2988
2978
3030
3110
3203
3280
3321
3285
3220
3144
3083
3063
3028
3107
3180
3236
3223
3197
3165
3146
3178
3209
3246
3280
3277
3264
3208
3158
3095
3069
3051
3057
3061
3082
3069
3019
2940
2887
2826
2828
2832
2858
2868
2852
2816
2739
2648
2576
2524
2479
2456
2419
2354
2281
2208
2139
2094
2049
2022
1995
1968
1908
1839
1756
1695
1635
1595
1554
1529
1494
1479
1282
1267
1220
1253
1236
1174
1127
1074
996
936
776
675
599
689
594
582
620
599
552
507
486
473
436
407
349
286
229
182
174
168
163
162
155
154
149
143
143
141
142
144
145
145
148
147
142
139
138
137
134
132
134
132
134
133
131
133
132
135
135
136
134
132
134
134
131
133
135
140
138
136
138
142
145
140
143
147
152
149
148
163
159
166
169
189
193
206
229
241
272
290
305
345
380
432
469
492
505
487
476
441
417
444
505
581
640
649
657
645
671
688
732
771
812
839
879
905
931
921
908
912
919
942
965
986
1030
1020
1022
1000
1000
1015
1029
1064
1107
1173
1216
1248
1279
1294
1281
1273
1263
1283
1326
1385
1449
1476
1511
1505
1515
1537
1550
1577
1625
1656
1680
1683
1662
1632
1609
1635
1688
1748
1809
1855
1862
1829
1792
1755
1756
1778
1820
1880
1896
1904
1900
1884
1883
1925
1959
1972
1969
1932
1920
1921
1920
1906
1903
1900
1900
1877
1876
1883
1890
1882
1876
1857
1831
1828
1870
1932
1978
2030
2061
2100
2115
2134
2138
2171
2209
2261
2273
2281
2296
2316
2328
2349
2380
2403
2420
2427
2455
2472
2464
2472
2473
2491
2476
2484
2463
2457
2436
2420
2446
2456
2489
2503
2517
2523
2532
2531
2559
2612
2687
2745
2798
2822
2825
2812
2823
2843
2887
2919
2974
3017
3049
3064
3074
3067
3062
3084
3096
3131
3157
3148
3171
3144
3110
3078
3073
3079
3094
3129
3116
3077
3049
3015
2992
2968
2940
2950
2962
2928
2892
2856
2801
2767
2739
2724
2714
2703
2683
2682
2657
2614
2598
2584
2579
2565
2544
2527
2520
2519
2500
2510
2509
2507
2500
2486
2468
2481
2490
2494
2497
2486
2498
2519
2513
2500
2483
2452
2447
2434
2415
2403
2386
2355
2335
2320
2314
2307
2284
2252
2223
2201
2168
2167
2162
2149
2159
2140
2120
2088
2075
2063
2049
2048
2060
2049
2046
2043
2025
2013
2031
2035
2048
2047
2061
2048
2049
2044
2036
2024
2042
2040
2048
2052
2053
2037
2017
2009
1998
1971
1952
1939
1919
1908
1896
1883
1849
1811
1790
1773
1772
1745
1738
1713
1699
1660
1618
1587
1560
1519
1496
1461
1431
1397
1351
1314
1283
1262
1223
1200
1177
1156
1115
1110
1088
1075
1062
1043
1025
1009
992
956
931
923
925
910
911
909
912
918
912
923
930
936
925
911
920
902
890
876
863
858
860
873
888
895
891
895
885
896
889
891
904
901
901
897
889
881
880
891
904
902
909
914
912
924
932
947
976
1005
1016
1013
1028
1052
1058
1068
1079
1092
1119
1121
1145
1164
1172
1180
1194
1217
1244
1263
1288
1304
1337
1347
1381
1380
1379
1402
1412
1441
1451
1472
1486
1496
1520
1531
1548
1568
1566
1561
1573
1578
1598
1606
1614
1635
1634
1628
1641
1637
1666
1676
1687
1695
1689
1690
1694
1690
1692
1707
1722
1715
1729
1727
1744
1747
1774
1786
1785
1791
1804
1814
1816
1824
1841
1858
1864
1882
1919
1927
1963
1988
1983
2005
2014
2023
2022
2042
2055
2093
2116
2115
2110
2116
2122
2136
2175
2202
2228
2248
2273
2283
2295
2313
2341
2379
2388
2411
2421
2434
2446
2449
2450
2442
2443
2447
2465
2449
2472
2471
2480
2490
2499
2516
2544
2557
2566
2575
2583
2602
2615
2641
2652
2677
2705
2739
2766
2773
2784
2816
2834
2848
2871
2880
2891
2919
2952
2951
2951
2969
2972
3008
3020
3038
3061
3074
3098
3102
3120
3140
3142
3160
3177
3171
3196
3206
3197
3198
3208
3201
3176
3180
3174
3156
3144
3136
3132
3131
3136
3144
3141
3142
3135
3122
3111
3111
3098
3101
3111
3111
3109
3102
3103
3110
3105
3116
3135
3143
3152
3139
3148
3140
3145
3170
3164
3156
3155
3139
3115
3096
3078
3086
3097
3085
3063
3064
3043
3039
3024
3016
3008
2996
2974
2938
2925
2911
2906
2884
2864
2869
2846
2831
2814
2786
2769
2771
2758
2740
2719
2704
2705
2691
2701
2672
2675
2664
2639
2628
2634
2618
2606
2596
2595
2588
2564
2566
2545
2518
2524
2515
2501
2494
2481
2473
2435
2414
2410
2386
2360
2339
2324
2295
2267
2249
2237
2225
2196
2168
2151
2108
2070
2052
2024
2008
1999
1975
1958
1928
1909
1887
1866
1861
1854
1850
1826
1805
1798
1783
1785
1778
1776
1763
1736
1724
1710
1710
1695
1694
1678
1655
1667
1666
1649
1660
1653
1624
1603
1596
1587
1569
1556
1555
1566
1559
1556
1546
1518
1484
1461
1456
1455
1445
1431
1413
1403
1396
1383
1359
1353
1342
1340
1319
1311
1323
1335
1330
1308
1305
1299
1303
1278
1259
1260
1255
1275
1273
1280
1287
1298
1279
1277
1265
1255
1260
1260
1264
1276
1280
1265
1272
1279
1264
1273
1278
1276
1279
1276
1284
1286
1281
1279
1290
1295
1303
1309
1315
1321
1324
1316
1312
1315
1318
1329
1345
1356
1355
1357
1348
1366
1377
1384
1404
1418
1403
1422
1441
1454
1475
1483
1499
1496
1521
1551
1566
1583
1608
1624
1630
1631
1653
1676
1692
1715
1745
1782
1785
1784
1806
1817
1846
1840
1856
1870
1874
1911
1904
1920
1940
1944
1959
1976
1993
2019
2046
2046
2060
2077
2099
2109
2124
2141
2156
2157
2176
2176
2183
2201
2212
2224
2243
2269
2284
2284
2293
2280
2283
2290
2297
2294
2314
2329
2361
2367
2375
2405
2394
2392
2406
2422
2420
2441
2463
2456
2459
2468
2467
2472
2488
2497
2499
2489
2505
2516
2538
2545
2548
2554
2579
2580
2575
2582
2588
2594
2601
2540
2581
2616
2630
2636
2657
2663
2660
2670
2670
2670
2680
2672
2670
2675
2696
2710
2714
2717
2725
2703
2712
2713
2734
2758
2783
2766
2772
2771
2785
2772
2784
2789
2787
2792
2782
2798
2798
2811
2821
2800
2808
2812
2798
2791
2783
2795
2789
2790
2792
2795
2787
2783
2651
2566
2643
2692
2727
2721
2705
2717
2703
2695
2543
2448
2428
2513
2410
2457
2518
2545
2547
2535
2523
2500
2483
2467
2438
2422
2403
2380
2350
2334
2302
2299
2264
2258
2258
2217
2195
2184
2156
2144
2137
2128
2102
2087
2057
2043
2034
2022
1999
1973
1956
1943
1930
1911
1879
1873
1863
1854
1842
1812
1784
1767
1759
1736
1734
1715
1712
1696
1679
1678
1558
1607
1627
1644
1649
1642
1497
1532
1487
1584
1614
1622
1612
1619
1610
1604
1598
1604
1600
1594
1572
1582
1572
1570
1575
1555
1543
1532
1532
1542
1528
1538
1525
1524
1514
1508
1508
1511
1499
1507
1494
1495
1489
1475
1476
1462
1469
1461
1447
1422
1411
1396
1384
1386
1388
1392
1377
1372
1365
1347
1351
1372
1363
1354
1342
1344
1347
1347
1345
1339
1344
1359
1365
1381
1384
1389
1407
1400
1403
1404
1432
1425
1439
1446
1428
1436
1455
1456
1454
1463
1462
1487
1476
1484
1499
1512
1515
1505
1499
1516
1523
1527
1545
1550
1567
1584
1590
1617
1624
1615
1629
1651
1654
1673
1681
1687
1689
1696
1693
1713
1736
1745
1756
1756
1779
1785
1793
1814
1840
1835
1844
1863
1878
1891
1898
1919
1928
1947
1920
1926
1936
1960
1967
1976
1967
1962
1968
1980
1974
1978
1991
1982
1987
1997
2000
2008
1990
1997
1989
2011
2000
1999
1988
1990
2002
2002
1992
1974
1974
1990
2003
2008
2008
2017
2008
1994
2003
2029
2032
2024
2035
2042
2029
2049
2045
2057
2064
2063
2063
2065
2079
2093
2098
2111
2115
2106
2121
2115
2120
2139
2153
2153
2161
2173
2171
2181
2180
2180
2187
2181
2190
2205
2202
2200
2215
2225
2220
2215
2217
2235
2236
2245
2254
2253
2275
2277
2273
2272
2284
2295
2290
2289
2292
2296
2300
2303
2324
2324
2316
2323
2323
2328
2343
2355
2360
2364
2364
2359
2382
2365
2371
2363
2389
2388
2388
2397
2391
2389
2385
2391
2385
2374
2379
2390
2401
2409
2398
2397
2392
2395
2417
2401
2400
2409
2395
2384
2391
2394
2394
2388
2387
2390
2383
2386
2375
2386
2369
2366
2360
2352
2351
2350
2358
2350
2347
2336
2337
2355
2348
2348
2358
2359
2379
2369
2360
2348
2358
2349
2343
2347
2352
2332
2336
2336
2332
2329
2330
2307
2285
2274
2281
2267
2280
2275
2262
2249
2240
2236
2218
2211
2216
2204
2208
2213
2204
2201
2188
2174
2144
2119
2107
2109
2112
2108
2114
2096
2097
2079
2063
2047
2013
2015
1994
1977
1975
1971
1967
1942
1935
1936
1931
1932
1922
1898
1893
1870
1863
1859
1865
1856
1862
1832
1833
1814
1792
1785
1776
1768
1758
1758
1752
1736
1734
1721
1716
1703
1708
1699
1704
1692
1682
1678
1687
1664
1653
1659
1655
1634
1630
1628
1623
1627
1641
1638
1633
1622
1630
1633
1618
1643
1639
1640
1638
1647
1662
1651
1636
1656
1671
1671
1685
1693
1709
1715
1714
1697
1707
1721
1712
1737
1756
1746
1753
1767
1758
1766
1757
1779
1766
1770
1777
1779
1772
1772
1772
1780
1776
1775
1785
1785
1788
1805
1784
1795
1812
1827
1821
1817
1822
1811
1814
1812
1825
1842
1839
1836
1848
1832
1827
1831
1840
1839
1826
1817
1829
1817
1826
1828
1829
1821
1833
1841
1833
1830
1840
1829
1838
1829
1838
1846
1849
1838
1824
1826
1840
1834
1821
1821
1804
1807
1807
1812
1807
1825
1811
1810
1805
1793
1784
1790
1785
1772
1774
1778
1779
1780
1796
1797
1788
1785
1794
1790
1819
1830
1823
1823
1825
1824
1820
1836
1833
1843
1859
1875
1884
1879
1878
1880
1895
1892
1888
1883
1893
1907
1920
1915
1916
1921
1934
1927
1923
1932
1939
1916
1899
1901
1903
1888
1897
1917
1941
1936
1953
1951
1956
1946
1953
1950
1951
1952
1956
1959
1953
1942
1942
1942
1952
1971
1984
1989
1992
1974
1982
1995
1994
2011
2011
2005
2005
1996
2002
2016
2024
2039
2046
2052
2026
2010
2024
2026
2027
2031
2044
2057
2056
2049
2051
2033
2028
2047
2060
2062
2071
2092
2086
2067
2072
2072
2087
2094
2105
2104
2118
2123
2112
2121
2113
2112
2118
2133
2124
2143
2151
2151
2164
2181
2186
2201
2201
2212
2228
2225
2239
2253
2272
2282
2264
2260
2260
2283
2263
2282
2284
2302
2302
2294
2302
2310
2319
2326
2329
2337
2336
2337
2353
2359
2377
2376
2389
2367
2382
2375
2373
2369
2372
2380
2359
2359
2364
2359
2352
2361
2355
2352
2356
2352
2364
2350
2342
2336
2323
2320
2324
2329
2323
2320
2333
2331
2305
2321
2320
2318
2313
2303
2306
2289
2280
2277
2270
2256
2255
2261
2247
2236
2233
2225
2222
2221
2204
2189
2193
2178
2177
2182
2201
2200
2191
2167
2175
2182
2158
2163
2152
2153
2144
2141
2138
2134
2129
2124
2126
2115
2112
2127
2126
2131
2122
2111
2091
2088
2067
2075
2084
2087
2096
2089
2092
2092
2089
2089
2074
2085
2101
2107
2092
2092
2095
2098
2079
2082
2083
2074
2079
2068
2064
2068
2079
2059
2058
2061
2065
2053
2054
2072
