2025
2039
2028
2035
2024
2018
2018
1991
1998
1982
1980
1992
2009
2027
2034
2040
2048
2052
2054
2023
2024
2024
2027
2038
2059
2077
2065
2067
2068
2063
2061
2056
2055
2065
2081
2083
2095
2099
2078
2083
2068
2055
2051
2065
2088
2095
2091
2096
2101
2103
2099
2091
2088
2084
2103
2099
2100
2102
2099
2092
2089
2093
2091
2085
2091
2099
2084
2072
2064
2050
2035
2029
2043
2044
2038
2030
2010
2001
2004
1985
2023
1998
2019
1996
2004
1999
2003
1986
1972
1958
1958
1950
1948
1951
1960
1963
1966
1968
1964
1953
1954
1952
1947
1945
1963
1981
1991
1988
1987
1988
1973
1977
1978
1983
1971
1987
1990
1999
2002
2001
1995
1975
1991
1987
1998
1994
2001
2007
2015
2008
1991
1993
2007
2071
2009
1979
1960
1966
1957
1968
1969
1984
2067
2110
2144
2044
2094
2008
1982
1966
1958
1956
1955
1968
1970
1985
1981
1965
1984
1966
1952
1931
1934
1931
1932
1947
1959
1942
1934
1923
1925
1919
2039
1956
1949
1951
1944
1948
1955
1961
1956
1938
1948
1955
1963
1951
1961
1972
1966
1964
1955
1951
1950
1942
1961
1956
1964
1959
1981
1985
2000
2002
1990
1979
1984
1984
1981
1969
1984
1983
1989
2002
2009
2024
2023
2025
2019
1995
1977
1972
1976
1976
1986
1976
1993
1992
2011
2004
1988
1976
1973
1977
1969
1979
1982
1998
1998
1990
1984
1991
1968
1977
1990
1988
1987
1992
2001
2015
2016
2017
2015
2009
2004
1996
1999
2016
2022
2030
2020
2029
2007
2009
1994
1987
1998
2022
2014
2020
2020
2025
2015
2023
2029
2037
2028
2030
2035
2040
2049
2044
2040
2044
2035
2054
2079
2071
2063
2065
2068
2061
2033
2028
2035
2030
2038
2040
2035
2036
2038
2035
2049
2041
2036
2040
2049
2056
2056
2065
2055
2055
2043
2036
2013
2025
2028
2019
2030
2050
2054
2049
2064
2073
2041
2022
2014
2018
2031
2034
2038
2042
2035
2023
2036
2026
2014
2018
2030
2026
2033
2035
2044
2054
2059
2065
2043
2046
2044
2046
2047
2052
2065
2073
2069
2087
2087
2068
2070
2073
2060
2063
2066
2084
2085
2092
2115
2095
2079
2073
2069
2071
2078
2067
2082
2084
2099
2096
2102
2095
2091
2089
2108
2096
2108
2134
2134
2125
2111
2115
2110
2104
2095
2098
2092
2108
2109
2104
2110
2105
2099
2103
2092
2098
2075
2100
2094
2073
2085
2081
2069
2058
2055
2079
2066
2041
2055
2047
2057
2055
2062
2036
2044
2033
2038
2046
2028
2028
2044
2058
2044
2030
2034
2016
2020
2031
2032
2035
2036
2040
2026
2031
2013
2016
2006
2008
2014
2024
2018
2023
2021
2020
2022
2014
1993
1988
1985
1984
1999
2014
2040
2040
2046
2026
2011
1998
1982
1990
1976
1976
1996
2020
2031
2023
2001
1983
1972
1966
1947
1971
1991
1996
2006
2015
2021
2012
1995
1990
1987
1996
2015
2025
2032
2035
2026
2034
2021
2017
1995
1987
2005
2018
2024
2032
2049
2058
2048
2036
2032
2032
2041
2043
2040
2051
2055
2057
2058
2055
2064
2063
2054
2053
2046
2054
2032
2044
2035
2034
2034
2030
2044
2051
2050
2054
2053
2042
2040
2035
2024
2019
2027
2046
2041
2054
2041
2032
1999
1962
1932
1917
1959
2032
2094
2126
2143
2155
2122
2054
1973
1911
1896
1922
1988
2061
2118
2091
2017
1881
1752
1656
1634
1704
1872
2096
2294
2393
2382
2308
2106
1920
1771
1739
1817
1952
2129
2292
2369
2328
2244
2071
1874
1729
1647
1656
1760
1916
2024
2094
2087
2097
2115
2095
2061
2032
2051
2175
2235
2231
2220
2177
2055
1849
1721
1805
2073
2374
2608
2676
2543
2247
1904
1702
1636
1710
1846
1989
2058
2095
2127
2146
2116
2001
1860
1759
1761
1896
2035
2158
2186
2133
2051
1862
1723
1615
1645
1809
1929
2012
1992
1875
1689
1481
1387
1413
1426
1440
1424
1375
1372
1408
1498
1618
1696
1680
1634
1624
1697
1826
1960
2100
2264
2350
2375
2349
2276
2294
2323
2311
2184
1939
1658
1464
1442
1579
1749
1901
1949
1936
1882
1803
1708
1631
1572
1543
1541
1554
1681
1866
2053
2132
2141
2048
1932
1881
1914
2023
2163
2293
2400
2443
2391
2233
2052
1936
1939
2053
2207
2373
2484
2542
2535
2463
2298
2049
1840
1709
1710
1837
2038
2232
2353
2343
2184
1919
1655
1456
1364
1395
1534
1737
1919
2046
2123
2119
2054
1967
1884
1896
1971
2102
2268
2434
2563
2628
2598
2506
2394
2318
2340
2391
2470
2501
2479
2412
2309
2177
2040
1899
1799
1730
1689
1702
1748
1822
1926
2045
2151
2171
2127
2083
2064
2063
2074
2064
2023
2004
1974
1951
1938
1917
1896
1879
1879
1896
1928
1948
1990
2025
2055
2074
2069
2056
2039
2022
2026
2009
1965
1966
1995
2019
2039
2068
2099
2127
2170
2200
2185
2184
2167
2168
2164
2162
2174
2169
2158
2144
2118
2108
2112
2085
2045
2018
1977
1980
1990
2031
2059
2075
2067
2010
1936
1890
1860
1860
1923
2030
2156
2258
2308
2286
2204
2082
1983
1920
1894
1924
2004
2109
2174
2208
2151
2042
1899
1799
1779
1846
1990
2161
2282
2330
2258
2137
1950
1787
1677
1652
1733
1875
2022
2134
2215
2215
2177
2107
2070
2069
2092
2160
2227
2308
2335
2320
2268
2185
2122
2084
2095
2113
2177
2227
2244
2227
2180
2140
2099
2088
2091
2144
2196
2236
2269
2266
2246
2203
2135
2069
2025
2001
2029
2068
2088
2102
2061
2005
1939
1871
1837
1829
1827
1870
1904
1915
1899
1871
1843
1812
1793
1811
1843
1898
1950
1947
1897
1810
1698
1624
1586
1586
1629
1722
1839
1952
2035
2078
2051
2014
1971
1970
1991
2036
2088
2132
2137
2085
2023
1948
1867
1820
1806
1826
1858
1884
1918
1912
1899
1862
1833
1864
1784
1774
1827
1908
1960
2000
2026
2015
2014
2008
1995
1996
1995
2009
2049
2091
2115
2106
2071
2036
1980
1950
1921
1927
1969
2008
2012
2003
1980
1964
1933
1916
1931
1967
2017
2042
2050
2037
2000
1963
1913
1904
1909
1910
1934
1962
1999
2016
2015
1999
1997
2001
1998
2023
2057
2090
2113
2095
2087
2060
2025
1979
1962
1962
2007
2019
2003
1975
1952
1900
1865
1842
1844
1873
1933
1995
2058
2096
2119
2111
2073
2048
2036
2036
2071
2105
2147
2138
2130
2076
2014
1948
1888
1874
1908
1943
1965
1996
2016
1991
1967
1929
1903
1914
1934
1997
2050
2102
2144
2160
2125
2107
2076
2037
1994
2001
2003
2024
2051
2083
2083
2079
2049
2109
2096
2046
2041
2062
2083
2059
2035
2002
1955
1920
1891
1884
1877
1890
1924
1954
1986
2022
2032
2059
2052
2042
2048
2070
2119
2160
2197
2226
2227
2216
2201
2196
2171
2188
2194
2209
2224
2222
2217
2191
2168
2119
2053
2003
1977
1945
1926
1935
1937
1948
1950
1946
1953
1943
1951
1969
1973
2088
2055
2079
2099
2112
2091
2089
2086
2056
2056
2050
2071
2095
2124
2127
2142
2160
2201
2218
2132
2040
2097
2006
1972
1961
1947
1931
1904
1888
1852
1819
1815
1821
1830
1852
1842
1873
1883
1878
1902
1924
1948
1997
2043
2078
2114
2120
2156
2154
2164
2157
2146
2154
2124
2108
2071
2035
1999
1979
1966
1954
1933
1918
1900
1880
1871
1843
1845
1880
1906
1950
1996
2033
2058
2073
2083
2071
2040
2005
2022
2008
2036
2056
2073
2095
2117
2109
2116
2108
2095
2096
2096
2109
2138
2140
2145
2144
2146
2134
2146
2124
2119
2121
2127
2135
2152
2164
2168
2163
2163
2168
2161
2158
2172
2176
2177
2172
2139
2103
2079
2045
2040
2025
2013
1987
1951
1949
1909
1894
1884
1886
1889
1910
1932
1960
1988
2000
2032
2059
2072
2092
2107
2131
2152
2143
2129
2091
2064
2031
2008
1995
1975
1959
1945
1923
1896
1883
1858
1865
1848
1860
1872
1900
1929
1954
1968
1964
1969
1973
1999
2014
2040
2072
2091
2108
2137
2251
2184
2182
2196
2199
2185
2179
2170
2168
2140
2116
2090
2069
2056
2077
2051
2063
2060
2050
2053
2045
2026
1994
2001
1977
1979
1996
2016
2036
2040
2055
2047
2032
2019
2019
2015
2009
1998
2008
2023
2022
2013
2008
2000
1992
1983
1977
1967
1971
1975
1977
1975
1985
1980
1968
1971
1974
2006
2030
2071
2086
2106
2095
2102
2092
2081
2071
2065
2052
2044
2053
2065
2081
2064
2035
2019
1991
1975
1957
1981
1991
2025
2052
2065
2053
2025
2012
1996
1982
1984
2003
2038
2048
2071
2063
2041
2033
2017
2023
2025
2058
2061
2098
2124
2115
2107
2095
2078
2051
2036
2062
2064
2079
2084
2097
2089
2088
2067
2041
2034
2040
2062
2070
2097
2096
2094
2076
2076
2049
2024
1993
1968
1970
1978
1975
1984
1978
1967
1956
1935
1936
1928
1939
1935
1947
1939
1946
1924
1915
1903
1895
1866
1851
1840
1841
1847
1860
1857
1857
1849
1864
1871
1883
1890
1886
1870
1878
1865
1855
1840
1840
1849
1852
1864
1854
1833
1840
1847
1836
1825
1831
1832
1840
1862
1865
1889
1904
1916
1924
1930
1917
1935
1937
1943
1953
1965
1960
1974
1974
1990
1975
1981
1984
1980
1999
2015
2031
2049
2046
2042
2030
2033
2014
2016
1998
2015
2005
2009
2012
2030
2041
2047
2062
2061
2067
2080
2055
2051
2046
2052
2054
2063
2074
2081
2084
2078
2065
2062
2046
2032
2037
2046
2042
2037
2038
2031
2022
2025
2019
2024
2034
2039
2040
2051
2030
2026
2015
2010
2006
2001
1984
1981
1971
1952
1953
1958
1948
1932
1942
1952
1949
1984
1992
1994
1991
1984
1990
2000
2030
2055
2078
2095
2104
2118
2131
2126
2100
2084
2079
2092
2093
2090
2104
2106
2088
2070
2038
2024
2003
2012
2014
2025
2041
2061
2066
2070
2059
2052
2041
2043
2043
2067
2088
2100
2120
2112
2101
2095
2090
2090
2089
2103
2104
2118
2137
2143
2119
2124
2116
2112
2114
2119
2137
2132
2123
2127
2122
2117
2103
2097
2090
2090
2087
2092
2075
2063
2076
2067
2052
2036
2042
2040
2033
2028
2023
2001
1974
1957
1945
1933
1939
1941
1963
1955
1965
1960
1947
1920
1932
1934
1947
1951
1987
1991
1997
1996
1981
1966
1963
1971
1974
1980
1976
1976
1984
1992
1984
1973
1968
1976
1989
2012
2031
2033
2024
2031
2024
2023
2033
2013
1991
1997
1995
1989
1980
1976
1960
1945
1929
1923
1935
1921
1928
1946
1944
1946
1946
1953
1944
1935
1923
1940
1943
1947
1955
1966
1962
1971
1965
1959
1953
1946
1964
1960
1969
1944
1934
1924
1902
1929
1920
1916
1917
1920
1934
1937
1951
1944
1951
1956
1952
1944
1937
1944
1936
1915
1915
1912
1902
1901
1886
1878
1886
1874
1872
1876
1876
1877
1863
1852
1851
1864
1895
1888
1905
1907
1899
1892
1875
1893
1909
1933
1929
1935
1945
1947
1963
1959
1965
1955
1960
1968
1976
1995
2011
1999
1993
1984
1988
1993
2025
2027
2027
2038
2052
2052
2060
2065
2076
2085
2094
2106
2119
2135
2160
2152
2164
2164
2164
2153
2177
2175
2187
2195
2196
2201
2193
2170
2151
2142
2136
2131
2142
2135
2141
2141
2156
2163
2168
2179
2179
2183
2215
2209
2224
2228
2236
2240
2252
2238
2229
2227
2224
2230
2229
2219
2225
2210
2206
2210
2220
2226
2232
2245
2248
2236
2252
2258
2256
2253
2238
2246
2249
2238
2222
2194
2183
2166
2162
2156
2129
2120
2122
2121
2118
2114
2100
2091
2103
2119
2138
2147
2168
2164
2183
2179
2169
2169
2153
2161
2152
2146
2144
2136
2124
2129
2118
2110
2115
2112
2091
2097
2102
2102
2094
2087
2068
2071
2064
2056
2063
2047
2045
2047
2023
2023
2027
2010
2017
2001
2009
2013
2028
2041
2043
2027
2023
2030
2024
2011
2017
2021
2035
2038
2042
2031
2024
2015
2008
2021
2020
2008
2017
2007
1984
1992
1980
1973
1966
1977
1980
1993
1986
1993
2000
2004
1999
2010
2021
2034
2014
2008
2001
1959
1940
1917
1922
1915
1939
1952
1959
1950
1911
1883
1849
1842
1845
1862
1897
1927
1955
1984
1977
1948
1914
1893
1859
1864
1879
1911
1945
1965
1975
1960
1916
1868
1826
1822
1846
1853
1901
1945
1948
1935
1900
1856
1821
1823
1842
1904
1950
1985
1985
1964
1923
1899
1884
1898
1923
1961
1991
2002
2022
2032
1984
1938
1901
1888
1881
1896
1904
1915
1918
1905
1878
1850
1846
1844
1867
1882
1919
1924
1912
1884
1861
1843
1809
1824
1844
1846
1864
1974
1888
1866
1835
1810
1798
1796
1795
1818
1885
1986
2022
1937
1895
1950
1872
1825
1821
1826
1845
1876
1918
1910
1889
1873
1819
1791
1776
1777
1806
1848
1886
1901
1908
1893
1871
1836
1825
1815
1872
1910
1916
1943
1936
1914
1915
1875
1848
1844
1840
1862
1882
1889
1898
1895
1863
1870
1867
1858
1856
1859
1871
1902
1912
1912
1919
1908
1888
1902
1923
1944
1958
1982
1984
1995
1995
1998
2002
2005
2019
2038
2073
2088
2097
2083
2092
2087
2056
2076
2100
2123
2158
2155
2154
2133
2121
2121
2113
2116
2130
2125
2132
2132
2144
2144
2132
2121
2113
2119
2120
2133
2133
2159
2186
2182
2189
2186
2179
2180
2158
2138
2132
2140
2159
2153
2148
2131
2132
2126
2106
2089
2094
2101
2094
2099
2104
2094
2091
2083
2089
2084
2083
2081
2087
2102
2076
2074
2056
2052
2069
2059
2062
2052
2034
2020
2014
2017
2008
1999
1984
1996
2007
2003
1988
1982
1959
1954
1945
1940
1952
1987
2011
2058
2050
2042
2027
2015
2008
1985
2000
2011
2041
2064
2083
2083
2072
2047
2038
2027
2027
2044
2075
2082
2092
2092
2104
2096
2072
2077
2056
2036
2052
2060
2080
2083
2071
2057
2067
2054
2057
2048
2070
2088
2111
2129
2131
2114
2103
2097
2107
2112
2108
2112
2104
2112
2117
2111
2118
2123
2135
2131
2140
2132
2108
2104
2110
2079
2069
2055
2056
2063
2056
2057
2054
2055
2052
2032
2023
2027
2017
2034
2040
2067
2064
2076
2067
2059
2064
2071
2076
2047
2022
2019
2008
1987
2003
2012
2011
2034
2032
2032
2012
1980
1967
1976
1980
1977
1992
2018
2030
2028
2034
2041
2034
2032
2012
2021
2030
2037
2041
2052
2071
2085
2077
2067
2055
2058
2062
2065
2071
2078
2096
2077
2069
2051
2044
2057
2051
2056
2068
2065
2072
2078
2057
2047
2047
2052
2034
2032
2038
2032
2034
2030
2031
2012
1996
2011
2003
2011
2023
2033
2048
2044
2027
2027
2008
2014
2028
2035
2027
2025
2027
2022
2016
2011
1998
1998
1993
2007
2019
2007
2031
2030
2037
2040
2028
2025
2033
2023
2025
2035
2038
2036
2035
2016
2015
2005
2009
1990
1999
1996
2021
2055
2055
2062
2060
2049
2063
2065
2067
2066
2073
2109
2128
2126
2132
2115
2096
2087
2098
2121
2124
2135
2153
2159
2150
2130
2119
2103
2104
2113
2124
2114
2125
2148
2146
2156
2148
2135
2142
2139
2149
2155
2162
2176
2181
2162
2135
2134
2130
2121
2099
2112
2119
2135
2114
2111
2102
2065
2052
2034
2022
2029
2045
2028
2035
2040
2028
2014
2016
2012
2015
2008
2018
2018
2017
2007
2003
1993
1973
1972
1987
2006
2019
2007
2009
2007
1996
1961
1948
1947
1962
1981
1979
1972
1993
1990
1988
1981
1966
1958
1944
1944
1957
1947
1960
1970
1978
1964
1966
1960
1944
1940
1934
1940
1926
1937
1920
1920
1907
1894
1871
1865
1869
1864
1871
1882
1871
1859
1860
1835
1843
1848
1848
1848
1849
1859
1863
1859
1854
1856
1860
1867
1888
1883
1906
1916
1920
1928
1912
1926
1921
1918
1948
1955
1951
1947
1961
1948
1952
1973
1960
1971
1966
1976
1982
2003
2010
2012
2004
1994
1971
1977
1973
1974
1975
1972
1982
1990
1987
1967
1930
1919
1927
1919
1920
1934
1939
1945
1935
1932
1926
1919
1915
1895
1895
1879
1889
1895
1895
1904
1908
1912
1891
1898
1888
1887
1895
1900
1927
1944
1951
1971
1973
1969
1960
1955
1948
1953
1982
1986
2004
2011
2055
2067
2073
2058
2050
2042
2032
2049
2062
2079
2100
2107
2131
2123
2106
2104
2079
2079
2085
2097
2112
2119
2147
2161
2151
2141
2137
2119
2088
2113
2151
2163
2161
2139
2136
2124
2116
2106
2104
2099
2108
2131
2131
2150
2145
2137
2115
2114
2102
2108
2114
2123
2142
2160
2152
2143
2139
2104
2102
2104
2094
2110
2120
2116
2124
2122
2113
2100
2089
2065
2068
2084
2104
2103
2096
2080
2072
2042
2019
2025
2032
2037
2025
2025
2020
2016
2000
2002
1960
1957
1950
1948
1953
1943
1937
1938
1924
1899
1894
1876
1878
1886
1881
1879
1880
1881
1870
1874
1885
1889
1895
1874
1891
1887
1880
1870
1860
1866
1881
1878
1876
1882
1904
1923
1918
1926
1932
1951
1946
1950
1953
1968
1991
2032
2064
2084
2078
2086
2092
2083
2080
2092
2096
2117
2120
2138
2165
2185
2183
2184
2176
2147
2132
2129
2147
2166
2176
2184
2185
2173
2161
2125
2119
2120
2105
2115
2127
2140
2150
2147
2160
2157
2148
2123
2118
2134
2154
2160
2166
2164
2164
2144
2147
2137
2143
2123
2131
2137
2130
2112
2108
2097
2088
2079
2086
2089
2085
2095
2108
2100
2089
2077
2066
2049
2045
2028
2030
2017
2009
2016
2036
2035
2023
2000
1978
1966
1972
1969
1968
1987
1985
2003
2022
2019
2013
2002
1992
1976
1975
1966
1991
1991
1978
2004
1990
1999
1974
1968
1975
1952
1963
1951
1935
1931
1935
1954
1957
1947
1921
1964
2012
1946
1927
1928
1921
1919
1912
1891
1860
1856
1872
1891
1923
1942
1952
1960
1950
1930
1912
1904
1891
1911
1916
1951
1932
1932
1924
1896
1884
1887
1886
1886
1899
1909
1912
1914
1884
1850
1814
1803
1819
1820
1830
1846
1872
1872
1873
1861
1833
1800
1798
1816
1839
1880
1932
1947
1946
1927
1911
1868
1860
1843
1834
1862
1871
1885
1886
1883
1876
1859
1844
1858
1864
1884
1886
1880
1884
1890
1895
1929
1963
1980
1991
1991
1981
1945
1932
1952
1952
1980
2003
2030
2014
2009
1995
1956
1933
1902
1879
1888
1912
1923
1955
1982
2002
1998
1971
1937
1938
1957
1979
2009
2023
2010
2011
2010
1985
1971
1962
1932
1954
1992
2057
2132
2346
2294
2248
2175
2063
1884
1765
1724
1743
1784
1801
1795
1784
1756
1715
1699
1724
1779
1825
1871
1913
1948
1979
2028
2078
2128
2175
2192
2189
2179
2167
2150
2103
2055
1986
1986
1996
2050
2136
2174
2200
2195
2149
2079
2038
2021
2055
2112
2216
2348
2444
2494
2488
2407
2289
2184
2102
2044
2067
2139
2197
2278
2320
2334
2313
2252
2183
2115
2064
2054
2086
2151
2209
2255
2295
2316
2346
2351
2357
2312
2265
2175
2089
2044
2003
2023
2068
2156
2256
2313
2307
2254
2158
2035
1950
1948
1972
2040
2137
2209
2258
2280
2235
2135
2051
1980
1926
1932
1990
2072
2180
2240
2251
2217
2126
2017
1935
1919
1959
2067
2160
2241
2275
2260
2179
2072
2000
1965
2005
2115
2281
2448
2552
2539
2476
2341
2169
2023
1933
1918
1950
2032
2128
2200
2217
2176
2101
1993
1984
1862
1798
1777
1811
1850
1882
1926
1943
1960
1942
1943
1939
1929
1933
1919
1920
1993
2038
1956
1986
1990
1945
1929
1925
1923
1925
1918
1943
1971
2006
2036
2057
2054
2008
1950
1896
1873
1864
1929
2021
2122
2248
2311
2324
2265
2161
2048
1964
1909
1923
2001
2116
2240
2344
2403
2409
2341
2252
2140
2071
2037
2023
2065
2124
2204
2272
2300
2298
2268
2247
2213
2203
2199
2226
2239
2271
2292
2310
2319
2300
2262
2227
2220
2208
2234
2251
2284
2296
2279
2259
2180
2092
2002
1895
1858
1816
1854
1954
1955
1977
2010
2001
1959
1881
1797
1715
1663
1628
1644
1667
1726
1788
1816
1829
1842
1820
1754
1692
1631
1606
1611
1638
1683
1722
1777
1813
1820
1804
1769
1716
1689
1674
1674
1721
1790
1767
1762
1752
1751
1737
1712
1691
1706
1726
1786
1850
1905
1941
1918
1880
1801
1740
1678
1622
1652
1691
1787
1891
1959
2009
2028
1976
1884
1776
1692
1668
1698
1775
1875
1989
2078
2086
2056
1977
1892
1827
1783
1767
1807
1854
1909
1938
1954
1933
1891
1830
1795
1782
1804
1872
1935
1992
2012
1999
1967
1916
1848
1836
1826
1881
1929
1986
2031
2053
2046
2031
1997
1983
1962
1949
1949
1959
1996
2040
2058
2094
2090
2070
2056
2059
2056
2085
2112
2166
2188
2184
2163
2117
2095
2122
2144
2191
2246
2257
2231
2199
2146
2102
2072
2056
2049
2023
2010
1993
1991
1978
1967
1941
1934
1946
2003
2057
2075
2077
2044
2017
1992
2007
2024
2041
2067
2099
2148
2178
2208
2192
2161
2086
2029
2002
2022
2067
2135
2185
2208
2234
2250
2238
2214
2154
2125
2121
2168
2202
2228
2211
2170
2140
2136
2141
2176
2200
2204
2216
2218
2190
2150
2124
2143
2191
2251
2260
2262
2248
2223
2179
2158
2149
2149
2180
2214
2232
2216
2185
2089
1986
1877
1820
1835
1890
1968
2040
2072
2030
1929
1811
1734
1720
1759
1834
1912
1996
2038
2022
1980
1880
1824
1797
1816
1890
1956
1997
1988
1977
1934
1913
1846
1827
1823
1845
1888
1924
1927
1942
1918
1911
1920
1934
1956
1990
2025
2040
2058
2068
2047
2010
2006
2020
2075
2145
2232
2271
2249
2204
2139
2060
2025
2021
2071
2175
2276
2360
2391
2335
2238
2104
1998
1932
1954
2040
2155
2236
2277
2263
2194
2091
1978
1880
1824
1862
1945
2041
2067
2036
1933
1799
1696
1644
1671
1755
1851
1943
2003
1999
1933
1826
1743
1693
1684
1708
1741
1776
1804
1841
1853
1831
1762
1675
1627
1615
1644
1692
1734
1729
1708
1673
1644
1659
1694
1742
1752
1751
1733
1721
1717
1751
1782
1826
1849
1855
1843
1795
1695
1609
1606
1683
1795
1902
1968
2002
2015
1988
1838
1694
1643
1723
1812
1927
2093
2189
2206
2157
2110
2057
2003
1997
2055
2155
2236
2316
2368
2356
2263
2147
2068
2078
2149
2238
2321
2337
2296
2188
2081
2015
2006
2077
2168
2248
2296
2303
2267
2152
2005
1899
1843
1840
1853
1900
1934
1953
1904
1856
1823
1787
1755
1728
1755
1779
1834
1896
1977
2001
1996
1956
1915
1901
1876
1907
1960
2035
2100
2132
2134
2073
1986
1888
1829
1867
1967
2095
2220
2313
2309
2227
2114
2017
1969
1976
2049
2159
2280
2370
2403
2372
2278
2207
2166
2157
2176
2223
2264
2264
2237
2173
2089
2040
2016
1998
1990
2020
2035
2039
2036
2022
1999
2008
2023
2040
2081
2100
2106
2097
2076
2008
1944
1913
1907
1936
1998
2112
2198
2216
2174
2112
2075
2028
2025
2064
2132
2211
2281
2330
2359
2355
2354
2345
2353
2382
2433
2488
2547
2587
2608
2639
2635
2632
2602
2560
2531
2516
2523
2550
2608
2642
2659
2629
2586
2550
2544
2563
2589
2625
2662
2732
2790
2806
2773
2680
2573
2509
2488
2519
2553
2580
2566
2569
2543
2524
2519
2508
2481
2444
2424
2389
2351
2307
2281
2302
2360
2418
2460
2458
2441
2414
2366
2334
2314
2314
2376
2479
2537
2559
2534
2501
2455
2425
2419
2431
2487
2551
2642
2702
2716
2687
2644
2604
2585
2595
2644
2729
2787
2810
2786
2719
2630
2568
2526
2508
2526
2588
2638
2670
2635
2566
2475
2439
2426
2451
2495
2531
2539
2505
2427
2357
2292
2250
2224
2225
2250
2266
2271
2239
2183
2107
2037
1996
2029
2068
2136
2169
2176
2135
2081
2004
1945
1920
1931
1981
2019
2063
2079
2067
2029
1985
1935
1915
1901
1920
1951
2004
2037
2014
1975
1939
1904
1879
1864
1878
1909
1931
1977
1973
1970
1966
1967
1960
1950
1903
1872
1845
1829
1825
1868
1872
1868
1837
1801
1771
1728
1688
1651
1660
1684
1701
1708
1680
1624
1555
1505
1464
1477
1500
1511
1507
1503
1489
1466
1437
1407
1383
1385
1371
1363
1367
1330
1304
1244
1232
1216
1196
1209
1219
1229
1200
1149
1113
1103
1123
1162
1211
1251
1272
1235
1185
1136
1092
1080
1089
1145
1219
1281
1348
1351
1321
1262
1188
1107
1064
1124
1228
1366
1464
1479
1423
1318
1211
1128
1081
1095
1173
1287
1380
1442
1486
1430
1338
1213
1100
1056
1051
1241
1379
1562
1652
1595
1403
1174
960
849
921
1167
1459
1615
1779
1687
1512
1310
1110
991
1035
1170
1349
1508
1648
1699
1667
1544
1360
1196
1097
1106
1229
1384
1575
1678
1697
1627
1454
1289
1077
1028
1182
1442
1731
1911
1915
1787
1569
1341
1185
1156
1264
1473
1704
1882
1934
1871
1707
1504
1318
1252
1343
1551
1787
1931
1906
1779
1549
1376
1240
1223
1320
1452
1578
1677
1756
1819
1821
1753
1575
1362
1192
1199
1371
1634
1878
2035
2035
1860
1591
1340
1187
1177
1292
1511
1767
1950
1991
1881
1643
1395
1252
1242
1379
1609
1807
1927
1975
1884
1695
1460
1268
1191
1216
1357
1527
1720
1865
1897
1778
1551
1350
1236
1276
1428
1628
1808
1956
2020
2021
1930
1815
1717
1659
1661
1706
1773
1881
1948
1971
1932
1868
1815
1821
1937
2051
2189
2252
2297
2339
2382
2447
2500
2513
2553
2601
2687
2803
2923
3073
3232
3388
3499
3539
3551
3599
3649
3752
3833
3889
3928
3916
3875
3814
3749
3753
3846
3987
4094
4094
4094
4094
4094
4094
4094
4094
4094
4094
4095
4094
4094
3937
3718
3524
3365
3265
3221
3207
3224
3214
3168
3084
2967
2817
2669
2527
2438
2386
2366
2320
2268
2183
2036
1920
1804
1735
1713
1715
1742
1796
1822
1814
1757
1682
1563
1476
1417
1398
1377
1372
1406
1382
1410
1444
1473
1534
1567
1613
1695
1804
1946
2072
2173
2238
2276
2318
2334
2343
2361
2404
2483
2582
2689
2795
2899
2995
3057
3101
3123
3131
3172
3218
3293
3352
3401
3431
3420
3393
3363
3346
3325
3324
3333
3327
3315
3266
3236
3186
3148
3102
3044
3003
2942
2855
2756
2697
2656
2645
2639
2632
2612
2593
2569
2585
2601
2609
2613
2598
2595
2599
2563
2515
2449
2399
2369
2353
2340
2368
2406
2456
2510
2544
2566
2552
2516
2476
2442
2397
2383
2360
2334
2282
2179
2113
2073
2068
2092
2132
2188
2251
2283
2288
2247
2190
2145
2117
2148
2174
2154
2102
2030
1932
1828
1717
1632
1560
1528
1508
1499
1465
1432
1372
1308
1233
1170
1098
1030
985
944
912
878
850
815
774
748
695
672
661
646
640
654
643
648
646
614
553
499
446
454
471
525
555
606
651
680
686
687
702
723
770
823
888
944
994
1027
1022
1021
992
989
981
996
1014
1028
1044
1034
1015
982
960
954
933
920
935
970
986
979
960
907
833
800
764
752
763
779
778
793
816
819
838
842
846
842
831
804
772
760
740
761
799
839
861
896
912
939
961
967
971
1001
1045
1069
1096
1116
1126
1104
1108
1108
1142
1187
1220
1253
1278
1307
1302
1315
1333
1337
1370
1397
1435
1492
1545
1583
1640
1676
1694
1713
1724
1778
1814
1869
1930
1988
2060
2112
2135
2174
2191
2202
2216
2251
2294
2324
2368
2384
2396
2406
2380
2349
2335
2339
2339
2372
2392
2396
2384
2342
2296
2244
2214
2211
2226
2240
2255
2286
2273
2262
2238
2215
2227
2225
2258
2283
2306
2310
2310
2284
2264
2249
2238
2255
2264
2284
2298
2313
2310
2328
2328
2335
2357
2396
2437
2487
2524
2565
2596
2611
2610
2608
2611
2624
2635
2676
2721
2773
2819
2847
2892
2902
2930
2972
3023
3062
3132
3198
3246
3282
3292
3273
3282
3303
3358
3407
3449
3480
3490
3509
3527
3541
3565
3587
3607
3655
3692
3710
3711
3692
3694
3720
3728
3703
3719
3713
3703
3675
3626
3614
3586
3590
3580
3588
3553
3510
3448
3392
3326
3295
3268
3254
3244
3222
3178
3137
3091
3047
3011
3004
2982
2967
2968
2976
2991
2981
2968
2942
2921
2920
2937
2959
2992
3016
3038
3056
3035
3049
3050
3071
3105
3151
3182
3227
3236
3215
3208
3206
3230
3249
3286
3328
3334
3336
3320
3278
3258
3217
3192
3193
3171
3140
3124
3110
3056
2976
2899
2840
2791
2785
2783
2766
2741
2700
2647
2584
2510
2435
2373
2324
2284
2262
2237
2200
2144
2103
2047
1985
1938
1892
1895
1879
1909
1937
1946
1920
1882
1834
1787
1767
1743
1779
1844
1900
1935
1929
1915
1904
1867
1850
1871
1900
1955
2004
2040
2052
2012
1974
1932
1880
1868
1896
1946
1991
2044
2046
2027
1963
1924
1877
1862
1864
1871
1885
1876
1852
1804
1714
1645
1555
1517
1500
1506
1504
1509
1495
1489
1448
1378
1324
1255
1223
1200
1213
1217
1233
1216
1174
1138
1108
1058
1024
1001
983
1002
1007
1010
971
923
864
809
755
741
727
740
743
743
745
719
686
642
624
625
644
679
709
741
771
791
793
819
825
848
863
896
923
967
991
1025
1046
1066
1083
1109
1123
1143
1155
1158
1168
1187
1192
1213
1218
1220
1198
1211
1191
1209
1211
1235
1231
1242
1266
1300
1303
1311
1318
1323
1324
1319
1337
1357
1360
1388
1388
1383
1369
1356
1340
1327
1328
1344
1363
1387
1405
1406
1427
1514
1457
1405
1386
1416
1439
1465
1478
1498
1527
1523
1517
1525
1544
1574
1614
1652
1687
1699
1694
1683
1678
1648
1677
1738
1775
1798
1813
1799
1788
1761
1742
1754
1773
1820
1860
1897
1961
2011
2003
1997
1984
1977
2004
2058
2128
2215
2307
2339
2311
2267
2211
2191
2199
2279
2335
2410
2483
2488
2442
2378
2288
2227
2210
2247
2292
2364
2410
2428
2410
2347
2276
2214
2191
2192
2228
2275
2333
2349
2318
2240
2159
2090
2057
2068
2124
2179
2245
2272
2214
2171
2124
2091
2097
2113
2158
2199
2220
2208
2210
2163
2108
2054
2021
2025
2048
2088
2100
2140
2156
2154
2166
2163
2168
2176
2201
2204
2223
2261
2291
2321
2350
2356
2353
2335
2337
2346
2375
2422
2433
2419
2390
2330
2260
2218
2197
2183
2172
2176
2155
2119
2087
2035
1981
1945
1949
1955
1968
1968
1952
1913
1845
1791
1748
1742
1756
1778
1805
1809
1816
1795
1762
1695
1651
1627
1603
1627
1650
1665
1687
1671
1612
1541
1478
1437
1475
1569
1656
1718
1746
1748
1711
1668
1651
1639
1667
1724
1790
1840
1866
1899
1895
1880
1854
1841
1820
1827
1878
1932
1999
2017
2009
1987
1946
1903
1888
1897
1927
1985
2046
2104
2116
2094
2048
2005
1949
1971
1995
2019
2009
1967
1900
1852
1816
1780
1777
1790
1833
1894
1931
1966
1975
1934
1895
1851
1799
1774
1792
1840
1883
1911
1933
1942
1904
1844
1795
1734
1705
1688
1700
1718
1753
1775
1776
1740
1682
1657
1643
1660
1731
1832
1935
1999
2039
2055
2050
2023
1994
1979
1976
1999
2034
2084
2135
2185
2208
2203
2158
2111
2101
2104
2145
2191
2271
2327
2328
2326
2292
2236
2184
2160
2168
2180
2199
2198
2163
2104
2041
1982
1933
1908
1893
1886
1905
1887
1879
1860
1814
1746
1673
1606
1568
1532
1518
1500
1491
1469
1433
1385
1369
1431
1327
1302
1322
1281
1241
1213
1188
1141
1120
1088
1070
1042
1046
1063
1086
1155
1203
1261
1323
1354
1364
1371
1334
1293
1260
1230
1253
1283
1328
1384
1427
1448
1442
1440
1416
1431
1470
1508
1572
1642
1684
1716
1704
1699
1669
1688
1689
1732
1792
1857
1916
1940
1934
1919
1899
1886
1888
1974
2051
2054
2081
2092
2077
2060
2040
2005
1995
2009
2039
2089
2147
2178
2178
2188
2262
2285
2215
2171
2267
2279
2283
2366
2344
2287
2272
2268
2259
2271
2340
2416
2478
2553
2601
2625
2647
2621
2614
2637
2663
2702
2729
2775
2795
2807
2800
2783
2767
2758
2764
2796
2831
2868
2918
2953
2958
2952
2908
2896
2899
2899
2926
2975
3011
3055
3063
3085
3083
3096
3077
3084
3098
3089
3075
3055
3033
3010
2995
2967
2935
2905
2886
2884
2867
2861
2839
2844
2831
2819
2801
2762
2733
2724
2716
2699
2684
2676
2675
2675
2675
2661
2635
2604
2566
2536
2519
2507
2608
2513
2470
2435
2439
2427
2405
2391
2375
2385
2408
2384
2373
2367
2356
2345
2336
2334
2346
2356
2376
2402
2402
2412
2418
2433
2448
2459
2488
2510
2519
2526
2531
2552
2569
2588
2597
2619
2620
2616
2629
2630
2620
2640
2619
2626
2623
2615
2614
2609
2635
2617
2620
2600
2584
2585
2582
2570
2586
2579
2584
2587
2581
2580
2568
2568
2562
2553
2534
2546
2545
2546
2545
2532
2511
2502
2471
2455
2447
2441
2435
2447
2443
2452
2452
2430
2401
2392
2367
2364
2360
2369
2400
2415
2428
2431
2422
2403
2407
2417
2439
2474
2484
2499
2492
2488
2471
2445
2447
2429
2409
2406
2418
2403
2384
2386
2343
2311
2256
2238
2215
2194
2199
2198
2186
2173
2159
2161
2136
2095
2072
2064
2061
2049
2066
2073
2060
2042
2013
1973
1928
1900
1880
1854
1827
1809
1767
1763
1745
1705
1667
1625
1590
1565
1538
1491
1492
1487
1473
1464
1447
1422
1428
1396
1393
1376
1374
1368
1371
1371
1372
1365
1370
1378
1394
1409
1393
1374
1365
1369
1392
1386
1387
1393
1376
1374
1384
1369
1379
1392
1400
1423
1428
1426
1433
1438
1443
1451
1445
1440
1455
1464
1485
1517
1543
1558
1566
1574
1577
1589
1580
1593
1618
1633
1626
1619
1616
1614
1595
1584
1561
1547
1528
1521
1526
1530
1519
1506
1507
1488
1459
1454
1446
1431
1436
1433
1433
1433
1430
1400
1392
1391
1373
1387
1377
1381
1374
1364
1351
1341
1340
1332
1319
1314
1302
1328
1336
1342
1357
1351
1359
1374
1391
1398
1401
1428
1435
1456
1477
1468
1487
1502
1510
1513
1539
1566
1596
1623
1663
1690
1695
1707
1707
1715
1731
1758
1765
1784
1784
1793
1813
1819
1813
1814
1820
1828
1820
1828
1822
1831
1849
1868
1890
1889
1913
1931
1940
1958
1975
2003
2020
2058
2086
2087
2099
2110
2120
2138
2180
2205
2241
2268
2289
2299
2307
2328
2323
2331
2347
2360
2400
2455
2501
2542
2587
2619
2636
2628
2654
2679
2698
2736
2780
2808
2827
2853
2863
2861
2847
2853
2856
2860
2874
2887
2904
2904
2891
2873
2847
2824
2801
2780
2782
2783
2795
2800
2794
2770
2757
2734
2716
2713
2707
2706
2717
2720
2716
2715
2693
2667
2640
2623
2623
2621
2611
2596
2605
2587
2557
2506
2503
2476
2454
2444
2435
2418
2402
2402
2383
2347
2324
2299
2291
2288
2284
2304
2301
2291
2288
2285
2257
2240
2244
2249
2255
2275
2270
2272
2240
2240
2229
2199
2190
2193
2179
2173
2163
2132
2113
2083
2060
2044
2019
1995
1951
1943
1951
1945
1923
1900
1874
1854
1847
1842
1824
1823
1797
1777
1762
1740
1721
1697
1672
1637
1615
1593
1584
1557
1525
1496
1467
1461
1428
1401
1383
1362
1353
1333
1296
1275
1249
1237
1248
1247
1226
1240
1246
1239
1225
1216
1208
1208
1203
1202
1217
1221
1228
1233
1220
1220
1219
1220
1213
1186
1192
1193
1173
1183
1196
1188
1183
1192
1196
1191
1205
1220
1226
1241
1224
1222
1226
1238
1273
1287
1300
1300
1310
1321
1331
1359
1360
1360
1362
1353
1362
1356
1356
1357
1372
1394
1382
1383
1389
1383
1404
1407
1405
1394
1406
1421
1428
1440
1459
1464
1466
1464
1473
1479
1476
1470
1479
1495
1503
1528
1535
1545
1547
1550
1522
1535
1546
1545
1570
1589
1614
1630
1627
1612
1587
1572
1576
1591
1668
1737
1802
1883
1920
1942
1913
1894
1871
1863
1878
1954
2042
2150
2222
2255
2248
2209
2156
2112
2087
2124
2186
2299
2387
2451
2486
2467
2396
2318
2195
2230
2308
2412
2490
2523
2495
2402
2289
2192
2156
2179
2254
2369
2464
2531
2517
2447
2347
2256
2174
2163
2234
2348
2458
2537
2556
2486
2407
2303
2236
2211
2225
2291
2361
2438
2472
2467
2415
2355
2303
2275
2289
2338
2395
2440
2460
2444
2400
2356
2323
2308
2321
2358
2410
2464
2488
2476
2468
2404
2352
2319
2321
2355
2412
2449
2499
2508
2492
2450
2377
2341
2329
2339
2385
2438
2504
2531
2502
2456
2389
2321
2263
2246
2284
2374
2471
2553
2596
2583
2525
2443
2372
2330
2342
2382
2463
2540
2566
2562
2524
2468
2407
2337
2332
2347
2419
2446
2482
2472
2459
2419
2359
2335
2315
2312
2333
2352
2389
2392
2383
2354
2328
2296
2278
2270
2277
2299
2309
2319
2311
2303
2286
2263
2265
2252
2247
2229
2228
2211
2199
2164
2148
2153
2137
2130
2127
2119
2100
2084
2042
2010
1984
1951
1934
1941
1955
1969
2052
1981
1914
1872
1825
1799
1791
1806
1828
1836
1854
1922
1889
1774
1685
1627
1678
1719
1657
1656
1651
1642
1598
1556
1521
1488
1472
1473
1484
1511
1532
1561
1566
1563
1526
1499
1486
1489
1489
1500
1500
1535
1605
1567
1560
1539
1519
1513
1498
1476
1490
1472
1492
1507
1516
1532
1523
1519
1516
1519
1531
1534
1540
1548
1556
1575
1599
1602
1628
1648
1649
1662
1660
1660
1683
1704
1742
1764
1790
1800
1816
1814
1808
1809
1816
1827
1841
1856
1889
1918
1951
1939
1928
1923
1927
1907
1930
1957
1997
2016
2015
2019
2022
1996
1974
1962
1974
1999
2018
2050
2070
2065
2069
2072
2070
2083
2087
2077
2096
2137
2140
2126
2113
2107
2099
2099
2095
2087
2097
2107
2133
2130
2132
2130
2137
2134
2139
2138
2140
2156
2164
2192
2216
2215
2220
2226
2214
2219
2224
2237
2245
2262
2257
2246
2239
2213
2194
2193
2171
2175
2216
2243
2259
2265
2258
2264
2225
2204
2193
2185
2204
2227
2265
2291
2298
2285
2270
2240
2215
2216
2221
2231
2249
2292
2328
2339
2332
2327
2308
2286
2295
2307
2334
2343
2364
2393
2384
2380
2371
2356
2353
2368
2376
2401
2412
2416
2427
2433
2406
2427
2420
2420
2439
2453
2457
2473
2465
2473
2481
2486
2481
2478
2476
2491
2497
2488
2476
2473
2474
2483
2470
2464
2472
2452
2456
2430
2419
2403
2416
2424
2426
2432
2440
2433
2430
2416
2388
2383
2393
2406
2405
2417
2423
2438
2422
2413
2391
2369
2375
2352
2380
2405
2400
2400
2398
2369
2353
2328
2312
2283
2281
2282
2293
2302
2288
2291
2268
2243
2226
2208
2200
2201
2215
2224
2234
2220
2217
2193
2200
2195
2189
2191
2184
2187
2187
2179
2160
2140
2114
2088
2088
2070
2062
2048
2014
1999
1985
1969
1940
1951
1928
1913
1895
1896
1885
1889
1875
1868
1859
1863
1856
1864
1856
1849
1836
1818
1802
1801
1795
1781
1781
1778
1774
1759
1730
1714
1700
1688
1685
1676
1679
1680
1674
1668
1656
1651
1648
1645
1654
1668
1667
1665
1660
1651
1639
1644
1633
1624
1635
1644
1652
1666
1676
1679
1676
1672
1655
1657
1658
1681
1699
1711
1718
1726
1716
1714
1724
1710
1715
1732
1744
1756
1772
1778
1782
1787
1765
1744
1753
1762
1781
1804
1826
1846
1842
1839
1843
1827
1834
1855
1858
1876
1911
1903
1928
1956
1943
1917
1905
1904
1904
1903
1900
1923
1937
1943
1941
1955
1951
1965
1965
1971
1976
1976
1983
1996
2001
2012
2027
2029
2049
2064
2071
2076
2082
2091
2084
2086
2086
2077
2103
2124
2115
2134
2137
2139
2139
2123
2109
2100
2109
2127
2129
2138
2141
2138
2141
2145
2143
2151
2139
2144
2167
2163
2168
2181
2189
2192
2189
2190
2198
2185
2203
2204
2220
2214
2215
2228
2241
2268
2270
2262
2282
2286
2303
2304
2298
2323
2342
2341
2348
2363
2368
2368
2362
2351
2342
2354
2360
2369
2371
2388
2375
2368
2348
2331
2318
2304
2309
2312
2311
2318
2306
2286
2273
2265
2234
2203
2190
2188
2177
2192
2193
2190
2183
2179
2160
2131
2119
2101
2101
2102
2087
2104
2099
2071
2048
2035
2009
1998
1981
1979
1976
1965
1967
1953
1964
1951
1940
1939
1940
1936
1933
1927
1918
1922
1917
1900
1921
1912
1917
1926
1928
1948
1940
1927
1907
1904
1902
1926
1918
1936
1941
1932
1912
1901
1900
1891
1892
1905
1904
1898
1910
1883
1886
1878
1853
1835
1842
1819
1847
1850
1857
1855
1843
1840
1818
1802
1797
1791
1807
1833
1851
1856
1834
1845
1832
1814
1788
1803
1814
1835
1845
1857
1859
1841
1859
1858
1865
1870
1892
1921
1926
1950
1942
1950
1941
1941
1932
1935
1952
1962
1971
1996
1987
1998
1980
1963
1968
1960
1968
1980
1992
2001
2015
2000
1987
1971
1955
1931
1910
1897
1898
1911
1902
1906
1892
1856
1840
1821
1804
1807
1814
1800
1809
1801
1796
1802
1777
1752
1755
1732
1731
1731
1716
1730
1742
1741
1739
1728
1730
1714
1699
1699
1681
1685
1684
1694
1682
1672
1666
1649
1649
1629
1614
1601
1603
1612
1615
1640
1676
1686
1705
1704
1705
1699
1672
1682
1686
1667
1657
1669
1675
1682
1681
1665
1656
1669
1678
1667
1707
1725
1726
1723
1695
1690
1689
1689
1695
1707
1687
1692
1684
1690
1692
1702
1718
1726
1727
1715
1691
1679
1690
1707
1725
1724
1731
1720
1720
1736
1741
1751
1759
1773
1774
1795
1795
1811
1794
1792
1805
1830
1849
1865
1888
1856
1851
1855
1862
1877
1871
1870
1875
1875
1886
1884
1879
1892
1888
1911
1943
1949
1978
1982
2001
1995
1964
1959
1945
1948
1968
1975
1990
1996
2005
1998
2010
2012
2011
2028
2032
2060
2063
2075
2087
2111
2105
2102
2099
2098
2117
2118
2114
2107
2108
2091
2124
2162
2195
2223
2230
2225
2215
2195
2176
2170
2166
2186
2212
2224
2251
2246
2237
2233
2216
2212
2227
2220
2230
2239
2246
2259
