1912
1916
1916
1929
1911
1911
1924
1932
1902
1915
1911
1923
1938
1942
1922
1910
1915
1904
1902
1904
1896
1895
1889
1888
1884
1879
1883
1877
1879
1870
1871
1866
1864
1863
1861
1870
1873
1871
1865
1845
1852
1876
1873
1871
1867
1873
1871
1878
1881
1882
1891
1893
1898
1896
1894
1884
1890
1894
1905
1912
1908
1935
1944
1935
1931
1944
1945
1960
1957
1977
1969
1959
1979
1981
1979
1989
1987
1989
1984
2001
2006
2023
2018
2015
2018
2024
2016
2012
2003
2013
2028
2047
2032
2040
2030
2022
2013
2013
2008
2001
2015
2033
2033
2027
2132
2094
2035
2017
2007
2003
2008
2003
1992
2003
2002
2000
1987
1997
1992
1998
1996
2011
2028
2039
2042
2029
2013
2012
2010
2027
2032
2052
2052
2056
2048
2044
2035
2047
2067
2064
2079
2086
2092
2087
2092
2083
2086
2079
2076
2084
2104
2115
2124
2115
2103
2106
2096
2103
2094
2112
2115
2129
2134
2127
2123
2130
2136
2142
2139
2151
2154
2154
2132
2134
2130
2119
2112
2119
2134
2140
2143
2123
2130
2128
2119
2097
2090
2086
2079
2085
2076
2090
2099
2092
2093
2084
2082
2071
2082
2068
2064
2068
2065
2044
2049
2041
2048
2051
2052
2054
2052
2045
2040
2036
2149
2087
2055
2030
2061
2053
2054
2036
2054
2027
2024
2020
2022
2048
2056
2055
2054
2046
2025
2028
2011
1995
1979
1991
2004
2003
2016
2007
2001
1983
1969
1967
1971
1962
1968
1986
1983
1996
1982
1969
1976
1980
1966
1978
1989
2002
2008
2005
1993
1982
1953
1962
1971
1984
1971
1967
2065
2019
1973
1984
1977
1975
1977
1986
1971
1967
1980
1973
1982
1970
2009
2110
2133
2062
2107
2036
1996
1984
1977
1967
1982
1984
1981
1986
1968
1972
1971
1968
1971
1969
1983
1994
1996
1991
1988
1993
1990
1996
1995
1992
2004
2016
2014
2021
2013
2015
2022
2012
2015
2030
2032
2038
2044
2138
2068
2040
2030
2017
2026
2017
2028
2020
2025
2031
2029
2031
2021
2012
2007
2025
2047
2038
2047
2046
2039
2030
2035
2015
2015
1999
1997
1996
2012
2002
2003
2006
2012
2012
2007
2010
2006
2020
2009
2009
2000
2004
2007
2008
1990
1996
2012
2023
2044
2052
2038
2032
2047
2040
2055
2058
2056
2048
2041
2040
2028
2035
2027
2038
2065
2061
2068
2076
2076
2075
2054
2027
2031
2032
2036
2050
2068
2075
2061
2051
2028
2022
2020
2019
2028
2036
2057
2047
2040
2032
2027
2016
2012
2031
2031
2048
2051
2039
2027
2022
2006
2010
2024
2032
2008
2021
2030
2026
2019
2015
2003
1997
1995
1994
1984
1992
1983
2009
2004
2006
1985
1990
1992
1992
1983
1999
2022
2009
2008
2000
1982
1993
1991
1988
1989
2008
2003
2009
2007
2000
1994
1990
2004
2013
2014
1993
2007
2019
2024
2037
2043
2049
2046
2040
2047
2052
2062
2041
2058
2061
2065
2079
2071
2078
2065
2075
2075
2067
2056
2066
2064
2057
2061
2045
2022
1996
1969
1946
1978
2035
2126
2170
2191
2219
2190
2126
2040
1949
1910
1929
1992
2059
2110
2119
2077
1957
1818
1694
1698
1752
1921
2119
2310
2453
2430
2334
2128
1935
1795
1743
1852
2026
2211
2388
2478
2449
2310
2102
1852
1645
1519
1554
1668
1844
2019
2160
2214
2235
2231
2184
2171
2105
2068
2127
2161
2218
2254
2255
2136
1961
1871
1959
2160
2396
2603
2634
2472
2203
1954
1799
1748
1816
1921
2048
2124
2186
2186
2137
2026
1854
1761
1810
2014
2227
2357
2341
2226
2047
1863
1712
1627
1703
1948
2211
2319
2268
2020
1706
1390
1180
1167
1341
1603
1838
1895
1788
1601
1460
1421
1462
1544
1659
1797
1935
2062
2183
2251
2310
2345
2328
2321
2317
2352
2450
2471
2390
2195
1904
1601
1409
1395
1494
1695
1885
2017
2067
2044
1913
1772
1633
1545
1524
1561
1656
1804
2000
2184
2284
2275
2182
2059
1966
1954
2054
2220
2379
2508
2507
2377
2185
1991
1895
1906
2069
2306
2532
2638
2559
2381
2120
1873
1699
1652
1692
1839
2040
2249
2362
2321
2126
1889
1651
1543
1515
1580
1710
1832
1954
2009
2015
2011
1958
1926
1947
2046
2183
2311
2389
2444
2482
2515
2503
2476
2426
2424
2465
2510
2535
2503
2451
2366
2270
2144
2024
1929
1859
1852
1848
1838
1832
1854
1932
2041
2147
2242
2264
2240
2187
2125
2098
2103
2098
2128
2124
2126
2103
2067
2009
1951
1898
1885
1906
1963
2031
2063
2077
2041
2000
1946
1916
1896
1907
1917
1942
1964
1988
2004
1988
1960
1926
1919
1976
2041
2122
2164
2185
2161
2117
2063
2023
1999
2005
2010
2031
2051
2065
2084
2079
2024
1954
1882
1845
1867
1913
1963
1986
1993
1953
1891
1852
1816
1823
1872
1952
2070
2181
2228
2217
2143
2024
1939
1878
1874
1888
1935
1999
2049
2073
2033
1958
1843
1755
1752
1830
1960
2088
2172
2197
2105
1955
1788
1655
1603
1660
1790
1937
2067
2140
2139
2088
1980
1907
1894
1946
2027
2117
2174
2202
2172
2112
2043
1969
1951
1968
2016
2073
2121
2139
2112
2055
2012
1958
1958
1980
2042
2115
2189
2236
2227
2200
2142
2072
2013
1956
1937
1941
1961
1980
1975
1966
1920
1867
1828
1777
1777
1814
1831
1841
1836
1814
1776
1744
1735
1764
1804
1863
1936
1955
1953
1904
1813
1718
1620
1581
1596
1650
1743
1859
1972
2043
2076
2066
2013
1983
1969
2003
2054
2120
2161
2158
2111
2031
1944
1887
1840
1851
1916
1965
1999
2001
1983
1936
1862
1801
1751
1759
1840
1949
2050
2136
2155
2127
2099
2072
2057
2072
2095
2148
2202
2258
2289
2292
2250
2199
2121
2065
2052
2057
2072
2097
2106
2096
2097
2062
2018
1996
1975
1982
2030
2094
2142
2158
2159
2120
2061
2017
1994
1983
1995
2024
2070
2108
2119
2129
2096
2074
2038
2016
2021
2049
2080
2118
2152
2130
2116
2083
2040
1987
1984
1987
1989
1996
1983
1964
1920
1877
1851
1858
1895
1931
1987
2035
2060
2081
2091
2085
2062
2047
2045
2064
2079
2102
2108
2093
2049
2048
1953
1917
1876
1880
1887
1912
1920
1927
1906
1892
1880
1867
1884
1898
1956
2002
2055
2079
2091
2105
2083
2070
2048
2036
2021
2004
1990
1995
1990
1989
2001
1999
1994
1990
1996
1986
1988
1991
1949
1918
1882
1863
1834
1815
1803
1790
1799
1809
1827
1838
1886
1943
2023
1985
1962
1969
1985
2017
2048
2097
2151
2263
2288
2191
2219
2113
2074
2072
2090
2089
2080
2083
2051
2024
2001
1955
1902
1876
1842
1834
1840
1841
1840
1841
1838
1842
1851
1859
1864
1892
1914
1957
2001
2031
2046
2053
2032
2020
2008
1990
1990
2007
2003
2014
2049
2115
2059
2037
2025
1998
1965
1946
1930
1922
1919
1901
1872
1856
1836
1820
1804
1807
1810
1819
1815
1839
1849
1842
1862
1877
1912
1938
1986
2048
2103
2126
2145
2144
2140
2133
2107
2105
2100
2096
2096
2074
2030
1971
1932
1892
1867
1882
1905
1935
1961
1926
1902
1881
1880
1897
1945
2013
2072
2137
2174
2183
2168
2142
2128
2110
2111
2115
2131
2176
2219
2234
2225
2233
2220
2203
2181
2180
2192
2222
2244
2251
2253
2238
2216
2200
2195
2169
2172
2192
2227
2241
2254
2247
2259
2254
2243
2240
2242
2243
2249
2256
2259
2211
2163
2122
2086
2059
2011
1996
1988
1967
1950
1943
1919
1917
1923
1942
1955
1979
1996
2019
2029
2055
2076
2129
2135
2160
2174
2171
2177
2156
2148
2127
2115
2098
2074
2060
2057
2029
2008
1984
1954
1907
1892
1862
1887
1921
1971
2001
2019
2041
2045
2059
2067
2082
2129
2174
2220
2248
2252
2251
2253
2232
2209
2202
2198
2213
2217
2222
2242
2230
2206
2153
2111
2096
2084
2078
2092
2123
2137
2138
2113
2076
2043
2027
2013
2016
2024
2074
2099
2140
2114
2083
2057
2054
2034
2027
2029
2057
2070
2058
2059
2034
2005
1980
1955
1954
1963
1986
1990
2003
1999
1980
1964
1964
1949
1968
1989
2006
2042
2057
2088
2084
2086
2071
2072
2059
2049
2057
2059
2069
2083
2068
2051
2036
2036
2028
2011
2017
2009
2032
2043
2061
2063
2049
2030
2014
2004
1993
1996
1990
2002
2017
2045
2056
2048
2040
2032
2040
2047
2062
2073
2097
2097
2083
2084
2075
2071
2055
2038
2020
2030
2033
2040
2057
2050
2047
2044
2043
2043
2041
2040
2023
2017
2015
1998
1975
1972
1957
1935
1932
1918
1891
1878
1873
1871
1880
1903
1914
1916
1930
1927
1890
1887
1893
1882
1881
1871
1881
1899
1902
1898
1881
1874
1861
1879
1887
1899
1890
1909
1908
1905
1914
1885
1880
1867
1884
1873
1887
1883
1863
1871
1844
1819
1810
1830
1841
1856
1881
1884
1888
1882
1856
1849
1856
1856
1873
1905
1931
1946
1949
1918
1915
1905
1896
1915
1950
1966
1990
1984
1996
2004
1984
1971
1981
1995
2019
2035
2059
2075
2081
2079
2058
2041
2035
2013
2011
2024
2053
2088
2103
2114
2110
2088
2072
2055
2062
2092
2108
2119
2111
2115
2107
2089
2076
2072
2079
2095
2095
2097
2102
2103
2104
2083
2081
2094
2091
2093
2090
2095
2092
2094
2085
2087
2101
2085
2108
2118
2121
2102
2097
2078
2086
2078
2058
2028
2032
2022
2023
2010
1998
1993
1988
2003
1999
1997
2016
2037
2072
2092
2109
2113
2128
2118
2119
2127
2116
2124
2118
2104
2090
2087
2089
2072
2056
2039
2018
2003
2007
2001
2016
2012
2016
2023
2029
2027
2007
1987
1981
1995
1993
2005
2014
2032
2052
2047
2038
2024
2031
2017
2020
2030
2037
2068
2075
2077
2076
2058
2031
2030
2024
2018
2023
2033
2037
2031
2009
1999
1988
1979
1963
1980
1999
1991
1978
1980
1960
1926
1910
1915
1916
1929
1954
1960
1953
1921
1901
1876
1868
1866
1862
1871
1888
1879
1881
1875
1871
1858
1849
1860
1854
1873
1887
1897
1921
1930
1923
1916
1898
1879
1884
1890
1918
1940
1950
1955
1942
1946
1950
1950
1928
1923
1955
1970
1964
1971
1978
1965
1968
1971
1973
1975
1974
1963
1966
1958
1955
1937
1924
1915
1905
1905
1906
1893
1882
1880
1890
1897
1891
1897
1896
1895
1897
1908
1926
1936
1954
1955
1956
1959
1942
1915
1920
1925
1933
1907
1916
1913
1927
1904
1887
1892
1888
1892
1910
1911
1943
1949
1950
1937
1926
1923
1913
1914
1925
1944
1953
1955
1955
1959
1944
1931
1936
1945
1951
1953
1953
1964
1964
1962
1951
1960
1950
1949
1947
1955
1949
1944
1953
1969
1968
1988
1982
2000
1984
1982
1992
2000
2016
2015
2007
2002
1997
1998
2001
2012
2018
2031
2039
2037
2048
2060
2072
2085
2072
2055
2060
2067
2084
2079
2090
2103
2092
2094
2100
2089
2082
2085
2109
2113
2109
2119
2142
2146
2149
2140
2127
2109
2100
2096
2107
2123
2129
2123
2127
2139
2126
2112
2087
2079
2086
2119
2132
2167
2188
2201
2197
2180
2156
2163
2156
2179
2179
2190
2207
2218
2204
2191
2188
2183
2180
2182
2197
2209
2235
2240
2252
2243
2238
2223
2231
2224
2221
2210
2206
2192
2165
2161
2136
2118
2105
2084
2081
2068
2065
2072
2067
2067
2068
2079
2084
2079
2083
2080
2077
2079
2086
2096
2096
2120
2119
2120
2115
2114
2110
2093
2083
2091
2092
2110
2101
2087
2079
2082
2068
2043
2028
2036
2036
2048
2069
2070
2069
2068
2067
2070
2054
2066
2084
2094
2090
2087
2079
2073
2079
2081
2078
2065
2082
2088
2095
2096
2214
2178
2137
2131
2120
2119
2113
2101
2092
2093
2083
2064
2055
2076
2068
2055
2043
2042
2029
2039
2013
2005
2020
2060
2085
2086
2070
2062
2046
2035
2013
2011
1990
1989
2003
2031
2054
2047
2037
2012
2002
1976
1950
1956
1976
2008
2028
2034
2020
1977
1933
1903
1868
1872
1898
1948
1980
2008
2025
1999
1967
1936
1905
1927
1958
1986
2012
2028
2031
1981
1963
1940
1949
1993
2032
2035
2072
2079
2070
2041
2019
2011
2010
2047
2067
2105
2125
2130
2102
2073
2055
2044
2042
2043
2044
2045
2041
2009
1991
1959
1955
1964
1971
1978
1992
2023
2028
2038
2022
1987
1975
1974
1969
1954
1951
1949
1956
1943
1950
1913
1905
1897
1884
1872
2036
1922
1914
1964
1937
1923
1880
1868
1838
1836
1839
1858
1883
1916
1932
1948
1919
1897
1877
1855
1850
1863
1882
1891
1918
1924
1915
1887
1851
1818
1830
1830
1844
1859
1864
1890
1900
1903
1891
1897
1892
1889
1901
1896
1897
1899
1900
1907
1901
1895
1878
1881
1903
1905
1927
1935
1959
2052
1982
1966
1974
1959
1959
1966
1967
1964
1960
1948
1939
1948
1954
1977
1986
2019
2139
2151
2093
2025
2083
2083
2060
2064
2081
2092
2112
2107
2096
2071
2059
2064
2077
2097
2108
2100
2124
2130
2112
2096
2091
2102
2093
2108
2108
2130
2121
2109
2103
2096
2104
2107
2092
2088
2096
2108
2121
2129
2116
2115
2095
2080
2089
2090
2099
2097
2091
2076
2067
2041
2017
2010
2014
2014
2003
2011
2012
2000
1982
1960
1949
1961
1976
1991
2014
2012
2011
2008
1993
1947
1935
1940
1935
1940
1958
1977
1980
1962
1940
1916
1891
1883
1888
1901
1922
1939
1956
1951
1950
1942
1943
1938
1941
1938
1974
1971
1977
1972
1958
1955
1945
1947
1977
1983
1985
1985
1985
1980
1983
1974
1961
1960
1968
1955
1972
1965
1973
1965
1955
1943
1938
1936
1954
1948
1958
1977
1986
1971
2065
1991
1957
1938
1968
1964
1982
1996
2004
2006
1988
1983
1977
1978
1990
1996
2012
2028
2041
2028
2018
2004
2008
2007
1979
1993
1987
2004
2022
2021
2022
2008
2000
1997
1999
1984
1994
2011
2000
2008
2019
2022
2035
2034
2032
2054
2056
2060
2059
2073
2081
2096
2079
2078
2092
2094
2096
2084
2081
2074
2071
2056
2050
2051
2041
2050
2055
2065
2076
2073
2068
2076
2072
2077
2089
2096
2101
2103
2119
2106
2104
2106
2095
2089
2100
2099
2098
2096
2103
2092
2076
2086
2059
2062
2082
2072
2092
2089
2092
2092
2099
2100
2085
2082
2068
2052
2049
2025
2028
2036
2031
2040
2023
2010
2006
2024
2031
2035
2039
2040
2046
2048
2032
2025
2032
2034
2053
2063
2048
2049
2028
2023
2007
1997
1980
1983
2002
2034
2045
2037
2043
2030
2028
1999
1982
1988
2004
1999
2005
2004
2004
2008
1989
1964
1963
1953
1960
1996
2013
2035
2038
2028
2010
2022
2001
1996
1999
2001
2010
2030
2032
2043
2034
2025
2026
2019
2020
2024
2020
2033
2030
2033
2023
2014
1996
2006
1999
1997
2015
2017
2018
2021
2012
2008
2012
2032
2038
2051
2041
2056
2070
2073
2054
2053
2051
2031
2042
2063
2070
2085
2076
2073
2049
2050
2039
2037
2033
2060
2068
2069
2063
2060
2053
2055
2057
2065
2067
2083
2103
2105
2099
2088
2079
2082
2087
2091
2088
2097
2092
2092
2087
2080
2064
2064
2070
2071
2078
2080
2079
2083
2073
2065
2048
2035
2048
2049
2051
2060
2060
2082
2072
2055
2039
2025
2012
2006
2010
2028
2049
2038
2025
2016
2016
2001
1970
1977
1990
2010
2003
1991
1998
1999
1979
1964
1942
1930
1939
1944
1961
1978
1983
1988
1974
1966
1948
1944
1961
1980
1982
2015
2014
2037
2046
2037
2035
2046
2068
2084
2087
2088
2103
2081
2087
2080
2090
2079
2069
2067
2073
2092
2092
2087
2058
2050
2048
2033
2041
2024
2023
2018
2014
2001
1987
1990
1993
1977
1972
1968
1961
1967
1943
1923
1918
1923
1927
1931
1927
1926
1903
1905
1891
1884
1881
1881
1883
1893
1916
1929
1937
1937
1929
1924
1937
1942
1971
2002
2031
2048
2070
2071
2060
2051
2051
2047
2061
2078
2086
2092
2106
2115
2107
2090
2081
2096
2079
2077
2088
2093
2106
2103
2084
2092
2092
2084
2081
2084
2088
2078
2085
2104
2116
2112
2100
2089
2092
2113
2124
2113
2109
2110
2090
2107
2099
2097
2076
2085
2087
2081
2065
2049
2033
2038
2036
2035
2048
2075
2066
2069
2070
2072
2075
2045
2048
2023
2039
2033
2040
2037
2044
2057
2027
2014
2003
1979
1976
1978
1985
1990
1987
1976
1964
1953
1936
1912
1902
1900
1907
1907
1920
1892
1884
1879
1868
1859
1844
1844
1859
1869
1882
1888
1872
1875
1860
1860
1845
1843
1838
1843
1840
1844
1839
1831
1843
1849
1841
1859
1859
1856
1863
1852
1849
1851
1853
1872
1895
1931
1941
1982
2005
2003
2007
1990
1983
1991
2002
2035
2048
2057
2051
2056
2039
2035
2026
2043
2058
2076
2096
2119
2119
2116
2112
2099
2087
2056
2056
2071
2058
2071
2084
2094
2105
2115
2104
2109
2104
2123
2154
2161
2187
2191
2187
2161
2142
2138
2166
2185
2222
2207
2196
2177
2136
2103
2080
2089
2078
2114
2163
2196
2205
2182
2159
2128
2112
2109
2094
2105
2116
2123
2127
2108
2079
2036
2001
1998
1980
1977
1987
1987
1991
1999
1980
1959
1943
1924
1923
1949
1960
1990
2023
2025
2025
2012
1991
1978
1965
1965
1964
1964
1990
1993
1988
1991
1989
1968
1955
1969
1991
2011
2040
2040
2057
2054
2033
2003
1990
1984
1986
2007
2001
1964
1950
1934
1917
1924
1934
1953
1987
1996
1992
1992
1980
1964
1943
1920
1932
1951
1973
1980
1967
1940
1923
1904
1887
1903
1900
1899
1904
1906
1885
1849
1816
1788
1777
1792
1825
1852
1859
1840
1838
1822
1814
1819
1856
1891
1940
1968
1954
1945
1950
1922
1920
1915
1900
1886
1895
1891
1906
1888
1862
1843
1820
1820
1842
1882
1935
1968
1988
1958
1935
1912
1915
1934
1973
1997
2029
2055
2063
2073
2067
2027
1988
1959
1939
1950
1998
2031
2027
1994
1959
1894
1857
1838
1852
1895
1930
1981
2002
1990
1942
1912
1902
1889
1891
1910
1935
1958
1964
1958
1944
1928
1894
1856
1850
1897
1981
2078
2145
2169
2163
2017
1902
1792
1774
1801
1836
1813
1805
1761
1702
1672
1680
1712
1752
1791
1846
1887
1925
1944
1955
1976
2010
2056
2080
2084
2068
2058
2037
2011
1956
1899
1857
1874
1928
2009
2110
2168
2202
2188
2125
2086
2052
2035
2041
2119
2250
2391
2497
2534
2479
2335
2130
1983
1899
1883
1942
2067
2171
2219
2226
2202
2137
2080
2175
2070
2057
2081
2125
2156
2185
2202
2247
2267
2238
2209
2161
2141
2113
2068
2033
2000
1993
2015
2054
2111
2179
2208
2201
2151
2075
2002
1971
1997
2072
2143
2176
2188
2187
2155
2135
2111
2110
2109
2104
2123
2182
2238
2266
2292
2275
2232
2200
2136
2110
2146
2193
2233
2284
2299
2295
2264
2243
2228
2240
2276
2336
2388
2474
2527
2544
2483
2416
2339
2256
2204
2174
2189
2192
2216
2215
2179
2129
2090
2059
2048
2030
2026
2028
2008
1968
1916
1902
1910
1954
2014
2084
2107
2100
2074
2013
1962
1918
1912
1948
2008
2067
2104
2116
2089
2049
1983
1932
1919
1940
1997
2081
2166
2211
2199
2108
2024
1946
1920
1946
2046
2176
2297
2377
2396
2374
2288
2173
2075
2030
2040
2092
2163
2256
2321
2355
2351
2303
2251
2207
2183
2159
2173
2184
2187
2202
2195
2199
2212
2252
2289
2302
2307
2314
2313
2302
2284
2270
2281
2324
2324
2330
2319
2278
2240
2208
2201
2190
2201
2220
2228
2214
2153
2084
1999
1920
1829
1773
1780
1807
1873
1938
1970
1972
1939
1868
1790
1720
1679
1675
1710
1765
1813
1862
1878
1871
1842
1818
1771
1713
1711
1722
1760
1809
1843
1855
1860
1870
1958
1928
1880
1879
1898
1937
1949
1940
1920
1896
1875
1861
1855
1854
1848
1865
1900
1929
1960
1992
1972
1939
1890
1854
1799
1742
1728
1737
1757
1792
1839
1884
1934
1968
1951
1926
1882
1848
1831
1830
1838
1890
1951
1977
1974
1961
1921
1875
1820
1767
1734
1699
1674
1667
1661
1668
1678
1709
1752
1760
1764
1754
1742
1732
1720
1774
1836
1824
1809
1807
1806
1779
1783
1771
1758
1754
1754
1787
1856
1908
1966
2047
2071
2030
1874
1856
1849
1807
1857
1931
2015
2073
2099
2074
2023
1952
1908
1895
1921
1980
2030
2060
2072
2052
2015
1981
1937
1896
1868
1892
1928
1959
1985
2003
2000
1990
1956
1910
1852
1827
1824
1866
1937
2057
2061
2088
2075
2036
1972
1918
1863
1852
1870
1924
2012
2095
2147
2123
2052
1980
1912
1866
1867
1906
1994
2058
2118
2159
2161
2151
2093
2022
1955
1929
1942
1996
2106
2205
2250
2247
2187
2087
2001
1932
1953
2016
2109
2215
2276
2245
2201
2147
2084
2019
2003
2016
2078
2140
2152
2142
2080
1980
1885
1844
1860
1896
1942
1992
1998
1973
1903
1812
1733
1714
1716
1742
1780
1830
1806
1751
1671
1591
1551
1584
1619
1689
1760
1787
1746
1698
1627
1587
1564
1602
1668
1750
1867
1940
1955
1909
1861
1797
1769
1796
1884
2023
2138
2247
2316
2315
2277
2193
2137
2142
2199
2300
2391
2454
2473
2437
2354
2296
2243
2227
2265
2318
2391
2428
2441
2394
2343
2287
2235
2211
2204
2229
2254
2265
2235
2215
2165
2094
2002
1938
1903
1913
1944
1981
1996
1981
1916
1852
1799
1756
1735
1716
1704
1705
1717
1712
1697
1651
1634
1614
1598
1609
1643
1658
1670
1676
1651
1620
1608
1608
1623
1625
1634
1648
1688
1746
1790
1815
1786
1739
1712
1708
1735
1784
1818
1850
1900
1994
2135
2182
2123
2041
1980
1929
1852
1877
1942
2060
2156
2240
2278
2192
2087
1986
1983
2054
2168
2331
2442
2455
2324
2157
2009
1960
2051
2219
2368
2459
2447
2345
2238
2145
2162
2213
2252
2281
2295
2255
2212
2147
2105
2109
2139
2184
2236
2258
2237
2151
2068
1995
1891
1836
1810
1875
1999
2101
2129
2055
1926
1776
1708
1693
1793
1982
2194
2363
2380
2291
2092
1888
1766
1783
1916
2100
2294
2421
2436
2327
2171
2013
1934
1962
2077
2241
2364
2433
2453
2402
2294
2190
2116
2140
2232
2380
2515
2604
2595
2492
2366
2291
2231
2256
2304
2345
2321
2288
2166
2104
2110
2140
2146
2144
2116
2063
2040
1987
1976
1969
1984
1986
1956
1911
1902
1884
1867
1840
1826
1837
1855
1894
1927
1960
1945
1937
1900
1885
1894
1935
1999
2063
2106
2152
2187
2189
2174
2140
2135
2171
2244
2345
2404
2437
2417
2367
2346
2350
2401
2506
2613
2701
2740
2706
2612
2498
2428
2434
2510
2629
2732
2788
2768
2717
2635
2561
2529
2550
2621
2698
2780
2837
2805
2743
2619
2500
2408
2364
2399
2455
2505
2535
2520
2463
2412
2310
2246
2235
2240
2314
2348
2341
2309
2277
2243
2216
2233
2271
2338
2368
2384
2351
2281
2216
2178
2175
2228
2289
2361
2424
2429
2403
2344
2263
2204
2212
2271
2366
2446
2499
2508
2445
2358
2290
2315
2390
2504
2588
2631
2622
2574
2503
2419
2393
2394
2423
2470
2525
2534
2520
2483
2426
2379
2340
2345
2335
2383
2425
2432
2421
2369
2289
2227
2193
2192
2217
2267
2297
2306
2270
2214
2154
2118
2117
2136
2195
2253
2287
2308
2292
2222
2150
2104
2095
2098
2136
2175
2227
2255
2260
2227
2177
2115
2063
2038
2031
2049
2094
2118
2129
2126
2108
2088
2065
2024
2001
2000
2008
2042
2055
2068
2047
2006
1954
1888
1850
1842
1863
1897
1944
1984
1991
1963
1907
1838
1801
1774
1783
1792
1843
1860
1841
1775
1692
1631
1564
1543
1567
1617
1663
1681
1644
1555
1456
1384
1336
1360
1400
1472
1548
1586
1577
1504
1410
1324
1264
1244
1260
1304
1353
1424
1460
1427
1344
1276
1243
1228
1243
1336
1415
1481
1470
1414
1307
1210
1169
1166
1192
1284
1392
1455
1474
1431
1337
1241
1150
1125
1139
1197
1279
1376
1456
1448
1384
1285
1200
1165
1156
1140
1155
1179
1280
1442
1562
1552
1433
1229
1048
963
964
1039
1183
1339
1484
1547
1462
1191
1087
1084
1180
1350
1508
1622
1686
1648
1533
1344
1191
1067
1078
1195
1379
1589
1731
1767
1660
1473
1249
1090
1096
1312
1637
1902
2014
1904
1661
1392
1180
1089
1167
1379
1663
1861
1885
1744
1562
1421
1371
1431
1512
1585
1649
1715
1755
1665
1531
1373
1259
1214
1193
1220
1290
1453
1620
1774
1788
1616
1397
1169
1104
1152
1345
1587
1844
2002
2012
1889
1646
1415
1236
1206
1353
1639
1912
2062
2047
1870
1643
1431
1315
1319
1396
1527
1659
1792
1856
1835
1651
1454
1280
1216
1207
1294
1433
1592
1686
1660
1545
1345
1205
1127
1099
1146
1254
1395
1504
1580
1546
1432
1301
1187
1134
1148
1246
1368
1473
1544
1523
1459
1430
1459
1561
1714
1855
1954
2017
2070
2118
2183
2205
2228
2264
2318
2428
2577
2753
2964
3159
3279
3423
3369
3340
3368
3445
3574
3715
3847
3890
3894
3861
3793
3674
3687
3885
4056
4094
4094
4095
4094
4095
4091
3983
3977
4059
4094
4094
4094
3948
3739
3567
3370
3238
3162
3148
3158
3163
3142
3086
2972
2812
2602
2410
2263
2149
2095
2060
2001
1917
1847
1657
1509
1452
1451
1495
1542
1575
1590
1575
1518
1470
1431
1373
1323
1283
1308
1335
1376
1383
1395
1383
1388
1428
1506
1642
1814
1966
2112
2196
2235
2223
2224
2240
2301
2374
2457
2568
2647
2708
2758
2814
2878
2939
3009
3080
3154
3184
3205
3216
3244
3254
3236
3176
3116
3089
3095
3147
3198
3261
3281
3247
3228
3207
3168
3120
3063
3012
2979
2930
2847
2754
2655
2568
2527
2520
2530
2531
2513
2514
2506
2545
2592
2660
2703
2734
2747
2776
2781
2748
2696
2662
2624
2606
2589
2607
2619
2653
2723
2796
2814
2814
2781
2757
2737
2726
2705
2692
2648
2608
2561
2488
2409
2352
2316
2307
2321
2379
2427
2455
2474
2470
2433
2355
2297
2252
2225
2195
2168
2145
2120
2075
2016
1952
1868
1794
1703
1624
1569
1519
1442
1376
1343
1305
1235
1169
1096
1036
975
947
934
939
967
988
1013
1009
989
958
935
900
862
851
817
769
739
696
696
689
708
739
788
812
817
818
841
851
867
906
941
978
991
991
993
971
955
967
954
957
979
988
1004
1001
984
950
900
871
853
848
841
829
824
800
763
730
663
587
565
548
569
608
633
653
684
715
732
746
746
762
799
826
838
857
851
843
829
816
816
842
864
898
956
1007
1052
1104
1135
1166
1184
1213
1209
1224
1199
1218
1263
1304
1352
1388
1406
1416
1424
1424
1444
1479
1524
1577
1589
1619
1616
1604
1601
1624
1675
1741
1798
1840
1884
1884
1910
1946
1974
2032
2111
2151
2195
2216
2214
2230
2247
2254
2260
2284
2313
2355
2375
2411
2416
2416
2424
2409
2418
2418
2436
2435
2462
2464
2447
2441
2428
2411
2392
2391
2391
2388
2379
2387
2407
2424
2425
2428
2430
2423
2412
2392
2375
2352
2335
2330
2340
2344
2333
2349
2332
2315
2336
2335
2355
2387
2411
2438
2481
2519
2545
2561
2579
2598
2620
2614
2636
2676
2710
2731
2757
2771
2781
2799
2810
2815
2834
2851
2889
2955
3020
3069
3103
3118
3128
3131
3143
3169
3203
3262
3320
3375
3424
3476
3496
3498
3483
3486
3492
3515
3544
3567
3589
3601
3571
3560
3525
3493
3490
3479
3499
3518
3552
3526
3544
3547
3527
3483
3441
3410
3384
3347
3315
3297
3289
3280
3276
3235
3199
3181
3142
3121
3108
3095
3067
3038
2995
2980
2977
2981
2971
2960
2943
2961
2987
3000
3022
3023
3022
3017
3018
3031
3023
3060
3106
3146
3168
3166
3122
3105
3103
3128
3173
3207
3256
3272
3268
3250
3225
3196
3163
3140
3123
3096
3065
3055
3033
2994
2946
2881
2820
2774
2761
2743
2747
2714
2691
2636
2544
2465
2362
2282
2206
2173
2140
2121
2094
2055
2012
1946
1904
1874
1851
1850
1864
1889
1916
1941
1952
1933
1918
1880
1869
1855
1878
1911
1957
1995
1995
1988
1972
1966
1961
1968
1998
2032
2072
2113
2131
2144
2129
2066
2027
2005
2023
2063
2124
2168
2206
2196
2175
2122
2080
2056
2045
2051
2045
2044
2032
1993
1946
1893
1830
1759
1723
1683
1673
1639
1638
1596
1560
1506
1452
1404
1359
1329
1309
1303
1282
1256
1211
1172
1143
1115
1098
1064
1042
1039
1016
983
958
915
895
840
780
736
730
709
696
670
656
630
603
562
534
515
529
529
542
554
556
554
547
561
587
597
587
596
636
684
711
752
789
822
843
862
863
871
884
894
904
915
956
968
969
968
945
949
983
981
994
1016
1023
1037
1080
1072
1087
1095
1105
1103
1104
1140
1167
1190
1204
1214
1210
1211
1204
1194
1221
1246
1287
1307
1304
1307
1308
1309
1306
1308
1319
1324
1329
1347
1378
1386
1373
1392
1397
1422
1450
1462
1477
1468
1487
1509
1534
1543
1558
1568
1595
1618
1632
1631
1650
1656
1663
1670
1694
1725
1760
1788
1808
1821
1823
1822
1841
1847
1902
1939
1966
2012
2033
2072
2094
2101
2134
2150
2179
2200
2238
2289
2327
2368
2413
2447
2435
2396
2360
2352
2370
2416
2469
2512
2549
2550
2497
2429
2346
2289
2264
2298
2363
2420
2444
2437
2355
2278
2204
2164
2169
2211
2255
2304
2337
2303
2253
2190
2149
2127
2136
2155
2187
2246
2287
2282
2249
2193
2136
2106
2094
2114
2121
2150
2157
2168
2137
2107
2091
2098
2140
2180
2187
2200
2185
2185
2203
2207
2238
2278
2330
2369
2395
2355
2328
2285
2256
2264
2294
2320
2359
2379
2382
2342
2286
2240
2188
2129
2107
2079
2061
2047
2020
1987
1942
1891
1843
1795
1771
1757
1760
1767
1783
1801
1784
1750
1710
1663
1619
1622
1621
1648
1681
1723
1757
1782
1769
1753
1708
1667
1626
1614
1653
1825
1823
1808
1808
1778
1664
1627
1648
1720
1805
1923
1967
1990
1954
1930
1897
1867
1895
1950
2046
2121
2151
2157
2134
2096
2027
1981
1981
2014
2085
2144
2213
2210
2177
2102
2031
1996
1982
2023
2073
2174
2234
2264
2250
2189
2094
1999
1965
1991
2055
2113
2134
2089
1993
1889
1793
1735
1718
1753
1833
1922
2016
2064
2032
1967
1872
1790
1728
1728
1800
1909
2003
2050
2065
2037
1976
1911
1860
1831
1843
1875
1921
1981
2001
2003
2016
1969
1915
1871
1871
1923
1996
2085
2179
2231
2250
2235
2216
2192
2168
2157
2166
2193
2241
2272
2299
2313
2303
2272
2251
2222
2199
2200
2218
2250
2259
2256
2269
2250
2223
2201
2170
2152
2332
2250
2199
2145
2108
2040
1965
1926
1916
1919
1928
1930
1911
1878
1844
1823
1799
1764
1747
1699
1662
1633
1589
1549
1509
1486
1462
1472
1447
1456
1462
1447
1423
1385
1325
1272
1222
1195
1201
1211
1225
1216
1215
1199
1177
1182
1210
1236
1295
1341
1374
1404
1383
1361
1352
1335
1279
1313
1373
1357
1372
1380
1396
1401
1416
1419
1439
1473
1509
1512
1549
1584
1627
1665
1769
1797
1728
1747
1727
1719
1741
1779
1790
1800
1803
1801
1802
1818
1825
1842
1860
1877
1907
1931
1946
1956
1965
1985
1998
2001
2019
2035
2145
2104
2100
2106
2104
2130
2128
2144
2172
2198
2206
2219
2222
2242
2250
2277
2337
2367
2424
2451
2482
2507
2528
2548
2585
2616
2638
2663
2689
2680
2674
2682
2663
2666
2670
2694
2721
2747
2768
2795
2807
2803
2823
2839
2848
2870
2897
2918
2941
2952
2958
2958
2968
2990
2992
3009
3030
3047
3053
3047
3020
2982
2963
2956
2942
2945
2950
2928
2929
2918
2883
2846
2831
2822
2827
2827
2844
2838
2828
2803
2764
2746
2724
2703
2697
2699
2707
2705
2688
2654
2622
2588
2559
2551
2546
2553
2560
2564
2554
2544
2526
2507
2498
2498
2489
2504
2507
2491
2493
2477
2458
2449
2460
2469
2479
2504
2531
2543
2541
2549
2544
2553
2558
2563
2588
2609
2624
2626
2615
2614
2620
2602
2637
2644
2637
2644
2632
2614
2600
2566
2549
2530
2515
2538
2527
2521
2529
2491
2472
2465
2451
2446
2435
2456
2476
2498
2512
2488
2471
2448
2421
2383
2376
2379
2395
2400
2399
2416
2387
2376
2356
2322
2294
2296
2302
2315
2330
2324
2303
2292
2266
2265
2264
2266
2299
2313
2321
2319
2313
2306
2297
2278
2286
2304
2326
2359
2364
2366
2356
2356
2320
2290
2269
2278
2274
2247
2250
2212
2184
2145
2115
2109
2075
2084
2082
2068
2065
2041
1995
1960
1928
1911
1907
1916
1929
1948
1925
1911
1886
1868
1822
1808
1796
1807
1819
1816
1788
1758
1720
1692
1652
1620
1612
1595
1591
1576
1545
1514
1480
1465
1451
1446
1438
1447
1452
1494
1504
1502
1500
1459
1440
1432
1435
1441
1448
1464
1487
1493
1479
1457
1446
1424
1420
1450
1455
1452
1442
1440
1419
1393
1384
1398
1411
1422
1431
1458
1464
1449
1428
1400
1388
1369
1365
1368
1379
1403
1417
1431
1443
1430
1425
1432
1449
1473
1479
1510
1526
1534
1529
1536
1511
1501
1489
1479
1462
1471
1480
1482
1479
1473
1466
1447
1443
1447
1440
1438
1447
1463
1479
1487
1491
1497
1472
1465
1447
1419
1411
1398
1407
1392
1407
1407
1414
1412
1396
1391
1381
1362
1361
1347
1367
1390
1431
1447
1457
1464
1460
1470
1483
1513
1536
1559
1599
1649
1669
1678
1679
1671
1686
1698
1722
1756
1774
1820
1836
1867
1872
1868
1858
1877
1901
1911
1935
1967
1996
2009
1988
1981
1965
1954
1953
1965
1994
2034
2070
2072
2091
2092
2092
2096
2113
2140
2167
2196
2220
2249
2259
2263
2268
2266
2300
2323
2350
2363
2410
2448
2462
2487
2488
2513
2511
2536
2556
2592
2628
2648
2688
2703
2737
2725
2750
2771
2806
2840
2860
2903
2936
2941
2947
2958
2963
2945
2957
2976
2955
2958
2963
2950
2944
2925
2910
2909
2890
2887
2878
2867
2835
2838
2832
2815
2811
2797
2799
2796
2784
2775
2765
2752
2739
2724
2712
2704
2707
2689
2680
2676
2663
2654
2641
2623
2597
2591
2589
2591
2568
2548
2521
2489
2452
2437
2433
2418
2436
2441
2422
2429
2393
2361
2333
2307
2310
2309
2304
2320
2308
2311
2310
2292
2292
2264
2257
2257
2245
2235
2223
2218
2198
2173
2140
2112
2085
2060
2038
2031
2027
2009
1988
1948
1930
1883
1860
1857
1860
1856
1857
1843
1833
1814
1782
1756
1742
1715
1700
1671
1656
1635
1607
1575
1537
1495
1469
1450
1446
1418
1403
1381
1353
1308
1280
1261
1232
1230
1207
1220
1213
1209
1192
1197
1196
1188
1171
1168
1180
1202
1184
1191
1188
1194
1196
1189
1190
1190
1177
1187
1194
1176
1176
1143
1125
1113
1100
1097
1093
1104
1139
1142
1129
1122
1116
1118
1113
1106
1122
1126
1141
1155
1158
1158
1168
1164
1166
1175
1185
1174
1202
1205
1227
1221
1211
1203
1198
1196
1191
1206
1223
1232
1244
1257
1248
1249
1257
1251
1263
1283
1297
1345
1368
1393
1414
1438
1452
1451
1461
1491
1508
1510
1527
1555
1574
1580
1595
1613
1628
1646
1654
1660
1668
1673
1687
1713
1722
1748
1780
1795
1777
1764
1748
1751
1793
1853
1905
2003
2064
2100
2123
2127
2095
2065
2027
2043
2083
2156
2255
2357
2410
2405
2382
2328
2262
2213
2202
2247
2349
2454
2552
2588
2579
2508
2400
2316
2264
2268
2316
2432
2551
2636
2627
2556
2450
2318
2221
2227
2288
2432
2560
2659
2677
2618
2510
2367
2291
2277
2316
2436
2537
2627
2666
2632
2531
2428
2337
2294
2319
2379
2453
2526
2550
2503
2457
2383
2327
2300
2319
2355
2409
2469
2488
2472
2404
2332
2288
2274
2292
2336
2385
2418
2433
2416
2362
2320
2282
2279
2276
2294
2342
2396
2430
2427
2408
2360
2321
2273
2265
2293
2320
2387
2415
2426
2428
2383
2251
2227
2221
2249
2302
2400
2496
2528
2516
2456
2358
2255
2210
2215
2262
2368
2417
2464
2455
2419
2317
2262
2316
2200
2210
2272
2312
2356
2368
2327
2283
2236
2195
2166
2171
2198
2248
2283
2325
2328
2303
2272
2235
2191
2175
2190
2206
2211
2225
2236
2217
2185
2136
2124
2094
2108
2108
2088
2092
2081
2074
2046
2045
2035
2023
2016
2009
2014
1981
1967
1948
1927
1903
1885
1864
1852
1854
1837
1812
1788
1736
1703
1687
1683
1691
1712
1726
1713
1699
1671
1622
1575
1526
1507
1518
1545
1561
1590
1595
1583
1536
1493
1456
1417
1414
1415
1457
1489
1503
1499
1488
1467
1424
1416
1419
1419
1435
1461
1481
1483
1479
1477
1487
1485
1467
1473
1487
1495
1503
1515
1519
1523
1523
1542
1554
1555
1545
1571
1584
1590
1584
1578
1598
1637
1672
1684
1704
1712
1724
1718
1705
1695
1713
1792
1860
1833
1848
1915
1859
1832
1814
1809
1819
1836
1858
1889
1900
1916
1928
1909
1891
1883
1864
1889
1926
1962
1990
1997
1995
1980
1978
1970
1961
1962
1976
1998
2020
2035
2043
2059
2047
2028
2042
2041
2063
2072
2092
2111
2137
2144
2150
2152
2162
2157
2148
2161
2164
2171
2163
2171
2242
2186
2195
2207
2206
2203
2212
2216
2198
2195
2186
2196
2200
2216
2232
2248
2286
2380
2408
2338
2268
2344
2265
2224
2225
2238
2244
2265
2272
2283
2270
2262
2260
2252
2241
2242
2260
2277
2287
2302
2297
2308
2307
2307
2311
2313
2313
2330
2361
2374
2380
2384
2406
2408
2411
2418
2420
2427
2444
2468
2497
2510
2533
2555
2540
2554
2544
2535
2532
2517
2529
2532
2550
2570
2579
2570
2574
2585
2575
2587
2593
2611
2623
2620
2649
2632
2622
2609
2616
2614
2629
2631
2633
2632
2619
2614
2601
2592
2598
2587
2560
2556
2560
2559
2535
2539
2524
2515
2511
2503
2492
2494
2478
2475
2472
2461
2473
2468
2472
2501
2492
2484
2483
2467
2465
2447
2432
2435
2427
2436
2433
2449
2435
2417
2396
2384
2370
2357
2356
2339
2340
2330
2323
2310
2295
2285
2372
2404
2306
2304
2293
2302
2311
2303
2305
2297
2283
2266
2252
2242
2233
2230
2229
2216
2207
2192
2188
2170
2148
2146
2128
2110
2097
2079
2064
2035
2014
2003
1981
1962
1968
1953
1912
1907
1911
1891
1868
1862
1851
1850
1834
1815
1799
1784
1772
1762
1740
1707
1686
1687
1675
1655
1636
1638
1630
1612
1587
1574
1569
1562
1547
1550
1544
1545
1534
1530
1528
1531
1530
1539
1543
1544
1546
1558
1565
1560
1564
1576
1591
1614
1607
1632
1644
1649
1647
1660
1660
1665
1682
1689
1688
1696
1713
1715
1729
1707
1702
1707
1713
1725
1741
1750
1758
1764
1764
1744
1743
1742
1760
1790
1827
1840
1836
1832
1833
1838
1816
1816
1833
1822
1836
1858
1868
1881
1893
1881
1861
1851
1846
1854
1850
1876
1894
1932
1930
1922
1895
1884
1891
1902
1918
1940
1969
1994
1993
1982
1961
1960
1968
1982
1991
2007
2023
2051
2055
2039
2025
2042
2032
2048
2069
2084
2088
2097
2103
2097
2101
2084
2102
2104
2099
2115
2115
2101
2093
2080
2070
2060
2071
2069
2095
2115
2112
2122
2108
2102
2096
2086
2086
2106
2119
2117
2112
2123
2140
2152
2154
2155
2148
2151
2153
2153
2172
2187
2192
2193
2195
2188
2198
2195
2224
2213
2220
2210
2224
2238
2240
2247
2252
2240
2225
2211
2217
2208
2208
2190
2191
2187
2193
2211
2200
2180
2176
2148
2121
2112
2109
2105
2116
2131
2127
2131
2108
2083
2063
2049
2039
2041
2048
2046
2029
2036
2024
2014
2013
1977
1969
1937
1942
1932
1938
1941
1945
1917
1901
1878
1870
1880
1885
1884
1900
1936
1947
1940
1926
1929
1936
1918
1924
1941
1952
1951
1954
1954
1958
1947
1930
1931
1923
1956
1964
1956
1960
1964
1964
1967
1965
1947
1942
1944
1955
1967
1983
1995
1984
1991
1968
1964
1957
1955
1962
1983
1994
1992
1990
1990
1969
1948
1960
1945
1959
1950
1955
1965
1971
1965
1960
1945
1939
1929
1936
1947
1941
1956
1962
1966
1950
1959
1964
1969
1975
1970
1960
1971
1970
1956
1956
1956
1959
1963
1944
1943
1932
1930
1945
1919
1925
1926
1908
1894
1892
1896
1894
1884
1877
1870
1857
1861
1843
1820
1827
1798
1792
1791
1767
1771
1743
1734
1721
1734
1731
1739
1727
1713
1697
1681
1674
1660
1667
1660
1668
1652
1652
1644
1624
1612
1596
1607
1606
1610
1614
1638
1636
1625
1604
1613
1595
1601
1611
1603
1614
1636
1639
1636
1624
1597
1584
1591
1569
1575
1570
1588
1622
1624
1651
1653
1645
1623
1596
1585
1568
1566
1574
1596
1622
1627
1634
1624
1614
1617
1603
1618
1617
1639
1663
1670
1678
1695
1687
1702
1673
1656
1627
1628
1625
1626
1644
1681
1694
1702
1695
1668
1613
1575
1580
1596
1633
1683
1693
1700
1679
1672
1652
1648
1651
1682
1726
1759
1798
1803
1799
1769
1758
1775
1791
1828
1836
1855
1863
1839
1859
1870
1869
1861
1859
1870
1878
1895
1893
1887
1897
1897
1915
1928
1945
1964
1983
1994
2003
2012
2006
2003
2006
2019
2041
2047
2071
2094
2093
2096
2090
2102
2119
2128
2141
2124
2159
2179
2168
2183
2183
2173
2178
2201
2206
2229
2232
2252
2281
2322
2343
2352
2361
2354
2341
2316
2317
2336
2359
2385
2395
2390
2374
2367
2376
2382
2404
2417
2444
2446
2457
2443
2432
2421
2430
2437
2438
2435
2436
2440
2416
2392
2403
2392
2374
2390
2390
2404
2394
2385
2383
2360
2334
2324
2318
2315
2319
2312
2323
2296
2270
2262
2255
2247
2251
2268
2276
2276
2263
2261
2232
2216
2192
2195
2199
2201
2189
2201
2214
2210
2218
2206
2205
2209
2211
2212
2214
2228
2236
2235
2224
2203
2176
2179
2204
2194
2194
2208
2217
2206
2206
2204
2187
2193
2206
2204
2211
2213
2200
2175
2163
2150
2142
2122
2121
2108
2124
2111
2117
2127
2133
2132
2144
2136
2155
2140
2154
2158
2144
2137
2133
2122
2121
2142
2161
2155
2162
2172
2165
2145
2129
2100
2088
2088
2104
2108
2127
2119
2115
2127
2103
2093
2072
2071
2076
2082
2106
2113
2120
2135
2120
2095
2086
2078
2053
2103
2094
2080
2077
2063
2040
2011
1991
1974
1954
1972
1963
1969
1987
1978
1956
1928
1909
1880
1867
1867
1863
1878
1877
1883
1896
1887
1888
1873
1856
1855
1840
1838
1816
1823
1820
1814
1804
1803
1788
1793
1806
1807
1803
1803
1811
1805
1804
1798
1812
1812
1802
1806
1818
1813
1815
1846
1849
1853
1859
1868
1879
1885
1877
1879
1891
1892
1890
1895
1910
1915
1918
1919
1929
1940
1936
2019
1951
1933
1939
1939
1935
1936
1961
1961
1979
2087
2116
2050
2007
2067
2040
2003
2000
2001
2019
2052
2070
2091
2096
2096
2119
2110
2105
2113
2119
2119
2151
2152
2158
2163
2169
2169
2177
2198
2232
2177
2148
2149
2150
2154
2190
2192
2184
2187
2168
2163
2181
2166
2171
2191
2193
2207
2209
2207
2195
2207
2215
2220
2242
2248
2253
2270
2289
2259
2267
2246
2244
2231
2240
2244
2246
2258
2275
2274
2273
2271
2268
2262
2243
2252
2255
2259
2276
2273
2293
2293
2300
2308
2319
2321
2335
2325
2337
2340
2354
2353
2352
2354
2359
2351
2348
2357
2348
2335
2342
2326
2346
2332
2357
2354
2374
2380
2377
2392
2384
2408
2419
2438
2465
2480
2507
2492
2497
2486
2492
2491
2491
2500
2505
2510
2522
2532
2530
2536
2519
2509
2502
2492
2486
2476
2469
2448
2439
2447
2454
2456
2456
2449
2465
2462
2468
2464
2449
2455
2443
2436
2456
2467
2467
2455
2452
2453
2438
2422
2416
2412
2416
2411
2401
2403
2383
2382
2379
2355
2361
2346
2353
2335
2323
2317
2309
2312
2290
2283
2284
2265
2265
2259
2255
2244
2253
2241
2227
2197
2182
2167
2157
2146
2148
2140
2131
2139
2125
2081
2065
2027
2022
2029
2023
2014
2004
1991
1969
1956
1934
1929
1913
1895
1885
1878
1868
1870
1854
1841
1824
1823
1814
1822
1816
1805
1799
1782
1771
1760
1767
1757
1743
1746
1742
1738
1750
1727
1726
1721
1716
1708
1704
1694
1690
1695
1692
1677
1658
1662
1660
1656
1644
1648
1630
1630
1629
1623
1622
1599
1599
1601
1580
1583
1575
1570
1580
1571
1556
1553
1556
1550
1544
1535
1527
1513
1500
1487
1487
1478
1468
1489
1496
1503
1493
1497
1497
1501
1506
1492
1496
1491
1489
1496
1506
1502
1510
1505
1505
1507
1499
1499
1501
1509
1520
1512
1512
1485
1496
1487
1487
1501
1496
1521
1534
1544
1536
1548
1533
1521
1504
1515
1519
1512
1516
1543
1555
1557
1561
1547
1544
1544
1537
1544
1544
1560
1560
1565
1548
1532
1542
1542
1543
1551
1560
1571
1587
1583
1566
1572
1584
1596
1590
1602
1603
1616
1639
1639
1648
1668
1655
1652
1671
1692
1698
1713
1722
1740
1744
1737
1733
1748
1755
1771
1782
1804
1820
1831
1836
1817
1838
1833
1843
1839
1857
1875
1878
1887
1899
1889
1890
1901
1912
1910
1912
1935
1944
1947
1948
1933
1930
1947
1951
1972
1981
1980
1999
1991
1991
1983
1985
1987
2000
1997
1992
2007
2014
2008
2020
2032
2040
2059
2070
2070
2076
2079
2073
2055
2047
2051
2043
2063
2081
2076
2070
2076
2083
2072
2079
2064
2083
2074
2077
2085
2106
2095
2097
2104
2122
2137
2143
2143
2161
2154
2153
2143
2145
2138
2145
2133
2133
2136
2144
2136
2137
2124
2115
2110
2127
2128
2146
2179
2175
2174
2161
2148
2132
2119
2132
2147
2153
2163
2174
2196
2192
2165
2150
2138
2114
2112
2125
2142
2171
2177
2188
2186
2159
2142
2104
2100
2113
2131
2146
2180
2178
2172
2152
2119
2103
2083
2085
2090
2099
2121
2121
2111
2081
2040
2029
2003
2007
2004
2005
2030
2047
2048
2037
2028
2000
1994
1972
1973
1987
1989
2006
2017
2019
1996
1992
1968
1941
1936
1954
1950
1968
1947
1935
1933
1924
1917
1910
1907
1930
1944
1963
1983
1988
1987
1984
1976
1976
1978
1987
1996
2007
2007
2016
2012
2007
2000
1995
2006
2017
2022
2025
2039
2034
2027
2027
2022
2013
2017
2039
2066
2068
2087
2088
2105
2098
2075
2057
2039
2040
2046
2058
2070
2087
2106
2109
2102
2084
2087
2104
2104
2116
2136
2135
2144
2134
2121
2133
2138
2140
2156
2187
2198
2197
2196
2196
2204
2191
2176
2179
2180
2176
2182
2192
2194
2192
2207
2209
2201
2204
2219
2237
2232
2225
2212
2203
2205
2197
2186
2185
2193
2200
2197
2230
2215
2212
2200
2195
2194
2189
2191
2195
2191
2198
2217
2203
2186
2182
2178
2200
2198
2210
2212
2201
2173
2169
2155
2149
2163
2147
2153
2178
2170
2164
2146
2148
2136
2140
2137
2140
2141
2131
2144
2140
2147
2129
2149
2146
2139
2135
2145
2143
2141
2136
2144
2135
2123
2124
2133
2124
2127
2143
2152
2149
2158
2159
2160
2149
2144
2154
2156
2158
2158
2152
2150
2134
2115
2108
2097
2088
2097
2099
2093
2090
2084
2075
2065
2055
2059
2053
2064
2061
2052
2044
2022
2022
2016
2009
2014
2027
2027
2020
2031
2016
2002
1986
1959
1948
1955
1961
1953
1962
1954
1933
1928
1911
1900
1880
1880
1893
1911
1915
1925
1919
1903
1900
1890
1871
1869
1856
1871
1887
1886
1883
1874
1845
1843
1865
1868
1866
1874
1887
1889
1886
1878
1880
1884
1908
1912
1901
1919
1920
1937
1944
1935
1951
1964
1954
1967
1980
1972
1985
1998
2002
2001
2004
1988
1996
2012
2008
2008
2019
2027
2012
2007
2012
2005
2006
2020
2029
2033
2035
2027
2032
2037
2029
2014
2015
2019
2063
2125
2063
2050
2045
2033
2035
2038
2032
2037
2041
2050
2059
2061
2055
2067
2047
2036
2048
2039
2029
2045
2052
2050
2050
2049
2050
2054
2071
2055
2043
2043
2035
2041
2031
2039
2067
2067
2059
2066
2067
2075
2080
2063
2059
2069
2068
2069
2057
2066
2087
2104
2103
2096
2098
2086
2088
2083
2094
2110
2120
2129
2104
2106
2100
2106
2104
2115
2127
2124
2119
2119
2140
2148
2135
2144
2138
2154
2159
2158
2154
2159
2172
2172
2168
2151
2144
2180
2160
2175
2170
2168
2171
2178
2182
2175
2177
2181
2179
2191
2193
2196
2190
2168
2166
2164
2178
2184
2180
2195
2198
2219
2206
2190
2199
2190
2175
2168
2173
2175
2183
2186
2186
2178
2301
2231
2178
2168
2188
2161
2167
2173
2169
2170
2173
2173
2159
2173
2164
2158
2185
2203
2189
2182
2196
2204
2206
2200
2206
2217
2224
2227
2219
2219
2215
2214
2208
2211
2221
2220
2236
2241
2233
2231
2227
2240
2251
2241
2237
2238
2229
2253
2235
2238
2254
2246
2228
2215
2216
2214
2213
2221
2220
2218
2213
2214
2203
2188
2179
2195
2191
2177
2180
2176
2160
2148
2138
2132
2135
2136
2137
2134
2131
2122
2125
2113
2100
2087
2069
2080
2076
2055
2056
2068
2065
2046
2139
2049
2023
2006
1992
1985
1987
1975
1975
1972
1955
1939
1939
1935
1926
1908
1980
2027
2040
1945
1964
1980
1924
1887
1883
1871
1865
1864
1852
1856
1838
1833
1827
1822
1808
1804
1796
1798
1785
1771
1770
1753
1762
1757
1754
1780
1778
1760
1758
1740
1730
1712
1725
1726
1731
1748
1792
1798
1749
1731
1711
1716
1726
1725
1719
1732
1736
1735
1736
1721
1721
1716
1712
1710
1710
1715
1720
1718
1713
1701
1697
1660
1667
1681
1680
1671
1666
1670
1675
1675
1650
1642
1651
1654
1663
1656
1643
1645
1657
1641
1635
1627
1624
1639
1666
1676
1670
1680
1677
1677
1667
1680
1679
1686
1673
1682
1682
1694
1698
1686
1684
1678
1694
1694
1726
1715
1746
1762
1745
1736
1735
1719
1719
1727
1730
1750
1756
1758
1777
1778
1789
1788
1786
1806
1807
1823
1836
1869
1860
1863
1888
1884
1886
1868
1863
1875
1872
1870
1881
1890
1918
1916
1927
1934
1934
1950
1952
1953
1944
1943
1948
1936
1946
1953
1955
1949
1950
1951
1961
1961
1963
1961
1963
1973
1984
1984
1983
1973
1968
1965
1969
1964
1972
1971
1990
2006
2000
2003
2003
2008
2017
2016
2014
2028
2030
2033
2044
2040
2057
2061
2063
2076
2076
2074
2071
2084
2092
2098
2100
2111
2115
2137
2118
2147
2151
2153
2125
2121
2108
2118
2131
2121
2147
2156
2159
2167
2173
2163
2152
2166
2153
2150
2163
2162
2168
2183
2156
2167
2175
2150
2136
2143
2140
2137
2141
2159
2145
2146
2151
2149
2142
2146
2131
2134
2127
2115
2106
2106
2102
2108
2100
2113
2115
2115
2116
2103
2102
2099
2108
2113
2135
2136
2131
2133
2134
2130
2120
2131
2120
2123
2116
2127
2148
2144
2139
2132
2108
2097
2095
2095
2104
2116
2112
2131
2134
2140
2133
2128
2101
2100
2099
2121
2115
2111
2119
2104
2095
2092
2093
2090
2072
2063
2070
2078
2080
2080
2086
2064
2056
2042
2034
2037
2051
2057
2054
2058
2044
2033
2036
2035
2023
2009
2001
1983
1972
1971
1959
1956
1940
1936
1932
1938
1914
1936
1950
1939
1928
1930
1932
1919
1923
1920
1917
1900
1900
1911
1909
1895
1871
1878
1888
1899
1888
1908
1903
1900
1913
1928
1922
1921
1910
1909
1929
1943
1939
1943
1947
1935
1948
1955
1967
1964
1976
1984
1992
1993
2004
2008
2024
2045
2040
2046
2058
2061
2056
2060
2055
2064
2057
2060
2057
2070
2080
2071
2067
2079
2074
2074
2086
2094
2089
2096
2089
2087
2079
2073
2070
2070
2069
2073
2076
2079
2080
2082
2075
2086
2086
2065
2078
2085
2063
2066
2073
2090
2081
2076
2086
2082
2076
2078
2076
2079
2083
2083
2084
2087
2080
2086
2085
2081
2075
2065
2056
2052
2049
2070
2070
2060
2050
2047
2048
2044
2038
2035
2031
2038
2042
2032
2036
2028
2017
1994
1984
1990
1993
1999
1991
1998
1985
1983
1998
1965
1962
1966
1953
1957
1963
1960
1962
1963
1961
1960
1982
1985
1984
1975
1961
1971
1976
1975
1983
1999
2010
2012
2016
2013
2016
2014
2011
2014
2012
2012
2026
2041
2021
2032
2032
2039
2025
2021
1999
2014
2027
2048
2049
2054
2060
2032
2038
2021
2012
2012
2031
2029
2036
2033
2012
2012
1995
1997
1995
2000
2001
1984
1984
1984
1985
1971
1980
1977
1965
1954
1935
1938
1944
1948
1934
1929
1937
1936
1945
1951
1945
1938
1921
1929
1918
1906
1903
1896
1906
1899
1926
1939
1939
1924
1907
1904
1900
1888
1885
1890
1884
1898
1907
1939
1926
1925
1929
1948
1948
1934
1932
1951
1964
1960
1983
2001
1998
2004
1995
1997
2012
2012
2024
2041
2037
2052
2049
2053
2075
2075
2077
2060
2052
2061
2062
2063
2066
2076
2072
2079
2075
2083
2078
2076
2089
2087
2100
2103
2118
2129
2140
2129
2138
2119
2134
2132
2150
2143
2145
2166
2187
2194
2185
2166
2166
2164
2150
2161
2182
2187
2207
2221
2224
2229
2213
2221
2218
2245
2246
2244
2244
2255
2249
2265
2246
2250
2268
2295
2313
2304
2310
2310
2294
2302
2304
2286
2282
2319
2323
2329
2345
2337
2319
2328
2328
2323
2337
2352
2369
2363
2372
2351
2337
2307
2310
2296
2300
2310
2333
2349
2345
2347
2326
2321
2296
2288
2279
2278
2302
2320
2321
2325
2297
2293
2285
2259
2289
2270
2278
2270
2259
2255
2266
2260
2241
2232
2230
2232
2228
2216
2234
2229
2205
2191
2187
2192
2190
2198
2194
2206
2205
2196
2182
2178
2168
2161
2161
2167
2170
2171
2163
2142
2140
2131
2138
2136
2126
2112
2133
2155
2148
2124
2111
2107
2083
2084
2094
2104
2110
2101
2103
2092
2087
2094
2081
2086
2093
2087
2084
2083
2088
2083
2064
2064
2060
2035
2043
2029
2031
2018
2021
2019
2001
2008
2005
1993
1998
2003
2004
1996
1975
1964
1956
1962
1950
1962
1956
1962
1958
1937
1934
1931
1930
1923
1908
1889
1889
1890
1891
1900
1893
1884
1856
1864
1845
1861
1854
1864
1858
1849
1841
1824
1807
1805
1804
1799
1812
1824
1819
1797
1800
1801
1798
1796
1777
1784
1872
1884
1818
1797
1799
1813
1804
1801
1806
1797
1796
1788
1808
1799
1789
1782
1774
1792
1798
1798
1809
1812
1825
1811
1799
1792
1776
1763
1763
1799
1816
1807
1822
1811
1787
1776
1777
1769
1766
1788
1811
1816
1801
1797
1792
1769
1752
1742
1761
1756
1756
1775
1785
1769
1762
1739
1725
1728
1733
1727
1751
1755
1758
1780
1779
1755
1728
1731
1724
1731
1731
1739
1747
1747
1759
1752
1750
1760
1748
1746
1752
1744
1738
1744
1751
1757
1742
1747
1753
1758
1762
1764
1776
1775
1766
1768
1775
1777
1772
1784
1783
1792
1802
1805
1809
1783
1782
1803
1807
1811
1811
1837
1832
1838
1840
1839
1827
1828
1838
1843
1864
1884
1903
1892
1897
1875
1860
1866
1875
1871
1873
1881
2039
1956
1930
1919
1952
1907
1909
1912
1905
1921
1929
1950
1960
1945
1936
1933
1940
1941
1942
1945
1959
1966
1969
1979
1981
1975
1957
1958
1971
1984
1984
2006
2005
2000
2000
1999
2004
1994
2002
1991
2008
2014
2023
2006
2001
1998
2017
2022
2014
2025
2032
2044
2040
2039
2060
2045
2036
2050
2060
2060
2153
2119
2104
2120
2109
2110
2108
2099
2106
2108
2134
2149
2155
2148
2137
2156
2185
2277
2298
2225
2278
2249
2217
2201
2190
2191
2206
2208
2200
2214
2218
2206
2220
2232
2230
2212
2204
2195
2199
2208
2207
2214
2232
2224
2200
2213
2266
2217
2215
2206
2207
2210
2208
2180
2201
2194
2177
2181
2208
2199
2191
2179
2176
2170
2145
2150
2147
2159
2171
2171
2176
2145
2120
2107
2081
2080
2080
2084
2094
2097
2090
2087
2076
2046
2024
2020
2019
2017
2019
2022
2016
2025
2012
1991
1969
1942
1950
1962
1968
1978
1986
1993
1971
1952
1927
1905
1910
1910
1932
1938
1954
1935
1927
1918
1907
1896
1901
1892
1911
1913
1923
1942
1955
1939
1931
1919
1911
1908
1903
1911
1918
1934
1927
1920
1918
1901
1914
1940
1940
1946
1936
1938
1929
1920
1925
1922
1926
1922
1946
1934
1951
1948
1943
1937
1919
1906
1921
1931
1944
1948
1948
1956
1944
1934
1916
1924
1928
1938
1952
1956
1975
1971
1964
1952
1931
1938
1951
1973
1984
1993
2003
1987
1996
1996
1988
1993
1981
1983
2025
2024
2012
2020
2016
2001
1996
1993
2011
2033
2034
2041
2043
2034
2028
2035
2028
2030
2040
2067
2051
2086
2103
2088
2073
2055
2037
2025
2039
2068
2090
2109
2110
2102
2099
2089
2088
2087
2101
2099
2106
2097
2100
2114
2119
2101
2088
2086
2080
2087
2090
2103
2116
2112
2124
2117
2119
2104
2105
2089
2089
2088
2070
2073
2095
2110
2100
2106
2104
2096
2104
2096
2093
2090
2087
2088
2094
2110
2109
2126
2124
2109
2102
2088
2079
2081
2087
2094
2101
2116
2129
2143
2131
2134
2100
2115
2120
2131
2132
2141
2150
2156
2151
2134
2120
2116
2106
2119
2137
2152
2164
2175
2173
2163
2156
2150
2133
2129
2125
2137
2136
2155
2164
2161
2143
2140
2139
2124
2131
2150
2172
2167
2156
2145
2127
2139
2128
2134
2109
2117
2109
2117
2121
2132
2116
2104
2102
2100
2087
2094
2096
2105
2113
2116
2107
2090
2087
2080
2078
2072
2079
2097
2109
2106
2100
2084
2068
2072
2079
2076
2094
2103
2112
2110
2107
2098
2093
2077
2055
2063
2065
2068
2066
2071
2088
2086
2079
2073
2071
2058
2078
2083
2099
2080
2072
2087
2082
2089
2079
2070
2076
2080
2088
2096
2107
2101
2104
2099
2102
2091
2074
2067
2075
2075
2084
2078
2079
2096
2092
2097
2104
2102
2095
2088
2082
2070
2062
2078
2088
2096
2095
2113
2108
2097
2074
2084
2075
2074
2076
2083
2078
2091
2093
2104
2089
2078
2072
2081
2081
2083
2076
2095
2096
2099
2097
2093
2077
2078
2090
2087
2096
2098
2104
2100
2095
2087
2081
2077
2089
2096
2087
2111
2102
2099
2090
2091
2081
2073
2072
2083
2067
2055
2054
2062
2058
2057
2061
2061
2065
2065
2071
2076
2055
2063
2056
2051
2045
2025
2031
2040
2040
2036
2044
2037
2024
2020
2017
2016
2018
2025
2019
2007
1994
1979
1969
1975
1976
1969
1984
1970
1960
1979
1957
1959
1956
1968
1971
1969
1972
1969
1949
1939
1928
1932
1938
1925
1918
1922
1949
1953
1946
1936
1928
1907
1908
1911
1915
1919
1920
1932
1924
1926
1920
1901
1888
1888
1883
1893
1912
1914
1932
1920
1923
1915
1900
1910
1899
1902
1910
1912
1914
1913
1921
1904
1886
1886
1900
1902
1908
1916
1907
1920
1918
1921
1897
1905
1899
1893
1891
1879
1886
1871
1886
1883
1865
1886
1892
1903
1920
1912
1889
1881
1887
1887
1887
1893
1903
1898
1910
1920
1912
1905
1897
1902
1892
1885
1896
1921
1910
1927
1922
1913
1904
1906
1884
1879
1890
1892
1917
1920
1935
1929
1932
1913
1899
1911
1896
1908
1932
1923
1932
1946
1951
1924
1916
1901
1908
1900
1902
1913
1919
1920
1922
1937
1920
1919
1900
1922
1912
1910
1907
1910
1895
1907
1892
1893
1905
1905
1925
1920
1917
1899
1902
1910
1909
1916
1909
1905
1929
1922
1914
1899
1906
1916
1907
1908
1924
1935
1937
1943
1942
1936
1948
1928
1936
1928
1922
1941
1934
1946
1957
1950
1935
1938
1931
1919
1935
1952
1981
1977
1977
1976
1966
1958
1955
1955
1961
1970
1988
1996
1991
1991
1986
1990
1984
1976
1979
1987
1992
1984
2006
1997
2007
2006
1988
1978
1991
1980
1995
1998
2001
1993
2008
2008
2007
2012
2028
2035
2036
2016
2019
2026
2033
2024
2023
2028
2037
2039
2030
2028
2022
2019
2026
2025
2032
2039
2041
2047
2049
2025
2027
2041
2047
2043
