2175
2186
2168
2159
2148
2140
2153
2158
2168
2194
2194
2201
2183
2169
2161
2179
2164
2200
2188
2204
2214
2207
2185
2176
2144
2120
2122
2139
2135
2124
2127
2123
2112
2099
2082
2064
2063
2157
2111
2055
2044
2039
2025
2011
1986
1975
1963
1964
1961
1944
1949
1954
1942
1935
1933
1923
1922
1903
1901
1895
1883
1876
1877
1871
1880
1883
1890
1902
1916
1889
1883
1873
1881
1890
1907
1916
1927
1942
1937
1931
1921
1909
1920
1936
1954
1981
2002
2011
2017
2014
2007
1985
1974
1976
2004
2022
2037
2056
2068
2047
2025
2117
2021
2022
2023
2032
2055
2068
2104
2111
2092
2064
2041
2033
2052
2156
2199
2147
2088
2159
2132
2074
2047
2020
2024
2031
2040
2065
2060
2070
2058
2063
2024
1999
1985
1987
2009
2020
2041
2051
2057
2036
2016
1992
1980
2082
2057
2043
2067
2073
2069
2073
2058
2045
2023
2021
2024
2044
2065
2064
2096
2094
2082
2064
2051
2039
2042
2027
2047
2066
2099
2109
2111
2101
2082
2075
2063
2081
2089
2105
2115
2133
2129
2118
2111
2091
2097
2092
2091
2086
2084
2096
2102
2104
2094
2067
2066
2065
2069
2076
2064
2065
2069
2060
2057
2054
2025
2043
2028
2035
2030
2033
2035
2019
1990
1995
1999
1999
2003
2016
2019
2006
1990
1984
1984
1965
1971
1967
1989
1992
1992
1991
1991
1987
1991
1993
1975
1964
1942
1953
1954
1968
1968
1965
1973
1966
1963
1952
1953
1958
1960
1961
1970
1958
1962
1968
1956
1936
1932
1934
1944
1952
1958
1962
1958
1974
1974
1964
1949
1942
1941
1959
1940
1954
1960
1965
1964
1959
1964
1954
1948
1929
1939
1935
1948
1948
1957
1964
1953
1959
1962
1969
1983
1979
1972
1961
1965
1977
1977
1982
1980
1988
1993
1999
2009
1998
2009
2012
2020
2032
2030
2025
2017
2024
2028
2050
2053
2060
2056
2068
2067
2062
2050
2059
2049
2072
2088
2079
2084
2074
2068
2059
2052
2064
2068
2099
2104
2108
2104
2095
2103
2099
2080
2059
2058
2077
2101
2104
2094
2082
2075
2070
2063
2043
2033
2055
2049
2050
2051
2060
2045
2041
2053
2056
2040
2029
2021
2013
2003
2021
2009
2002
2031
2025
2027
2041
2037
2019
2019
2015
2003
2008
2001
2015
2022
2038
2035
2008
2026
2027
2028
2018
2003
2027
2055
2062
2056
2040
2037
2026
2013
2007
2015
2027
2043
2056
2066
2058
2058
2041
2044
2045
2034
2027
2022
2039
2052
2067
2079
2046
2045
2051
2055
2037
2019
2019
2051
2052
2048
2043
2039
2045
2063
2045
2026
2014
2019
2023
2028
2046
2021
2009
2014
1997
2003
1985
1999
1993
1994
1995
2006
1998
1993
2003
2016
2001
1986
1979
1992
1986
1989
1985
1967
1993
1994
1991
1963
1951
1943
1965
1975
1993
1985
1974
1979
1996
1988
1964
1956
1971
1987
1990
1977
1967
1969
1962
1971
1980
1962
1951
1968
2001
1984
1959
1956
1935
1943
1940
1930
1920
1935
1955
1968
1973
1955
1937
1913
1916
1919
1922
1916
1928
1930
1934
1925
1920
1902
1910
1915
1916
1916
1898
1914
1908
1896
1891
1881
1878
1891
1901
1894
1894
1899
1913
1907
1922
1905
1894
1900
1913
1919
1913
1915
1913
1925
1940
1940
1928
1951
1966
1955
1948
1951
1959
1948
1952
1958
1961
1955
1962
1974
1986
1989
1982
1979
1990
2001
1994
1978
1982
1988
2020
2032
2029
2017
2024
2033
2029
2011
1996
2001
2014
2001
1999
1991
1998
2001
2021
2027
2044
2026
2000
2003
1997
1993
1999
1996
2003
2008
2008
1997
1999
2001
2007
1993
1989
2000
1997
1990
1996
1994
1989
1998
2001
2004
2001
1997
1991
1994
2008
2000
2008
2006
2023
2032
2032
2041
2055
2038
2060
2072
2073
2077
2080
2081
2089
2076
2072
2063
2063
2047
2056
2077
2085
2108
2104
2097
2089
2096
2108
2120
2116
2106
2096
2106
2105
2108
2104
2099
2091
2124
2124
2125
2114
2130
2112
2113
2099
2084
2057
2081
2105
2100
2107
2094
2097
2099
2109
2087
2061
2055
2065
2078
2081
2072
2070
2076
2072
2052
2030
2036
2055
2064
2061
2044
2041
2044
2035
2029
1996
2009
1998
2023
2034
2046
2028
2028
2025
2017
2009
2019
1997
2015
2032
2033
2041
2031
2020
2028
2026
2032
2014
2016
2021
2037
2031
2035
2015
2011
2018
2028
2035
2041
2054
2068
2087
2084
2072
2056
2062
2063
2064
2067
2060
2061
2079
2059
2055
2038
2025
2036
2043
2055
2070
2072
2085
2083
2092
2081
2059
2061
2064
2075
2084
2090
2089
2077
2079
2072
2068
2055
2050
2066
2090
2087
2067
2071
2066
2062
2041
2022
2020
2040
2051
2059
2047
2048
2052
2045
2038
2017
2023
2009
2012
2011
2000
2020
1996
1998
1991
1989
2001
2002
1989
2003
1985
1982
1952
1955
1961
1987
1984
1988
1978
1985
1974
1972
1959
1937
1932
1948
1953
1963
1967
1965
1952
1946
1938
1933
1918
1935
1964
1973
1962
1950
1954
1955
1963
1922
1923
1921
1939
1970
1991
1984
1976
1979
1977
1974
1964
1957
1960
1984
1992
2006
1984
1980
1965
1932
1897
1869
1893
1953
2044
2100
2116
2140
2131
2100
2015
1944
1899
1913
1964
2058
2126
2142
2081
1942
1788
1656
1641
1688
1824
2061
2297
2479
2480
2400
2216
2001
1849
1758
1832
1985
2211
2405
2528
2505
2355
2163
1927
1705
1558
1538
1684
1870
2045
2160
2218
2201
2182
2145
2150
2185
2144
2132
2167
2200
2241
2247
2161
1990
1838
1830
2012
2300
2580
2699
2605
2347
2029
1807
1720
1809
1958
2127
2202
2201
2215
2213
2124
1962
1827
1835
1972
2182
2353
2556
2397
2204
2000
1819
1701
1750
1928
2211
2376
2331
2141
1855
1560
1317
1209
1320
1611
1849
1940
1829
1618
1486
1441
1528
1638
1752
1840
1909
1974
2013
2090
2210
2342
2421
2436
2385
2367
2400
2446
2444
2312
2039
1727
1476
1401
1507
1721
1923
2054
2059
2004
1819
1726
1663
1628
1576
1558
1630
1814
2051
2208
2278
2207
2099
1993
1941
1980
2107
2275
2424
2500
2452
2294
2081
1915
1885
1992
2200
2412
2551
2563
2450
2291
2102
1924
1792
1738
1753
1878
2072
2242
2333
2281
2071
1799
1542
1430
1462
1572
1712
1847
1931
2062
2075
1993
1940
1910
1968
2070
2205
2312
2366
2418
2450
2480
2462
2425
2397
2412
2456
2505
2521
2476
2400
2271
2154
1997
1880
1839
1823
1819
1815
1808
1817
1857
1940
2055
2172
2248
2259
2217
2139
2098
2087
2094
2125
2137
2132
2100
2095
2048
1981
1918
1888
1907
1929
1963
2019
2055
2075
2085
2083
2060
2025
2006
1977
1948
1923
1944
1975
2002
2012
2006
2006
2017
2044
2118
2147
2236
2175
2143
2132
2124
2104
2094
2081
2064
2045
2044
2065
2079
2174
2191
2121
1964
1968
1897
1889
1928
1936
1912
1883
1842
1802
1806
1830
1876
1971
2064
2150
2192
2153
2063
1961
1890
1854
1839
1859
1907
1968
2016
2028
1988
1909
1828
1778
1782
1862
1993
2123
2298
2167
2039
1838
1678
1587
1575
1655
1794
1938
2060
2103
2078
2021
1951
1904
1926
1968
2038
2106
2153
2169
2151
2113
2070
2017
1999
2011
2048
2097
2118
2119
2113
2060
2032
2007
2002
2027
2096
2168
2228
2248
2243
2208
2164
2093
2044
2025
2005
2024
2040
2057
2059
2049
2009
1971
1932
1916
1904
1899
1909
1894
1899
1889
1888
1880
1872
1900
1942
1986
2036
2059
2039
1966
1851
1756
1677
1642
1661
1756
1868
1991
2100
2163
2172
2152
2101
2058
2049
2103
2151
2213
2243
2217
2143
2041
1923
1863
1838
1852
1912
1972
2009
2003
1955
1879
1785
1722
1712
1746
1832
1939
2049
2100
2104
2071
2015
2017
1998
2001
2042
2091
2143
2187
2209
2215
2166
2101
2027
1977
1945
1939
1967
1985
1989
2004
1988
1964
1924
1909
1908
1929
1984
2024
2068
2081
2089
2035
1962
1916
1888
1897
1935
1993
2051
2080
2076
2057
2008
1963
1938
1929
1966
2017
2063
2104
2120
2104
2076
2020
1968
1946
1936
1943
1943
1952
1947
1934
1900
1866
1832
1828
1850
1885
1939
1980
2023
2042
2055
2054
2043
2012
1984
1986
2008
2043
2067
2058
2033
1987
1932
1871
1810
1793
1792
1820
1838
1854
1858
1839
1823
1814
1801
1804
1826
1878
1950
1995
2039
2040
2027
2016
1998
2010
2002
2000
1984
1990
1988
1964
1974
1964
1985
1984
2008
2023
2031
2023
2022
1994
1979
1939
1924
1916
1910
1891
1891
1912
1931
1969
2021
2055
2076
2102
2112
2116
2111
2131
2176
2210
2245
2268
2273
2260
2248
2233
2213
2200
2217
2226
2231
2224
2216
2191
2191
2162
2109
2073
2031
1994
1969
1952
1964
1956
1971
1970
1963
1961
1954
1964
1974
1995
2021
2060
2076
2108
2110
2069
2034
2020
2001
2017
2045
2063
2079
2094
2099
2085
2070
2031
2005
1982
1956
1938
1917
1899
1904
1876
1858
1841
1843
1848
1872
1855
1870
1868
1853
1851
1868
1879
1895
1940
1985
2040
2102
2120
2137
2144
2134
2122
2110
2112
2116
2131
2116
2102
2062
2024
1964
1925
1905
1893
1912
1931
1942
1944
1921
1896
1869
1871
1903
1961
2023
2072
2110
2129
2140
2127
2116
2079
2063
2049
2047
2059
2091
2112
2143
2148
2151
2129
2121
2099
2108
2120
2123
2133
2125
2135
2119
2114
2099
2092
2100
2099
2092
2107
2105
2135
2147
2140
2140
2130
2120
2112
2112
2127
2123
2092
2089
2064
2024
1997
1951
1911
1910
1918
1912
1897
1874
1880
1891
1889
1905
1923
1932
1955
1978
1999
2009
2025
2060
2084
2108
2122
2112
2098
2084
2079
2054
2030
2028
2032
2015
1990
1970
1940
1911
1887
1863
1865
1875
1894
1928
1968
1990
1992
1996
1998
2006
2025
2056
2094
2140
2179
2198
2197
2189
2171
2149
2128
2137
2147
2152
2173
2188
2172
2136
2108
2070
2051
2023
2016
2031
2047
2078
2081
2083
2053
2032
2005
1964
1959
1984
2024
2041
2061
2070
2056
2047
2026
1992
1991
1978
1992
2006
2030
2043
2060
2047
2010
1971
1939
1924
1941
1934
1952
1964
1969
1962
1942
1945
1961
1990
2034
2060
2062
2079
2092
2110
2099
2108
2116
2107
2094
2094
2092
2089
2091
2096
2092
2064
2051
2054
2050
2047
2036
2059
2076
2085
2087
2068
2046
2018
2006
2015
2028
2038
2064
2098
2119
2127
2109
2096
2085
2092
2095
2119
2132
2139
2154
2117
2101
2076
2051
2042
2048
2073
2085
2099
2084
2090
2082
2072
2062
2071
2068
2087
2103
2097
2082
2062
2055
2056
2049
2050
2036
2018
2003
1976
1958
1958
1940
1948
1966
1977
1981
1979
1975
1968
1953
1936
1911
1912
1931
1968
1984
1990
1976
1960
1948
1920
1919
1911
1930
1950
1983
1996
2017
2020
2013
1995
1970
1968
1996
2000
1983
1984
1987
1951
1937
1921
1912
1905
1909
1909
1926
1949
1950
1937
1934
1922
1922
1928
1956
1976
2003
1999
1971
1952
1928
1923
1948
1977
2003
2028
2066
2072
2052
2011
1981
1955
1954
1980
2006
2040
2052
2061
2044
2002
1969
1929
1903
1913
1944
1975
2004
2033
2024
2032
2024
2001
1977
1981
1990
2022
2051
2054
2048
2056
2044
2023
2003
2002
2020
2035
2044
2036
2049
2028
2030
2014
2003
1999
1991
2013
2033
2036
2031
2033
2053
2055
2068
2066
2071
2090
2090
2075
2064
2048
2017
2002
2012
2023
2023
2027
2023
2014
2003
1971
1971
1977
1982
2003
2018
2049
2055
2078
2081
2070
2052
2044
2055
2070
2098
2105
2102
2067
2047
2035
2004
1974
1967
1971
1993
2002
2003
1995
1976
1973
1953
1955
1948
1966
1987
2008
2008
2013
1996
1985
1974
1966
1990
1993
2022
2042
2024
2020
2008
2008
2000
2011
2022
2030
2042
2052
2060
2067
2069
2045
2033
2039
2040
2039
2044
2036
2072
2064
2156
2157
2077
2035
2021
2027
2025
2028
2016
2008
1996
1984
1971
1961
1933
1924
1929
1935
1932
1953
1964
1954
1952
1972
1978
1998
1984
1984
1984
1992
2011
1992
2008
1999
1997
2001
1994
1988
1984
1989
1997
2001
1990
1991
1990
1994
1988
1998
2008
1999
2004
2012
2016
2025
2014
2014
2025
2007
2017
2011
1991
1996
1984
1998
2003
1986
1981
1954
1949
1947
1932
1910
1908
1910
1908
1913
1927
1922
1945
1940
1932
1938
1932
1948
1959
1959
1963
1955
1967
1962
1954
1954
1948
1948
1951
1966
1965
2060
2062
2016
2011
2008
1983
1983
1994
1983
2001
1992
1988
1987
1990
1971
1974
1952
1947
1952
1958
1945
1938
1924
1924
1930
1933
1936
1921
1927
1920
1938
1934
1924
1931
1932
1945
1952
1950
1929
1920
1916
1912
1914
1916
1941
1932
1959
1967
1963
1967
1955
1932
1916
1894
1904
1904
1939
1951
1958
1948
1949
1987
2004
1963
1954
1978
1968
1985
2009
2019
2036
2033
2028
2035
2118
2147
2100
2162
2088
2092
2079
2076
2073
2059
2035
2042
2047
2060
2075
2081
2096
2067
2057
2055
2054
2054
2049
2094
2096
2107
2124
2146
2195
2159
2151
2151
2155
2166
2172
2175
2191
2201
2188
2183
2172
2159
2166
2169
2168
2177
2192
2189
2181
2163
2160
2159
2165
2199
2194
2202
2213
2211
2213
2188
2184
2151
2137
2124
2138
2129
2112
2099
2074
2069
2054
2040
2035
2032
2048
2052
2066
2060
2078
2075
2083
2089
2091
2100
2106
2102
2115
2112
2091
2083
2101
2093
2085
2091
2098
2096
2100
2105
2091
2093
2105
2099
2120
2098
2091
2079
2095
2100
2079
2071
2073
2088
2088
2103
2117
2115
2097
2084
2076
2064
2067
2094
2117
2121
2120
2119
2135
2138
2132
2126
2120
2134
2140
2142
2167
2188
2176
2176
2167
2147
2147
2112
2111
2127
2115
2119
2116
2109
2117
2127
2111
2110
2100
2081
2084
2072
2056
2076
2087
2096
2087
2103
2073
2032
2027
2015
2008
1993
2009
1999
2018
2026
2005
1999
1956
1953
1913
1926
1955
1990
2004
2009
2035
2010
1963
1920
1888
1885
1897
1935
1975
1995
2020
2003
1992
1922
1880
1897
1911
1951
1977
1982
1971
1955
1927
1913
1905
1905
1950
2000
2019
2027
2038
2028
2007
1982
1973
1986
2002
2037
2080
2075
2059
2016
1955
1915
1896
1895
1906
1936
1971
1979
1969
1936
1888
1864
1862
1868
1888
1920
1942
1974
1984
1966
1927
1880
1849
1854
1845
1857
1877
1891
1891
1895
1873
1852
1810
1783
1781
1782
1794
1823
1852
1864
1872
1856
1816
1799
1780
1769
1776
1805
1834
1852
1868
1874
1838
1821
1794
1774
1757
1774
1791
1804
1812
1815
1804
1782
1770
1758
1770
1790
1788
1798
1801
1823
1819
1803
1804
1786
1790
1811
1816
1846
1832
1835
1832
1823
1836
1843
1841
1862
1877
1871
1888
1894
1890
1890
1896
1898
1904
1926
1956
1971
1974
1966
1950
1944
1936
1952
1969
1998
2012
2056
2063
2052
2057
2047
2040
2037
2048
2089
2103
2136
2129
2133
2127
2086
2070
2067
2090
2101
2110
2124
2125
2130
2107
2076
2076
2075
2083
2107
2115
2127
2130
2129
2124
2124
2115
2115
2109
2113
2124
2112
2129
2124
2127
2119
2094
2092
2083
2078
2082
2099
2096
2106
2092
2088
2061
2032
2028
2032
2057
2077
2087
2082
2068
2048
2014
2014
2015
2010
2012
2018
2042
2046
2051
2034
2016
1983
1967
1961
1977
1994
2001
2008
2017
2019
1989
1988
1992
2004
2028
2051
2073
2079
2059
2058
2045
2046
2044
2039
2057
2071
2072
2071
2059
2043
2023
2028
2054
2050
2055
2070
2091
2080
2065
2038
2023
2019
2014
2028
2037
2036
2050
2044
2040
2021
2008
2012
2004
2016
2035
2044
2051
2055
2056
2036
2027
2013
2022
2042
2052
2051
2050
2067
2068
2064
2041
2043
2035
2044
2066
2065
2066
2064
2054
2028
2031
2030
2020
2014
2009
2045
2049
2038
2052
2062
2055
2041
2064
2068
2087
2089
2100
2100
2079
2087
2097
2100
2101
2111
2112
2110
2107
2108
2099
2094
2105
2112
2106
2094
2092
2087
2116
2106
2104
2105
2110
2120
2121
2116
2113
2090
2073
2083
2099
2114
2120
2136
2139
2140
2123
2112
2102
2087
2076
2070
2090
2112
2102
2090
2084
2071
2052
2060
2041
2046
2058
2071
2073
2083
2068
2058
2035
2035
2016
2023
2031
2018
2044
2046
2045
2042
2025
1996
1988
2002
2023
2032
2048
2065
2057
2056
2043
2033
2028
2023
2046
2038
2038
2054
2058
2047
2022
2019
2022
2034
2048
2063
2071
2058
2048
2048
2040
2046
2041
2043
2066
2055
2057
2064
2024
2027
2009
1996
2003
2008
2012
2024
2032
2050
2037
2033
2016
2031
2024
2038
2034
2035
2048
2055
2058
2044
2047
2052
2062
2063
2074
2081
2062
2053
2049
2055
2033
2032
2016
2019
2023
2012
1998
2003
2002
1996
2001
2007
2013
2021
2033
2043
2048
2060
2051
2053
2065
2086
2077
2077
2090
2076
2081
2063
2057
2048
2041
2038
2055
2070
2071
2075
2091
2107
2097
2097
2096
2089
2095
2100
2127
2119
2119
2121
2113
2111
2111
2087
2097
2107
2115
2098
2102
2120
2111
2121
2103
2088
2078
2080
2087
2087
2096
2103
2098
2111
2103
2080
2055
2049
2053
2051
2039
2039
2046
2030
2027
2011
1996
1984
1964
1979
1995
1977
1973
1955
1944
1947
1942
1922
1920
1921
1950
1953
1964
1938
1951
1945
1929
1932
1944
1955
1928
1948
1951
1936
1938
1919
1927
1923
1929
1942
1970
1981
1980
1985
1989
1990
1976
1996
2008
2016
2019
2037
2050
2060
2043
2039
2014
2014
1997
1985
1997
2005
2016
2011
1994
1982
1976
1965
1962
1953
1941
1944
1947
1932
1916
1892
1883
1867
1880
1899
1900
1888
1896
1886
1885
1861
1861
1862
1860
1863
1876
1891
1889
1881
1877
1852
1849
1851
1859
1898
1912
1912
1915
1923
1922
1933
1944
1944
1964
1972
2105
2052
2024
2005
2010
2012
1996
1993
2007
1999
2007
2028
2038
2031
2020
2015
2025
2021
2023
2033
2024
2030
2032
2031
2031
2041
2035
2040
2052
2069
2052
2052
2071
2088
2074
2079
2093
2092
2096
2104
2093
2080
2079
2064
2056
2063
2064
2065
2076
2074
2077
2082
2068
2085
2086
2085
2094
2091
2109
2113
2096
2077
2073
2078
2070
2075
2083
2068
2059
2043
2033
2011
1992
1979
1978
1971
1974
1971
1968
1955
1945
1933
1907
1899
1892
1893
1895
1889
1873
1876
1870
1864
1838
1830
1830
1834
1843
1841
1844
1852
1841
1825
1818
1812
1811
1820
1822
1837
1842
1862
1864
1859
1848
1840
1850
1831
1833
1848
1872
2023
1980
1935
1907
1907
1868
1880
1888
1921
1961
1990
2055
2054
2042
2056
2041
2041
2034
2052
2053
2070
2108
2107
2110
2099
2102
2066
2056
2074
2091
2098
2104
2108
2138
2142
2144
2136
2134
2131
2109
2079
2072
2076
2079
2086
2104
2121
2115
2110
2099
2115
2130
2150
2158
2156
2164
2159
2164
2171
2174
2177
2201
2213
2310
2275
2234
2211
2187
2176
2141
2137
2136
2136
2142
2144
2147
2165
2167
2231
2234
2161
2160
2139
2093
2083
2074
2072
2048
2024
2012
1975
1955
1944
1934
1926
1937
1931
1935
1932
1928
1903
1888
1892
1907
1937
1936
1953
1948
1928
1906
1895
1890
1889
1916
1949
1966
1980
1991
1987
1965
1966
1978
1942
1946
1969
1989
1998
1995
1960
1918
1903
1878
1886
1893
1911
1907
1912
1915
1905
1876
1865
1867
1881
1911
1961
1980
1979
1967
1931
1894
1887
1880
1888
1928
1947
1942
1944
1927
1895
1882
1864
1864
1879
1879
1896
1885
1884
1877
1851
1828
1809
1807
1812
1827
1848
1889
1916
1931
1899
1867
1843
1824
1831
1858
1895
1945
1961
1948
1918
1885
1876
1857
1836
1830
1817
1831
1858
1895
1905
1916
1920
1921
1917
1925
1940
1992
2014
2020
2020
2024
2046
2065
2071
2075
2090
2083
2093
2079
2067
2067
2045
2010
1973
1949
1967
2014
2072
2111
2123
2089
2012
1968
1923
1907
1957
2033
2094
2112
2102
2065
2033
2023
2025
2026
2032
2036
2039
2004
1992
2005
2043
2073
2092
2143
2180
2196
2153
2060
1968
1868
1819
1794
1799
1809
1807
1833
1867
1868
1850
1856
1843
1842
1840
1865
1906
1980
2100
2192
2279
2311
2272
2179
2104
2051
2034
2040
2101
2162
2196
2196
2204
2209
2207
2172
2142
2118
2102
2106
2141
2192
2256
2335
2415
2448
2467
2439
2393
2348
2286
2245
2197
2202
2225
2227
2243
2277
2299
2312
2281
2256
2252
2280
2284
2286
2263
2236
2235
2279
2359
2422
2421
2386
2335
2270
2183
2079
2055
2079
2118
2166
2253
2298
2316
2303
2252
2155
2060
2047
2057
2107
2173
2233
2242
2217
2142
2048
1964
1916
1935
1976
2035
2115
2185
2207
2186
2126
2078
2049
2067
2093
2140
2196
2269
2262
2263
2220
2156
2070
2027
2025
2046
2126
2233
2335
2391
2375
2326
2266
2179
2136
2090
2069
2103
2137
2180
2169
2145
2084
2017
1952
1942
1938
1935
1940
1913
1834
1771
1728
1763
1820
1899
1973
2023
2034
2001
1945
1879
1824
1806
1811
1846
1895
1938
1941
1927
1912
1891
1874
1870
1902
1940
1997
2035
2041
2024
1977
1912
1861
1823
1841
1916
2029
2152
2232
2240
2204
2119
2029
1945
1924
1959
2048
2144
2245
2307
2344
2316
2240
2167
2124
2124
2111
2126
2149
2171
2153
2119
2114
2124
2160
2214
2253
2276
2278
2267
2240
2199
2160
2161
2197
2236
2259
2252
2243
2209
2169
2140
2124
2124
2129
2126
2104
2059
2008
1944
1870
1816
1746
1714
1715
1731
1792
1838
1845
1816
1777
1719
1667
1627
1632
1678
1747
1801
1856
1888
1904
1875
1838
1779
1740
1720
1734
1764
1779
1802
1822
1856
1848
1833
1821
1823
1822
1830
1843
1852
1827
1834
1836
1824
1815
1800
1803
1805
1809
1835
1852
1865
1889
1908
1912
1896
1860
1801
1750
1709
1706
1697
1703
1727
1759
1804
1848
1867
1863
1796
1740
1712
1710
1753
1822
1910
1990
2017
2012
1948
1863
1790
1723
1695
1706
1756
1785
1801
1815
1799
1795
1766
1738
1718
1721
1738
1782
1812
1874
1907
1899
1894
1868
1863
1851
1839
1840
1880
1892
1933
1964
1986
1975
1982
1987
1950
1920
1886
1906
1928
1988
2045
2088
2127
2124
2101
2064
2024
2010
2016
2041
2106
2191
2240
2242
2216
2144
2076
1994
1960
1933
1950
1987
2033
2079
2101
2090
2032
1973
1904
1844
1822
1835
1881
1948
2041
2143
2184
2183
2131
2072
1984
1935
1922
1982
2038
2115
2172
2200
2185
2140
2087
2033
2033
2025
2070
2120
2175
2210
2215
2179
2127
2071
2059
2088
2139
2197
2246
2251
2253
2237
2232
2179
2117
2089
2032
2048
2097
2157
2223
2273
2275
2239
2178
2128
2086
2119
2155
2211
2218
2197
2171
2119
2068
2007
1975
1974
2003
2049
2073
2055
2019
1932
1854
1816
1809
1853
1906
2000
2054
2061
2024
1920
1824
1747
1721
1741
1812
1901
1972
1979
1920
1840
1745
1677
1657
1736
1833
1944
2011
2028
1978
1897
1823
1775
1775
1802
1871
1979
2080
2149
2146
2115
2044
1962
1942
1971
2060
2176
2278
2323
2312
2260
2195
2104
2043
2010
2042
2156
2290
2368
2379
2352
2294
2220
2144
2106
2090
2147
2283
2425
2472
2428
2286
2121
1984
1896
1888
1948
2053
2159
2219
2192
2089
1916
1742
1619
1588
1636
1769
1920
2031
2061
1971
1851
1715
1593
1564
1596
1640
1736
1785
1807
1766
1660
1560
1472
1455
1513
1585
1651
1665
1641
1566
1505
1493
1525
1571
1631
1653
1681
1704
1721
1730
1726
1731
1724
1735
1796
1836
1865
1891
1873
1874
1871
1944
2037
2073
2070
2050
1990
1873
1784
1798
1905
2009
2139
2243
2237
2182
2057
1988
1974
2083
2254
2400
2532
2579
2557
2467
2320
2158
2034
2052
2197
2419
2592
2670
2644
2480
2266
2067
1920
1912
2044
2240
2458
2591
2587
2158
1901
1752
1732
1834
1983
2119
2251
2291
2187
1982
1754
1567
1487
1544
1696
1884
1982
2018
1977
1890
1798
1696
1693
1781
1942
2094
2177
2323
2173
2037
1935
1914
1956
2040
2128
2171
2168
2145
2159
2177
2182
2156
2138
2144
2196
2203
2197
2181
2188
2201
2263
2328
2375
2392
2428
2416
2332
2222
2139
2126
2161
2214
2290
2319
2284
2197
2079
1998
1957
1923
1931
1966
2008
2017
2041
2011
1942
1879
1821
1841
1899
1991
2030
2053
2037
1992
1980
1967
1994
2016
2050
2100
2134
2142
2154
2151
2154
2158
2143
2147
2193
2231
2285
2353
2419
2444
2451
2478
2471
2488
2512
2560
2627
2650
2670
2693
2687
2651
2606
2550
2520
2559
2622
2700
2736
2711
2672
2614
2748
2654
2655
2707
2778
2830
2831
2803
2727
2672
2584
2515
2503
2523
2556
2596
2609
2595
2510
2423
2343
2276
2266
2319
2386
2450
2452
2388
2298
2206
2141
2091
2106
2162
2248
2356
2395
2351
2269
2198
2157
2156
2249
2324
2347
2363
2359
2364
2371
2363
2378
2425
2497
2567
2624
2646
2640
2602
2612
2638
2689
2800
2836
2787
2743
2717
2702
2698
2665
2639
2667
2684
2721
2816
2812
2715
2642
2723
2681
2691
2695
2686
2648
2576
2478
2376
2342
2356
2394
2419
2451
2444
2389
2297
2229
2173
2132
2126
2120
2134
2130
2136
2131
2104
2032
1971
1922
1926
1980
1994
1996
1986
1955
1970
1969
1953
1916
1890
1912
1959
2052
2005
1954
1934
1930
1941
1918
1905
1906
1942
1998
2047
2077
2093
2066
2019
1955
1897
1875
1886
1912
1978
2037
2071
2056
2010
1960
1874
1813
1768
1764
1800
1814
1817
1822
1809
1741
1648
1558
1491
1490
1525
1582
1637
1649
1635
1567
1506
1429
1373
1372
1370
1389
1411
1432
1411
1354
1291
1220
1140
1070
1028
1035
1057
1073
1100
1096
1068
1018
977
958
996
1040
1091
1130
1176
1187
1167
1132
1073
1036
1022
1044
1079
1147
1213
1251
1264
1241
1205
1179
1161
1139
1135
1159
1231
1295
1319
1332
1339
1348
1306
1274
1220
1247
1295
1349
1359
1358
1374
1334
1265
1246
1266
1279
1293
1295
1267
1226
1182
1140
1132
1156
1193
1242
1304
1328
1282
1228
1201
1222
1287
1323
1334
1321
1331
1304
1280
1304
1361
1433
1454
1372
1302
1252
1194
1206
1277
1357
1408
1465
1514
1583
1624
1570
1459
1362
1321
1343
1419
1515
1592
1628
1612
1555
1521
1524
1515
1502
1530
1598
1664
1696
1648
1561
1516
1443
1387
1433
1472
1560
1571
1523
1481
1476
1563
1706
1833
1799
1651
1452
1351
1354
1470
1655
1824
1935
1894
1754
1605
1462
1395
1388
1440
1567
1712
1806
1804
1712
1536
1381
1316
1339
1450
1576
1655
1678
1610
1435
1270
1147
1154
1266
1397
1486
1505
1496
1427
1315
1203
1118
1126
1259
1428
1548
1591
1592
1567
1517
1496
1524
1578
1667
1732
1751
1733
1702
1663
1670
1688
1704
1775
1886
2050
2208
2318
2331
2316
2285
2311
2396
2457
2539
2604
2672
2736
2826
2926
3060
3232
3405
3547
3600
3612
3607
3646
3743
3848
3928
3992
3987
3936
3855
3779
3752
3807
3948
4093
4094
4094
4094
4094
4094
4093
4024
3964
3947
3930
3898
3830
3726
3573
3395
3204
3060
2974
2953
2992
3032
3024
2970
2850
2672
2476
2294
2165
2080
2037
2009
1977
1905
1814
1711
1645
1622
1614
1631
1659
1698
1719
1720
1679
1620
1556
1504
1505
1524
1517
1531
1510
1500
1500
1510
1505
1555
1640
1763
1911
2057
2161
2238
2264
2277
2273
2288
2293
2314
2371
2481
2631
2780
2904
2979
2995
3008
3011
3016
3062
3084
3165
3251
3328
3360
3329
3262
3172
3105
3069
3100
3217
3326
3435
3499
3496
3422
3322
3184
3047
2956
2910
2908
2900
2879
2820
2743
2663
2584
2524
2498
2505
2572
2672
2744
2810
2817
2771
2744
2705
2647
2629
2611
2609
2601
2591
2569
2536
2497
2509
2559
2616
2691
2748
2776
2792
2755
2705
2659
2611
2561
2504
2440
2391
2360
2324
2300
2310
2314
2336
2358
2362
2342
2326
2323
2301
2291
2297
2273
2226
2152
2056
1992
1916
1860
1798
1754
1706
1683
1627
1563
1486
1401
1314
1253
1238
1212
1176
1133
1075
1017
975
915
896
892
909
947
979
988
957
903
855
792
725
694
673
660
668
664
680
684
691
695
727
754
774
811
826
834
868
893
925
949
951
941
940
934
924
927
916
946
961
983
998
981
965
936
904
885
881
868
869
865
863
836
819
791
764
745
719
719
726
750
763
786
809
836
864
891
915
934
925
921
906
879
880
893
903
915
928
934
951
953
988
1015
1060
1090
1135
1173
1188
1183
1167
1163
1179
1181
1238
1309
1360
1402
1416
1415
1425
1432
1455
1483
1521
1529
1547
1551
1554
1563
1577
1604
1649
1711
1789
1820
1863
1856
1899
1927
1979
2026
2073
2100
2140
2172
2180
2206
2231
2247
2283
2306
2325
2341
2351
2352
2359
2356
2337
2332
2343
2323
2325
2334
2325
2304
2275
2246
2216
2200
2199
2198
2204
2183
2217
2223
2236
2236
2225
2221
2203
2195
2194
2181
2181
2192
2199
2195
2187
2213
2207
2211
2220
2233
2252
2317
2391
2431
2470
2508
2520
2513
2525
2547
2560
2607
2640
2668
2685
2716
2719
2711
2716
2739
2777
2809
2860
2928
2991
3052
3096
3129
3151
3155
3173
3180
3196
3217
3271
3329
3356
3397
3393
3405
3392
3424
3467
3531
3571
3614
3637
3619
3613
3569
3557
3548
3578
3614
3657
3686
3681
3643
3595
3544
3502
3500
3531
3559
3588
3571
3531
3454
3377
3296
3235
3207
3214
3230
3246
3236
3199
3145
3064
3001
2969
2963
2959
2980
3012
3044
3041
3023
2960
2917
2896
2904
2937
2982
3046
3078
3122
3116
3100
3077
3057
3068
3120
3159
3180
3196
3201
3203
3198
3214
3237
3251
3274
3286
3289
3271
3254
3230
3191
3148
3102
3067
3031
2994
2969
2938
2907
2854
2812
2749
2694
2640
2590
2554
2535
2506
2459
2393
2332
2267
2187
2137
2099
2055
2023
1995
1969
1923
1899
1848
1835
1823
1840
1892
1921
1921
1919
1883
1959
1870
1805
1799
1845
1879
1924
1944
1946
1939
1920
1907
1906
1943
1987
2034
2068
2079
2081
2073
2022
1991
1984
2006
2027
2070
2108
2108
2084
2037
1986
1951
1948
1945
1942
1932
1925
1875
1823
1774
1716
1673
1624
1610
1606
1571
1534
1481
1432
1391
1361
1313
1273
1243
1236
1218
1198
1162
1128
1092
1063
1036
996
1001
993
984
974
975
933
890
845
815
766
723
701
688
678
680
677
671
638
624
596
556
546
582
617
631
655
673
665
683
681
689
702
734
786
827
862
903
929
929
1057
1012
1004
1015
1049
1063
1081
1124
1151
1171
1168
1195
1204
1198
1202
1192
1190
1212
1228
1231
1255
1271
1273
1283
1300
1299
1302
1310
1308
1317
1336
1341
1339
1349
1363
1362
1345
1346
1366
1355
1354
1372
1380
1380
1377
1373
1361
1359
1364
1385
1400
1425
1441
1475
1479
1490
1490
1500
1514
1531
1544
1569
1585
1620
1734
1718
1716
1706
1699
1712
1712
1726
1747
1773
1793
1817
1824
1831
1937
1978
1972
1926
1988
2049
2035
2032
2052
2080
2080
2112
2145
2179
2220
2256
2286
2304
2345
2368
2380
2383
2378
2379
2365
2393
2413
2433
2455
2552
2531
2475
2427
2390
2365
2344
2340
2353
2403
2424
2390
2365
2307
2240
2191
2162
2176
2209
2258
2286
2276
2227
2172
2124
2091
2079
2094
2127
2187
2219
2247
2229
2191
2138
2108
2099
2115
2123
2134
2160
2156
2140
2111
2071
2059
2073
2104
2138
2156
2157
2160
2158
2153
2147
2147
2190
2247
2285
2315
2332
2304
2278
2248
2222
2226
2258
2308
2336
2342
2337
2300
2266
2234
2188
2122
2087
2086
2070
2056
2043
2031
2026
1978
1927
1866
1813
1783
1776
1800
1830
1867
1865
1820
1762
1682
1607
1558
1578
1617
1694
1748
1779
1769
1735
1689
1624
1575
1558
1572
1615
1676
1724
1763
1754
1726
1673
1614
1592
1615
1667
1755
1851
1896
1894
1889
1824
1796
1762
1799
1856
1944
2006
2022
2030
2017
1984
1947
1924
1940
1964
2017
2056
2083
2074
2043
1992
1936
1918
1921
1958
2009
2058
2098
2131
2105
2062
2007
1952
1909
1907
1952
1971
1963
1912
1840
1744
1671
1629
1625
1659
1728
1823
1901
1920
1894
1823
1747
1683
1642
1646
1717
1806
1900
1952
1965
1929
1893
1837
1790
1758
1768
1801
1835
1863
1876
1866
1833
1814
1776
1758
1755
1793
1861
1960
2026
2096
2105
2102
2076
2065
2046
2038
2057
2099
2143
2180
2205
2218
2202
2186
2168
2153
2129
2136
2156
2181
2201
2225
2238
2225
2197
2158
2107
2073
2058
2076
2089
2092
2046
1984
1930
1883
1862
1846
1841
1846
1834
1823
1820
1806
1760
1697
1648
1607
1567
1552
1529
1512
1499
1459
1434
1412
1397
1374
1375
1383
1368
1343
1313
1264
1223
1181
1182
1197
1200
1225
1242
1232
1225
1227
1240
1257
1294
1335
1365
1418
1436
1426
1430
1412
1397
1382
1386
1421
1451
1474
1489
1527
1547
1577
1577
1572
1603
1632
1662
1716
1764
1780
1806
1816
1811
1795
1818
1835
1859
1899
1929
1944
1945
1939
1951
1948
1956
1976
1998
2007
2043
2060
2041
2051
2061
2068
2092
2112
2130
2172
2170
2171
2181
2172
2169
2169
2164
2158
2177
2211
2248
2266
2278
2286
2300
2337
2356
2385
2425
2460
2489
2532
2574
2612
2643
2661
2684
2699
2714
2744
2745
2774
2767
2782
2786
2785
2792
2780
2791
2792
2821
2840
2860
2878
2876
2891
2897
2894
2913
2951
2961
2970
3004
3016
3015
3025
3015
3003
3016
3024
3016
2999
2972
2965
2934
2920
2919
2904
2904
2886
2874
2852
2853
2833
2808
2790
2774
2759
2754
2754
2726
2713
2700
2685
2663
2659
2646
2632
2623
2601
2560
2541
2517
2505
2497
2484
2476
2477
2471
2476
2463
2478
2483
2487
2476
2478
2473
2474
2462
2430
2429
2427
2434
2428
2429
2455
2465
2465
2471
2470
2488
2524
2537
2552
2570
2592
2612
2616
2622
2629
2626
2636
2652
2667
2683
2693
2685
2682
2668
2641
2615
2600
2594
2600
2597
2608
2621
2618
2582
2562
2532
2527
2537
2552
2573
2594
2600
2617
2624
2615
2577
2546
2538
2542
2555
2570
2563
2587
2574
2545
2539
2485
2469
2464
2454
2465
2449
2450
2468
2468
2441
2431
2400
2386
2392
2395
2412
2417
2419
2434
2423
2419
2412
2407
2436
2458
2476
2484
2480
2450
2421
2406
2386
2366
2359
2339
2318
2313
2295
2272
2237
2218
2160
2125
2111
2096
2079
2052
2035
2009
1989
1977
1957
1925
1944
1941
1932
1922
1916
1888
1889
1875
1853
1839
1809
1806
1794
1776
1761
1751
1725
1692
1640
1602
1555
1518
1510
1497
1492
1473
1461
1443
1415
1401
1381
1369
1369
1378
1395
1404
1405
1397
1379
1347
1364
1357
1373
1398
1414
1420
1411
1409
1372
1355
1344
1335
1326
1341
1332
1344
1339
1327
1315
1307
1317
1321
1334
1344
1360
1363
1359
1334
1326
1303
1301
1318
1344
1371
1404
1415
1428
1449
1459
1461
1461
1481
1489
1504
1502
1523
1497
1495
1460
1448
1428
1415
1422
1404
1404
1415
1415
1408
1396
1376
1368
1368
1367
1367
1352
1373
1390
1391
1375
1375
1369
1351
1356
1359
1364
1374
1389
1384
1381
1358
1367
1367
1391
1390
1372
1373
1393
1406
1422
1436
1451
1482
1488
1501
1527
1539
1566
1598
1617
1635
1649
1687
1712
1715
1723
1736
1752
1782
1812
1846
1868
1888
1900
1921
1927
1932
1933
1950
1955
1971
1985
1987
1985
1987
2003
1995
1992
1988
2003
1996
2024
2043
2048
2075
2086
2082
2124
2121
2135
2160
2207
2227
2254
2289
2310
2323
2338
2360
2374
2398
2411
2422
2447
2480
2516
2542
2560
2579
2579
2604
2623
2636
2676
2710
2735
2775
2803
2830
2840
2856
2872
2888
2916
2945
2969
2985
2984
2985
2978
2980
2965
2950
2944
2937
2950
2937
2932
2924
2911
2894
2865
2831
2810
2807
2819
2801
2807
2794
2794
2780
2755
2878
2776
2741
2726
2716
2712
2698
2713
2698
2663
2639
2621
2595
2586
2585
2566
2557
2561
2534
2519
2476
2453
2402
2399
2401
2390
2380
2365
2354
2327
2294
2260
2243
2236
2237
2255
2260
2264
2265
2244
2247
2225
2208
2214
2213
2231
2234
2224
2202
2188
2171
2163
2154
2154
2124
2107
2094
2069
2041
2015
2004
1989
1960
1940
1923
1925
1902
1896
1877
1870
1860
1841
1825
1816
1796
1779
1759
1752
1720
1692
1655
1627
1601
1585
1561
1531
1501
1486
1442
1411
1383
1334
1320
1308
1285
1264
1253
1236
1228
1214
1181
1161
1166
1160
1169
1164
1185
1199
1199
1209
1187
1167
1163
1162
1297
1258
1212
1197
1188
1166
1178
1159
1142
1139
1147
1189
1143
1138
1149
1133
1123
1119
1108
1129
1139
1146
1155
1161
1164
1183
1192
1194
1186
1194
1209
1209
1223
1238
1262
1265
1264
1239
1230
1244
1214
1199
1183
1203
1212
1236
1249
1257
1251
1232
1232
1248
1244
1276
1292
1319
1340
1347
1368
1373
1385
1381
1393
1401
1538
1470
1478
1465
1493
1498
1493
1507
1506
1506
1507
1492
1526
1534
1550
1651
1741
1747
1654
1624
1596
1673
1603
1600
1640
1695
1767
1840
1884
1885
1873
1842
1825
1823
1834
1899
1990
2075
2147
2188
2198
2157
2125
2081
2070
2084
2134
2224
2329
2404
2424
2395
2341
2270
2188
2172
2185
2251
2347
2445
2489
2473
2397
2287
2179
2140
2151
2222
2339
2449
2518
2508
2445
2342
2258
2231
2242
2297
2389
2478
2555
2540
2592
2444
2341
2275
2273
2297
2351
2406
2449
2467
2448
2404
2369
2339
2341
2355
2419
2486
2518
2532
2491
2428
2377
2347
2341
2379
2412
2474
2519
2515
2497
2447
2399
2354
2342
2339
2399
2435
2484
2515
2509
2484
2439
2391
2368
2372
2403
2450
2503
2552
2559
2527
2464
2385
2325
2289
2286
2330
2418
2527
2600
2618
2575
2488
2400
2333
2313
2335
2407
2493
2552
2569
2538
2486
2424
2382
2356
2360
2408
2452
2490
2496
2466
2432
2361
2319
2307
2312
2339
2366
2396
2407
2407
2406
2387
2361
2329
2337
2351
2352
2369
2375
2347
2323
2282
2275
2260
2249
2250
2258
2255
2236
2207
2188
2158
2132
2128
2127
2152
2158
2151
2112
2076
2023
1981
1960
1943
1947
1947
1962
1965
1936
1908
1871
1820
1803
1787
1776
1778
1796
1796
1790
1752
1721
1662
1635
1596
1587
1583
1607
1588
1602
1612
1600
1568
1544
1497
1487
1475
1479
1506
1511
1511
1507
1491
1468
1433
1426
1436
1459
1473
1487
1498
1509
1504
1504
1482
1491
1479
1472
1475
1486
1476
1497
1505
1505
1507
1520
1543
1549
1556
1556
1554
1545
1555
1555
1549
1573
1600
1633
1641
1641
1631
1635
1651
1648
1656
1699
1739
1774
1772
1796
1803
1799
1806
1829
1838
1862
1879
1916
1946
1960
1943
1930
1923
1907
1914
1939
1971
2002
2019
2020
2005
1991
1980
1978
1972
1988
2010
2035
2057
2044
2038
2033
2024
2054
2072
2094
2112
2127
2146
2160
2161
2161
2136
2127
2120
2142
2152
2166
2179
2183
2172
2183
2184
2186
2173
2190
2200
2229
2235
2233
2242
2228
2224
2231
2236
2233
2246
2262
2296
2303
2327
2321
2311
2294
2279
2270
2267
2257
2268
2284
2291
2290
2291
2286
2270
2268
2242
2219
2216
2216
2238
2260
2273
2280
2280
2268
2281
2272
2266
2279
2286
2312
2321
2334
2347
2367
2379
2364
2358
2368
2376
2403
2410
2431
2464
2479
2486
2489
2476
2452
2439
2427
2421
2438
2462
2476
2494
2502
2499
2485
2463
2460
2469
2476
2496
2524
2542
2547
2520
2516
2508
2510
2518
2546
2555
2564
2587
2572
2531
2514
2480
2468
2460
2461
2469
2486
2484
2475
2485
2468
2454
2431
2416
2412
2423
2440
2455
2457
2454
2446
2441
2435
2437
2432
2460
2468
2475
2466
2447
2435
2423
2400
2384
2372
2371
2368
2375
2364
2357
2354
2340
2313
2298
2283
2273
2269
2272
2266
2278
2269
2279
2270
2265
2259
2271
2282
2280
2262
2267
2247
2246
2244
2248
2243
2259
2264
2257
2243
2209
2188
2177
2151
2149
2136
2131
2101
2082
2053
2024
1982
1968
1946
1960
1960
1975
1971
1954
1943
1910
1895
1875
1864
1861
1868
1880
1873
1882
1852
1835
1809
1772
1762
1753
1736
1753
1758
1750
1720
1728
1695
1677
1659
1660
1675
1670
1675
1689
1679
1676
1671
1659
1671
1671
1661
1679
1674
1679
1668
1659
1664
1646
1626
1640
1670
1679
1703
1717
1734
1728
1709
1718
1721
1735
1734
1746
1771
1757
1765
1743
1737
1735
1733
1735
1737
1750
1748
1767
1778
1782
1763
1756
1748
1770
1785
1796
1809
1801
1827
1825
1834
1829
1823
1831
1821
1811
1823
1825
1833
1830
1824
1825
1817
1823
1820
1828
1832
1836
1832
1836
1851
1848
1866
1897
1905
1916
1918
1910
1901
1910
1913
1903
1908
1925
1935
1975
1980
1984
1996
1981
1984
1982
1985
1994
2027
2027
2051
2046
2055
2051
2041
2018
2023
2038
2047
2060
2073
2070
2073
2056
2052
2043
2032
2048
2074
2067
2099
2094
2101
2107
2088
2073
2068
2072
2087
2095
2110
2140
2137
2140
2136
2120
2127
2110
2111
2128
2140
2152
2160
2149
2147
2148
2158
2161
2176
2182
2204
2207
2203
2203
2187
2182
2185
2169
2156
2177
2175
2184
2179
2170
2179
2176
2165
2151
2130
2129
2135
2128
2124
2116
2096
2084
2066
2064
2060
2065
2072
2083
2069
2067
2061
2060
2040
2031
2032
2043
2041
2036
2016
2008
2008
2003
1992
1983
1989
1968
1966
1971
1985
1970
1984
1990
1984
1985
1972
1963
1960
1946
1956
1945
1939
1942
1948
1959
1995
2006
1991
1987
1980
1986
1980
1972
1951
1957
1979
1979
1986
1984
1980
1974
1959
1962
1959
1962
1959
1963
1974
1965
2051
1976
1934
1924
1922
1944
1946
1947
1944
2030
2060
2038
1959
2017
2009
1960
1945
1944
1960
1964
1961
1956
1937
1948
1948
1951
1962
1969
1966
1967
1970
1950
1941
1942
1947
1956
1984
1984
1995
1996
1994
1988
1980
1979
1995
1991
1994
2003
2001
1988
1992
2006
2004
1984
1976
1988
1979
1960
1951
1930
1927
1910
1896
1879
1877
1865
1855
1825
1824
1805
1807
1794
1776
1771
1750
1750
1739
1747
1743
1754
1735
1726
1727
1735
1736
1723
1719
1702
1682
1678
1672
1687
1685
1691
1715
1724
1712
1710
1691
1670
1676
1676
1689
1714
1713
1727
1720
1699
1669
1672
1651
1635
1635
1641
1664
1688
1711
1713
1690
1671
1660
1650
1647
1659
1673
1667
1679
1682
1679
1663
1636
1631
1644
1670
1692
1694
1699
1726
1732
1717
1719
1718
1697
1691
1683
1675
1669
1686
1669
1678
1711
1732
1721
1703
1674
1640
1644
1642
1686
1730
1729
1736
1739
1736
1728
1718
1725
1716
1759
1777
1801
1811
1808
1806
1783
1789
1806
1806
1816
1812
1826
1844
1875
1875
1866
1846
1843
1827
1823
1828
1848
1868
1883
1896
1900
1908
1929
1922
1907
1905
1884
1898
1935
1955
1989
2003
2008
2020
1985
1980
1981
1998
2015
2040
2048
2052
2048
2052
2122
2089
2062
2072
2075
2083
2096
2102
2095
2081
2069
2048
2063
2104
2133
2182
2208
2223
2191
2160
2147
2142
2168
2198
2222
2236
2245
2256
2249
2252
2255
2232
2244
2268
2270
2278
2282
2298
2270
2269
2271
2263
2240
2217
2228
2249
2273
2286
2299
2290
2273
2240
2219
2196
2198
2203
2227
2232
2213
2208
2193
2177
2169
2161
2156
2159
2148
2150
2155
2147
2144
2128
2125
2127
2125
2114
2127
2118
2095
2087
2079
2094
2097
2096
2125
2115
2139
2147
2126
2133
2143
2145
2143
2142
2154
2165
2166
2163
2172
2162
2164
2156
2169
2173
2191
2212
2222
2215
2192
2191
2170
2144
2140
2139
2156
2170
2183
2188
2202
2187
2170
2147
2144
2145
2148
2168
2181
2189
2201
2215
2202
2174
2158
2161
2166
2186
2203
2228
2243
2246
2221
2200
2191
2182
2175
2171
2190
2188
2194
2176
2144
2123
2110
2111
2111
2113
2133
2152
2169
2161
2140
2141
2128
2112
2127
2123
2129
2119
2108
2107
2075
2073
2069
2072
2081
2078
2081
2077
2054
2034
2032
2011
1985
1980
1969
1965
1972
1978
1967
1939
1929
1906
1904
1900
1904
1914
1922
1900
1912
1888
1879
1858
1831
1834
1828
1826
1828
1809
1814
1813
1803
1770
1775
1772
1777
1797
1816
1812
1839
1840
1855
1827
1813
1799
1815
1837
1820
1846
1868
1881
1864
1862
1881
1886
1895
1915
1925
1935
1939
1942
1948
1931
1935
1952
1940
1929
1947
1960
1971
1980
1977
1977
1972
1977
1990
1996
1998
2008
2035
2039
2051
2050
2070
2070
2081
2112
2124
2154
2168
2180
2179
2176
2179
2196
2195
2213
2220
2239
2240
2228
2202
2209
2199
2199
2208
2206
2202
2219
2228
2224
2231
2215
2223
2238
2220
2216
2222
2229
2247
2249
2253
2250
2265
2257
2260
2274
2269
2276
2284
2267
2265
2265
2255
2264
2274
2272
2277
2272
2274
2246
2227
2226
2232
2228
2239
2270
2274
2284
2288
2279
2256
2252
2271
2270
2302
2299
2323
2327
2338
2339
2317
2319
2302
2292
2312
2337
2335
2363
2376
2380
2360
2365
2352
2368
2372
2379
2375
2396
2413
2407
2420
2423
2432
2419
2443
2423
2441
2456
2467
2476
2478
2489
2488
2499
2504
2502
2516
2505
2497
2483
2476
2483
2491
2477
2480
2479
2475
2470
2464
2445
2417
2422
2409
2398
2403
2412
2437
2440
2441
2428
2415
2395
2395
2415
2422
2451
2457
2460
2452
2436
2419
2401
2396
2399
2395
2412
2422
2422
2432
2408
2401
2402
2375
2365
2367
2377
2402
2394
2384
2368
2340
2320
2304
2316
2312
2331
2314
2318
2299
2271
2248
2236
2222
2208
2209
2207
2208
2197
2186
2171
2152
2128
2119
2104
2085
2091
2075
2089
2093
2062
2030
1990
1971
1961
1964
1974
1957
1971
1960
1931
1909
1883
1871
1865
1864
1857
1868
1857
1844
1844
1810
1795
1795
1788
1806
1796
1800
1782
1766
1767
1743
1741
1743
1743
1750
1740
1753
1734
1719
1713
1689
1679
1683
1688
1700
1696
1697
1687
1678
1644
1623
1619
1608
1620
1615
1633
1636
1631
1628
1601
1591
1591
1590
1589
1600
1614
1619
1636
1609
1590
1563
1544
1534
1525
1517
1532
1559
1575
1569
1568
1557
1537
1544
1536
1536
1562
1564
1586
1592
1565
1568
1572
1555
1548
1543
1560
1574
1582
1577
1572
1568
1563
1564
1564
1559
1551
1559
1562
1575
1572
1572
1560
1577
1584
1577
1580
1594
1589
1582
1580
1589
1564
1569
1563
1575
1579
1582
1576
1567
1560
1551
1547
1542
1551
1543
1547
1551
1553
1536
1537
1536
1547
1548
1555
1566
1591
1596
1592
1569
1564
1582
1581
1601
1620
1640
1651
1655
1660
1665
1676
1657
1657
1655
1670
1695
1713
1724
1732
1718
1727
1726
1706
1720
1723
1750
1775
1809
1825
1830
1817
1811
1816
1814
1828
1843
1872
1884
1894
1891
1887
1877
1877
1877
1885
1896
1920
1921
1926
1926
1923
1909
1909
1879
1867
1889
1916
1918
1928
1944
1951
1957
1940
1933
1919
1928
1947
1969
1972
1984
1983
1978
1977
1969
1980
1991
2008
2029
2031
2020
2017
1999
1998
1993
2007
2012
2002
2011
2030
2042
2055
2056
2047
2040
2055
2055
2067
2067
2067
2072
2071
2064
2070
2082
2078
2077
2103
2118
2102
2096
2099
2098
2119
2133
2155
2174
2174
2163
2143
2121
2114
2112
2123
2144
2155
2180
2202
2196
2187
2174
2182
2184
2171
2157
2178
2185
2193
2198
2183
2149
2128
2122
2110
2116
2140
2168
2193
2183
2173
2160
2136
2112
2095
2089
2092
2112
2110
2104
2081
2053
2058
2050
2044
2041
2042
2039
2043
2050
2038
2023
1998
1990
1974
1972
1968
1968
1968
1979
1959
1968
1955
1948
1948
1940
1955
1944
1924
1907
1899
1888
1860
1868
1876
2051
1942
1935
1921
1918
1899
1889
1884
1900
1907
1930
1963
1980
1981
1983
1953
1956
1953
1948
1951
1955
1960
1962
1998
1997
1996
1991
1984
1951
1956
1963
1972
1991
2009
2022
2022
2025
2027
2023
2014
2020
2003
2019
2017
2028
2041
2050
2067
2074
2055
2030
2038
2048
2064
2068
2078
2111
2102
2104
2103
2110
2102
2114
2134
2140
2156
2149
2156
2158
2151
2164
2178
2179
2176
2181
2185
2190
2207
2204
2207
2214
2209
2213
2218
2228
2225
2237
2240
2247
2235
2232
2232
2236
2237
2232
2231
2227
2229
2226
2247
2248
2252
2246
2244
2237
2233
2223
2227
2240
2227
2231
2243
2241
2240
2235
2236
2233
2227
2239
2230
2229
2239
2258
2250
2249
2247
2233
2233
2223
2233
2231
2239
2233
2222
2222
2217
2221
2216
2212
2228
2222
2368
2269
2222
2210
2210
2196
2190
2193
2182
2182
2196
2216
2230
2235
2207
2210
2223
2240
2217
2228
2316
2302
2235
2204
2184
2172
2163
2167
2176
2171
2155
2182
2144
2113
2098
2076
2061
2077
2070
2070
2075
2079
2076
2075
2054
2044
2036
2038
2037
2049
2068
2058
2067
2056
2036
2016
1998
2008
1996
2004
1999
2007
1992
1975
1946
1927
1939
1932
1931
1950
1945
1939
1935
1935
1922
1913
1918
1921
1907
1907
1906
1925
1908
1941
1956
1914
1888
1868
1881
1884
1880
1872
1878
1843
1854
1842
1845
1859
1972
2031
1984
2009
1962
1910
1884
1866
1870
1881
1896
1888
1913
1927
1923
1927
1932
1925
1928
1957
1963
1969
1961
1982
1974
1966
1955
1964
2078
1999
1997
2006
1998
1996
2001
1999
1990
1999
2003
2014
2025
2032
2051
2045
2047
2039
2054
2049
2053
2067
2079
2097
2099
2102
2095
2089
2099
2097
2119
2125
2130
2136
2140
2131
2129
2113
2113
2119
2126
2120
2136
2148
2147
2152
2144
2139
2144
2142
2152
2153
2175
2175
2180
2185
2167
2157
2149
2144
2136
2135
2159
2156
2149
2149
2144
2130
2132
2137
2127
2142
2152
2158
2158
2153
2129
2122
2116
2111
2118
2121
2136
2153
2146
2164
2156
2136
2120
2126
2127
2129
2131
2147
2147
2156
2161
2143
2132
2133
2145
2147
2169
2161
2166
2160
2146
2145
2144
2135
2139
2137
2144
2168
2164
2164
2167
2163
2152
2157
2172
2172
2189
2175
2176
2172
2172
2183
2164
2168
2159
2176
2174
2177
2195
2201
2181
2160
2164
2183
2171
2181
2174
2184
2191
2190
2182
2170
2171
2169
2160
2176
2181
2180
2179
2159
2156
2169
2165
2155
2160
2179
2166
2155
2149
2148
2146
2132
2138
2142
2162
2155
2154
2164
2167
2170
2168
2167
2161
2156
2156
2141
2129
2133
2129
2128
2132
2139
2119
2126
2130
2132
2142
2135
2123
2115
2111
2113
2108
2107
2109
2111
2098
2118
2100
2099
2099
2086
2088
2080
2096
2088
2095
2078
2070
2051
2037
2034
2050
2041
2053
2046
2041
2040
2041
2042
2026
2025
2014
2024
2012
2029
2012
2023
2021
2019
1991
1961
1965
1976
1978
1971
1971
1969
1972
1948
1950
1942
1924
1939
1944
1936
1945
1935
1921
1921
1910
1894
1885
1891
1900
1890
1900
1894
1865
1859
1851
1838
1827
1825
1824
1824
1828
1833
1813
1784
1771
1768
1768
1766
1752
1773
1776
1763
1755
1737
1713
1699
1707
1699
1715
1713
1738
1727
1715
1696
1688
1668
1662
1652
1659
1655
1677
1676
1655
1660
1651
1639
1631
1644
1630
1637
1646
1664
1651
1636
1640
1625
1625
1638
1634
1645
1651
1666
1649
1635
1614
1607
1614
1606
1603
1622
1644
1647
1643
1649
1649
1631
1614
1628
1654
1663
1683
1679
1676
1660
1652
1649
1648
1655
1663
1673
1681
1703
1703
1691
1687
1668
1675
1686
1673
1668
1689
1711
1717
1720
1724
1724
1710
1717
1724
1735
1740
1748
1767
1768
1783
1789
1790
1790
1782
1801
1810
1808
1827
1835
1823
1831
1812
1826
1851
1854
1872
1861
1872
1877
1890
1892
1896
1927
1931
1935
1931
1932
1924
1934
1939
1948
1957
1980
1998
2007
2010
2003
2009
1992
1992
2000
2031
2051
2074
2064
2076
2070
2064
2079
2062
2058
2075
2113
2147
2160
2168
2159
2139
2125
2121
2116
2135
2141
2152
2163
2179
2173
2160
2151
2146
2149
2157
2172
2179
2207
2220
2227
2220
2196
2169
2176
2188
2212
2236
2243
2256
2249
2225
2225
2203
2196
2187
2207
2204
2215
2245
2236
2237
2244
2223
2214
2214
2212
2217
2222
2233
2236
2237
2236
2234
2224
2219
2203
2200
2193
2208
2218
2227
2216
2200
2185
2180
2172
2174
2200
2187
2185
2179
2188
2176
2177
2157
2163
2171
2166
2158
2162
2175
2160
2153
2142
2132
2142
2163
2163
2171
2163
2140
2126
2122
2103
2088
2076
2065
2084
2099
2110
2112
2108
2080
2067
2071
2051
2053
2032
2038
2046
2019
2023
2006
1988
1964
1977
1959
1955
1952
1964
1963
1948
1939
1931
1904
1891
1889
1887
1882
1898
1898
1904
1907
1905
1906
1908
1901
1905
1898
1900
1906
1909
1884
1875
1884
1875
1868
1883
1876
1885
1881
1885
1872
1872
1875
1865
1890
1888
1888
1898
1905
1924
1921
1924
1914
1898
1884
1900
1910
1931
1938
1945
1951
1952
1960
1948
1941
1939
1954
1970
1965
1973
1984
1984
1990
1990
1977
1985
1990
1976
1982
1995
2005
2009
2019
2023
2032
2040
2048
2047
2040
2041
2046
2052
2058
2063
2072
2086
2097
2092
2105
2087
2090
2089
2088
2096
2096
2119
2121
2110
2108
2099
2104
2113
2115
2128
2151
2156
2165
2151
2159
2158
2147
2153
2141
2168
2172
2176
2182
2187
2170
2172
2160
2138
2128
2146
2145
2160
2171
2179
2160
2141
2131
2115
2096
2098
2113
2118
2131
2140
2138
2116
2110
2087
2075
2080
2106
2102
2108
2092
2092
2067
2051
2026
2032
2032
2025
2027
2022
2041
2047
2032
2024
2009
1996
1996
1966
1960
1966
1966
1952
1971
1970
1971
1954
1949
1958
1955
1964
1977
1976
1967
1982
1972
1968
1959
1964
1962
1971
1975
1980
2013
1991
2008
2012
2012
1996
1990
1996
1999
2004
2014
2007
1998
1999
2011
1993
1997
2005
2014
2009
2010
2014
2017
2026
2011
2013
2008
2019
2015
2003
2007
1996
2003
2003
1998
1998
2008
2003
1993
1980
1979
1967
1971
1959
1974
1984
2002
2109
2059
2001
1987
1974
1944
1948
1951
1961
2049
2104
2096
2063
2058
1984
1965
1944
1951
1951
1940
1954
1959
1955
1955
1949
1938
1944
1934
1937
1952
1951
1951
1956
1947
1948
1949
1944
1943
1945
1950
1967
1969
1962
1976
1975
1969
1974
1972
1974
1976
2010
2025
2028
2013
2007
1990
1989
1999
2017
2014
2025
2025
2029
2026
2015
2012
2025
2031
2024
2027
2042
2044
2044
2045
2054
2037
2042
2052
2044
2051
2067
2086
2082
2088
2084
2084
2076
2076
2084
2110
2107
2100
2096
2110
2108
2103
2101
2112
2117
2134
2145
2149
2150
2154
2175
2166
2160
2175
2198
2196
2226
2219
2204
2201
2186
2190
2216
2232
2245
2259
2288
2300
2286
2264
2254
2243
2225
2236
2247
2335
2333
2297
2279
2265
2244
2240
2236
2243
2260
2269
2279
2284
2265
2240
2223
2213
2211
2225
2241
2243
2263
2247
2230
2232
2223
2222
2200
2182
2200
2216
2218
2222
2215
2216
2210
2203
2208
2209
2206
2203
2219
2210
2200
2200
2191
2181
2171
2164
2179
2201
2207
2220
2203
2192
2198
2177
2157
2161
2160
2159
2174
2192
2198
2193
2182
2175
2171
2168
2162
2169
2172
2160
2164
2143
2152
2163
2161
2160
2165
2168
2153
2157
2160
2142
2129
2146
2152
2150
2160
2158
2147
2137
2133
2114
2110
2119
2126
2125
2123
2125
2117
2115
2104
2078
2085
2071
2069
2075
2072
2063
2072
2077
2054
2044
2044
2042
2055
2056
2063
2062
2041
2028
2034
2032
2024
2028
2012
2011
2004
2007
1998
2018
2023
2008
1987
1984
1985
1979
1956
1969
1967
1965
1976
1973
1950
1967
1957
1945
1940
1940
1931
1932
1919
1917
1915
1919
1912
1917
1932
1925
1920
1915
1918
1891
1886
1880
1875
1860
1876
1884
1875
1863
1849
1863
1868
1865
1855
1843
1839
1843
1850
1846
1852
1849
1840
1834
1840
1838
1842
1829
1837
1843
1849
1833
1829
1841
1836
1839
1812
1828
1823
1819
1822
1822
1816
1813
1811
1798
1784
1793
1801
1800
1808
1771
1774
1782
1766
1763
1771
1772
1750
1763
1755
1740
1747
1760
1775
1766
1760
1751
1752
1752
1775
1753
1759
1753
1754
1750
1745
1747
1747
1755
1752
1758
1772
1779
1784
1776
1780
1775
1776
1765
1787
1791
1797
1820
1824
1816
1826
1814
1805
1799
1805
1807
1817
1827
1837
1846
1852
1837
1846
1822
1827
1825
1812
1819
1837
1846
1880
1859
1857
1854
1852
1855
1857
1850
1859
1875
1890
1888
1894
1889
1877
1860
1861
1846
1860
1866
1866
1876
1880
1902
1909
1904
1914
1915
1916
1899
1897
1880
1884
1895
1913
1916
1930
1927
1925
1920
1931
1928
1945
1954
1944
1939
1944
1947
1964
1969
1969
1975
1967
1961
1966
1963
1966
1980
1999
2002
1990
1987
1974
1979
1985
1988
1998
2011
2012
2001
2014
2028
2022
2021
2024
2027
2017
2013
2020
2022
2041
2041
2043
2052
2067
2065
2076
2071
2076
2057
2066
2068
2065
2072
2077
2086
2084
2118
2131
2119
2092
2099
2108
2090
2088
2094
2104
2121
2136
2146
2147
2125
2135
2129
2126
2129
2131
2134
2130
2124
2137
2130
2129
2106
2119
2120
2128
2119
2121
2132
2132
2107
2092
2096
2096
2086
2103
2103
2104
2109
2095
2096
2100
2088
2083
2075
2072
2065
2066
2078
2060
2068
2079
2073
2072
2073
2060
2058
2055
2058
2055
2045
2041
2030
2021
2028
2026
2037
2032
2030
2008
1996
1981
1980
1968
1951
1954
1954
1968
1991
1987
1978
1960
1944
1934
1922
1920
1934
1932
1939
1953
1945
1940
1932
1914
1894
1908
1904
1920
1908
1906
1911
1902
1891
1885
1872
1864
1864
1873
1877
1880
1888
1880
1874
1884
1856
1874
1863
1848
1877
1902
1900
1898
1904
1906
1908
1891
1882
1887
1888
1895
1903
1905
1907
1913
1916
1924
1915
1913
1931
1940
1955
1964
1955
1961
1964
1955
1960
1956
1959
1976
2003
2003
2008
2004
1998
2012
2008
2023
2024
2035
2045
2047
2048
2048
2056
2050
2052
2054
2077
2076
2080
2110
2103
2102
2083
2076
2063
2073
2098
2104
2109
2135
2134
2111
2111
2093
2095
2099
2099
2096
2115
2117
2129
2119
2115
2110
2089
2089
2095
2110
2143
2131
2123
2127
2117
2120
2096
2097
2090
2104
2127
2130
2117
2116
2104
2089
2093
2093
2089
2069
2083
2099
2118
2110
2111
2099
2099
2104
2099
2099
2113
2130
2136
2125
2122
2137
2112
2112
2105
2095
2103
2116
2128
2108
2125
2094
2077
2060
2074
2079
2102
2104
2117
2126
2109
2102
2109
2100
2090
2087
2106
2118
2122
2124
2123
2127
2112
2127
2111
2123
2126
2136
2140
2147
2147
2138
2136
2137
2134
2128
2145
2147
2134
2132
2124
2116
2120
2129
2135
2136
2140
2142
2140
2124
2118
2100
2104
2109
2120
2127
2140
2147
2135
2126
2131
2115
2112
2111
2142
2144
2150
2167
2166
2152
2150
2119
2104
2101
2108
2126
2148
2153
2158
2167
2150
2119
2114
2103
2083
2092
2113
2108
2115
2123
2113
2116
2117
2111
2108
2102
2102
2121
2125
2115
2106
2092
2072
2083
2095
2107
2107
2118
2120
2107
2110
2099
2079
2061
2064
2082
2091
2094
2083
2078
2070
2067
2083
2069
2055
2052
2065
2071
