2019
2012
2012
2036
2057
2075
2066
2048
2009
1982
1964
1976
1979
1989
2011
2028
2037
2033
2006
1973
1940
1916
1919
1950
1958
1963
1973
1971
1973
1955
1923
1906
1916
1929
1928
1929
1928
1927
1927
1935
1937
1936
1940
1948
1963
1964
1965
1954
1961
1984
1985
1972
1974
1973
1993
2001
2002
1997
1987
1977
2008
2000
2021
2014
2043
2032
2043
2034
2006
2023
2043
2045
2056
2061
2058
2051
2065
2051
2015
1999
1998
2013
2019
2040
2059
2072
2074
2062
2030
2010
2012
2010
2017
2030
2040
2044
2065
2055
2042
2023
2014
2003
1995
2007
2036
2062
2069
2066
2060
2046
2016
2002
2004
2031
2046
2094
2121
2138
2125
2110
2086
2083
2069
2078
2100
2130
2165
2180
2191
2173
2126
2133
2156
2108
2096
2119
2158
2198
2210
2193
2175
2251
2257
2219
2108
2206
2236
2211
2229
2216
2183
2134
2107
2077
2043
2054
2096
2137
2161
2176
2161
2119
2063
2012
1994
1996
2017
2067
2120
2138
2133
2111
2071
2028
1978
1959
1997
2043
2089
2130
2194
2115
2063
2012
1945
1927
1920
1946
1999
2046
2086
2083
2054
1998
1940
1901
1903
1913
1977
2031
2087
2099
2066
2028
1976
1927
1895
1901
1951
2024
2072
2105
2097
2057
2015
1959
1913
1910
1938
1991
2062
2095
2124
2100
2056
1968
1916
1894
1920
1978
2044
2095
2134
2119
2070
2006
1942
1904
1899
1933
2001
2048
2074
2070
2051
1991
1943
1888
1868
1881
1930
2011
2043
2068
2042
2009
1955
1916
1859
1856
1891
1947
2004
2024
2026
2006
1960
1916
1888
1869
1885
1937
1986
2038
2051
2030
1999
1988
1951
1934
1929
1955
2003
2036
2066
2077
2049
2026
2010
1990
1980
2007
2044
2085
2109
2123
2118
2098
2073
2064
2043
2056
2068
2077
2106
2145
2148
2135
2095
2074
2063
2054
2070
2092
2125
2166
2179
2175
2153
2119
2086
2075
2063
2081
2121
2138
2158
2160
2147
2110
2062
2049
2038
2044
2069
2098
2135
2140
2130
2115
2084
2050
2034
2028
2048
2051
2087
2102
2092
2078
2043
2033
2015
2015
2008
2038
2072
2111
2115
2089
2064
2054
2032
2017
2033
2031
2065
2091
2095
2096
2089
2060
2045
2035
2032
2048
2080
2122
2120
2110
2084
2051
2024
2010
2016
2039
2064
2096
2099
2105
2072
2044
2033
2021
2037
2063
2062
2084
2086
2085
2077
2040
2021
2004
2001
2013
2020
2024
2047
2040
2039
2000
1974
1959
1945
1974
1993
2017
2010
2016
2001
1976
1959
1928
1921
1930
1937
1936
1953
1968
1971
1964
1943
1927
1913
1926
1922
1935
1944
1955
1962
1959
1937
1904
1915
1936
1951
1941
1970
1974
1968
1939
1930
1935
1930
1931
1950
1964
1964
1955
1944
1924
1913
1911
1925
1932
1956
1958
1972
1963
1952
1928
1906
1894
1897
1909
1951
1979
1996
2005
1995
1965
1931
1901
1879
1886
1898
1944
1980
1984
1974
1948
1923
1894
1889
1890
1897
1937
1980
1992
1985
1978
1932
1904
1896
1886
1908
1941
1980
2000
2005
2016
1985
1959
1926
1922
1916
1959
2008
2050
2063
2050
2037
2013
1990
1967
1971
1986
2022
2048
2068
2058
2053
2028
2013
1996
1997
2018
2052
2087
2101
2087
2078
2042
2028
2011
1989
1995
2036
2069
2072
2071
2068
2059
2049
2019
2000
1984
1992
2012
2019
2031
2040
2040
2016
1996
1961
1953
1964
1976
2009
2020
2019
2020
2012
1998
1974
1935
1929
1932
1939
1964
1976
1988
1992
1958
1958
1923
1890
1867
1871
1890
1924
1943
1942
1948
1948
1932
1902
1890
1897
1900
1929
1955
1970
1977
1953
1961
1949
1926
1920
1929
1950
1980
1985
2020
2031
2017
1988
1960
1952
1958
1975
1988
2009
2021
2028
2020
2011
1990
1953
1955
1945
1959
1972
2023
2032
2034
2019
1985
1979
1960
1963
1961
1960
1996
2012
2027
2023
1993
1946
1936
1952
1952
1969
1985
2026
2037
2021
2016
1984
1962
1939
1951
1971
1995
2016
2037
2030
2033
2009
2001
1987
1980
1990
2032
2035
2070
2080
2077
2042
2035
2010
1995
2012
2040
2079
2104
2105
2107
2095
2083
2059
2045
2066
2090
2108
2124
2125
2129
2136
2126
2092
2089
2096
2096
2111
2130
2148
2160
2138
2134
2107
2084
2105
2112
2121
2139
2140
2139
2136
2123
2104
2085
2077
2092
2100
2100
2094
2103
2091
2095
2089
2064
2068
2073
2081
2086
2099
2082
2083
2072
2055
2027
2013
2036
2042
2043
2037
2033
2028
2037
2023
2016
2007
2009
2000
2006
2016
2036
2022
2012
1998
1990
1985
1992
1979
1968
1935
1908
1913
1966
2032
2067
2070
2114
2118
2102
2038
1948
1898
1893
1917
1976
2012
2067
2041
1969
1831
1698
1602
1618
1699
1866
2062
2254
2329
2316
2222
2017
1842
1672
1671
1752
1920
2118
2288
2361
2311
2172
1955
1737
1592
1556
1619
1767
1911
2014
2049
2034
1969
1888
1872
1874
1958
2042
2175
2286
2322
2284
2169
2051
1856
1712
1704
1965
2325
2576
2667
2535
2275
1980
1694
1630
1702
1871
2000
2112
2164
2243
2279
2220
2084
1916
1818
1816
1935
2150
2358
2464
2428
2220
1962
1782
1691
1759
1932
2123
2247
2227
2106
1847
1543
1356
1391
1555
1707
1718
1617
1510
1434
1408
1457
1605
1764
1909
1966
1993
1977
1959
1996
2111
2267
2422
2518
2574
2671
2699
2640
2407
2032
1644
1401
1380
1580
1859
2119
2235
2185
2003
1804
1647
1574
1581
1630
1699
1783
1858
1934
2021
2098
2131
2127
2059
2003
1970
2032
2135
2282
2437
2546
2547
2423
2243
2041
1957
1987
2104
2286
2447
2561
2556
2505
2410
2244
2040
1881
1801
1835
1943
2127
2281
2324
2245
2030
1771
1590
1499
1506
1611
1747
1841
1900
1937
1948
1952
1951
1977
2048
2127
2198
2264
2336
2394
2451
2471
2470
2449
2434
2442
2480
2513
2502
2542
2348
2168
2026
1948
1886
1869
1839
1815
1770
1739
1751
1807
1918
2079
2207
2267
2191
2113
2055
2029
2035
2044
2080
2116
2110
2096
2072
2034
1970
1931
1891
1880
1927
1983
2065
2104
2103
2105
2091
2032
1967
1908
1867
1886
1916
1964
2005
2051
2093
2140
2178
2220
2212
2210
2172
2155
2153
2145
2145
2127
2105
2079
2043
2035
2036
2013
2007
1996
2016
2012
2004
2003
2027
2028
2008
1944
1886
1799
1754
1774
1841
1941
2057
2148
2201
2194
2159
2067
1977
1908
1887
1931
1994
2060
2121
2125
2093
2027
1927
1836
1804
1825
1931
2063
2197
2271
2265
2146
1989
1833
1727
1702
1747
1859
1974
2076
2124
2096
2052
1996
1966
2000
2041
2100
2307
2229
2192
2183
2132
2062
2017
2031
2040
2064
2120
2156
2158
2114
2074
2012
2012
2025
2078
2136
2201
2219
2215
2197
2147
2096
2096
2076
2092
2107
2113
2107
2076
2040
2001
1921
1888
1872
1885
1921
1949
1952
1935
1911
1859
1831
1807
1816
1844
1883
1936
1985
2003
1997
1916
1803
1705
1746
1670
1680
1727
1819
1913
1993
2050
2075
2065
2046
2057
2067
2126
2184
2243
2295
2381
2351
2206
2131
2023
1917
1886
1910
1942
1980
1984
1970
1920
1880
1804
1771
1771
1816
1878
1940
2015
2053
2077
2074
2067
2061
2060
2074
2078
2184
2190
2175
2176
2173
2136
2087
2046
2013
1989
1964
1960
1979
1988
2002
1993
2004
1998
1993
1986
2011
2020
2045
2060
2060
2047
2014
1971
1955
1943
1959
1980
2014
2028
2042
2031
2028
2015
2014
2025
2040
2072
2105
2126
2127
2120
2099
2060
2023
2001
1987
1996
2022
2015
2006
1987
1947
1876
1843
1811
1820
1864
1943
2013
2059
2100
2103
2083
2060
2026
2008
2017
2035
2063
2084
2098
2097
2064
1998
1936
1889
1862
1851
1858
1887
1902
1917
1899
1871
1836
1828
1822
1837
1888
1958
2005
2079
2076
2067
2029
2000
1980
1974
1989
2019
2049
2079
2084
2083
2060
2039
2028
2020
2023
2028
2031
2029
2013
2000
1975
1935
1901
1897
1863
1879
1898
1907
1941
1974
2004
2027
2044
2043
2047
2035
2070
2104
2152
2189
2223
2218
2225
2198
2181
2159
2168
2180
2208
2212
2215
2197
2177
2136
2100
2063
2023
1971
1944
1910
1910
1897
1871
1879
1905
1918
1926
1931
1950
1966
1971
1998
2008
2041
2039
2033
2028
2019
2027
2011
2007
2036
2037
2031
2052
2056
2054
2041
2034
2024
2020
2002
1959
1931
1902
1880
1852
1852
1847
1836
1825
1819
1820
1795
1798
1819
1815
1829
1839
1860
1880
1911
1942
1991
2023
2057
2071
2081
2073
2077
2085
2083
2087
2083
2075
2039
2002
1963
1935
1896
1894
1883
1866
1856
1844
1841
1825
1828
1832
1855
1889
1951
1991
2005
2017
2046
2027
2036
2016
2022
2019
2014
2026
2018
2021
2063
2053
2075
2083
2091
2081
2079
2085
2089
2084
2077
2086
2087
2103
2085
2090
2090
2087
2094
2106
2117
2124
2130
2132
2137
2129
2142
2145
2144
2151
2164
2142
2101
2085
2054
2042
2007
1975
1953
1922
1903
1874
1845
1835
1822
1837
1850
1884
1928
1952
1971
1979
1986
2011
2026
2043
2081
2102
2119
2127
2123
2090
2062
2041
2019
1988
1959
1939
1938
1925
1898
1871
1865
1854
1858
1852
1864
1893
1918
1931
1941
1952
1962
1972
1996
2008
2039
2076
2110
2115
2121
2139
2135
2131
2138
2151
2168
2161
2160
2152
2134
2117
2095
2059
2047
2033
2034
2057
2066
2087
2092
2081
2053
2027
2019
2010
2028
2049
2057
2071
2078
2088
2069
2056
2052
2036
2033
2044
2057
2075
2091
2080
2040
2018
1998
1984
1990
1985
1991
2005
2007
2001
1984
1973
1966
1966
1971
2001
2025
2056
2096
2114
2124
2124
2113
2104
2104
2099
2091
2084
2103
2106
2121
2097
2073
2082
2071
2065
2075
2081
2083
2087
2100
2098
2085
2072
2056
2047
2036
2032
2029
2037
2065
2087
2096
2102
2092
2063
2064
2049
2063
2092
2095
2113
2119
2135
2119
2096
2057
2040
2034
2036
2046
2073
2085
2083
2073
2079
2073
2081
2087
2095
2094
2104
2118
2115
2109
2080
2062
2041
2010
1994
1965
1966
1963
1961
1972
1970
1986
1972
1979
1966
1958
1947
1943
1931
1953
1963
1967
1939
1961
1960
1952
1944
1938
1946
1953
1948
1960
1964
1968
1971
1986
1988
1991
1989
2000
2001
2001
1989
1975
1955
1934
1918
1907
1907
1938
1948
1953
1949
1952
1955
1945
1937
1958
1963
1988
2003
2009
2030
2044
2046
2032
2030
2020
2027
2032
2031
2057
2073
2081
2087
2078
2080
2081
2087
2079
2099
2106
2107
2105
2078
2065
2058
2055
2028
2026
2033
2030
2052
2055
2052
2061
2076
2082
2090
2072
2088
2110
2100
2097
2104
2100
2097
2096
2081
2090
2083
2094
2090
2093
2074
2071
2056
2055
2063
2068
2058
2058
2047
2036
2034
2036
2048
2039
2056
2071
2069
2062
2058
2040
2007
2006
2003
2008
2006
2014
2030
2008
2012
1995
1974
1971
1968
1972
1992
2008
2026
2051
2044
2054
2070
2068
2055
2063
2059
2062
2068
2077
2100
2089
2073
2028
2001
1981
1963
1963
1979
1992
2012
2002
1973
1950
1918
1921
1901
1921
1952
1981
1987
1997
1972
1959
1957
1940
1962
1973
1976
1978
1984
1982
1972
1959
1963
1977
1990
1996
1990
2004
2007
2017
2008
1999
2019
2013
2005
2003
2018
2028
2019
2009
2007
2010
1995
1979
1988
2000
1991
1999
1993
1985
1978
1967
1943
1936
1932
1915
1910
1909
1913
1921
1923
1927
1912
1912
1907
1912
1916
1933
1939
1950
1959
1968
1966
1962
1956
1948
1954
1956
1947
1959
1947
1960
1955
1948
1945
1950
1983
1984
1991
1989
2007
1999
1994
2003
2003
2002
1996
2010
2028
2017
2024
2012
1984
1965
1960
1956
1951
1956
1960
1932
1934
1928
1921
1897
1903
1917
1924
1937
1937
1947
1939
1931
1928
1935
1944
1959
1973
1977
1978
1980
1976
1964
1955
1960
1950
1949
1949
1936
1947
1949
1950
1961
1968
1979
1984
1979
1983
1989
1987
1987
1980
1970
1975
1966
1960
1955
1961
2024
2034
1980
1961
1929
1920
1909
1912
1922
1923
1931
1914
1904
1916
1924
1926
1941
1943
1936
1943
1940
1945
1943
1950
1944
1939
1956
1963
1983
1997
1992
1980
1978
1959
1939
1941
1952
1960
1976
1972
1983
1966
1975
1955
1954
1955
1969
1988
2016
2025
2035
2040
2029
2040
2032
2023
2039
2044
2076
2089
2102
2119
2116
2117
2097
2081
2086
2111
2122
2126
2126
2121
2119
2116
2095
2093
2097
2101
2115
2132
2143
2142
2135
2131
2147
2140
2141
2154
2173
2177
2200
2186
2195
2178
2171
2170
2171
2172
2152
2167
2167
2179
2176
2172
2176
2189
2199
2202
2205
2201
2201
2206
2203
2199
2169
2160
2152
2126
2104
2090
2106
2091
2069
2062
2050
2027
2022
2028
2039
2034
2035
2049
2044
2218
2119
2083
2077
2104
2120
2107
2102
2104
2096
2088
2070
2054
2062
2054
2046
2049
2052
2062
2051
2064
2058
2073
2076
2060
2061
2050
2053
2049
2051
2029
2038
2053
2056
2056
2075
2067
2065
2056
2041
2036
2033
2030
2035
2038
2060
2063
2063
2073
2069
2041
2048
2052
2072
2080
2070
2077
2160
2107
2060
2047
2044
2038
2046
2044
2048
2074
2053
2034
2023
1999
2008
1988
2014
2104
2146
2150
2068
2140
2047
2000
1990
1999
2012
2016
2022
2019
2004
1984
1962
1953
1934
1952
1968
1981
2001
1983
2002
1982
1959
1941
1937
1939
1967
2005
2029
2033
2029
1998
1976
1958
1943
1990
1999
2085
2022
2003
1997
1978
1956
1933
1921
1944
1988
2008
2042
2041
2038
2006
2000
2003
2016
2055
2070
2092
2111
2107
2109
2077
2041
2025
2023
2046
2080
2099
2115
2099
2056
2016
1974
1971
1967
2000
2016
2019
2042
2043
2009
1979
1952
1941
1959
1981
2010
2028
2041
2025
2014
1975
1942
1910
1892
1889
1910
1918
1939
1955
1959
1939
1915
1879
1863
1851
1874
1899
1937
1969
1979
1976
1952
1928
1904
1891
1858
1866
1896
1915
1956
1966
1955
1947
1896
1871
1846
1861
1888
1902
1937
1966
1964
1954
1929
1896
1886
1880
1887
1900
1917
1955
1964
1968
1947
1918
1903
1889
1908
1908
1913
1936
1948
1947
1930
1917
1903
1905
1918
1938
1948
1952
1954
1955
1960
1968
1982
1995
2006
2031
2040
2038
2022
2036
2025
2036
2034
2042
2073
2076
2074
2080
2076
2073
2081
2081
2078
2096
2111
2124
2122
2109
2108
2095
2104
2107
2112
2100
2104
2105
2102
2089
2078
2070
2076
2092
2102
2121
2136
2139
2125
2112
2098
2083
2079
2075
2084
2096
2083
2086
2065
2056
2048
2045
2035
2022
2026
2016
2022
2019
2028
2008
1996
1980
1971
1945
1948
1936
1946
1958
1964
1972
1971
1958
1954
1944
1935
1931
1935
1943
1938
1932
1951
1948
1945
1913
1904
1901
1894
1916
1916
1930
1931
1935
1924
1916
1930
1949
1964
1975
1993
1991
1980
1964
1979
1985
1985
1995
2002
1999
1982
1999
2003
2020
2004
2012
2023
2016
2022
2016
2023
2010
2003
2003
1995
1992
1984
1996
1983
1986
1972
1993
2008
2008
2008
2020
1998
1987
1985
1999
1980
1983
1974
2001
2009
2006
2040
2042
2039
2034
2032
2020
1999
2007
2003
2022
2041
2041
2040
2027
2014
2014
2011
2004
1975
1976
1976
1987
1979
1996
1995
1996
1994
2000
2013
2044
2040
2046
2056
2063
2060
2062
2088
2075
2098
2091
2067
2054
2043
2040
2054
2059
2058
2066
2067
2049
2045
2018
2008
2009
2025
2037
2042
2068
2095
2064
2066
2048
2047
2021
2030
2042
2071
2083
2091
2091
2080
2065
2053
2047
2067
2071
2063
2065
2077
2083
2076
2076
2074
2069
2045
2039
2042
2052
2057
2072
2073
2089
2087
2065
2055
2039
2020
2006
2007
2020
2031
2039
2028
2036
2028
2028
2031
2031
2034
2037
2052
2047
2067
2066
2059
2054
2041
2023
2028
2027
2030
2027
2035
2034
2027
2022
2021
2005
2005
2039
2052
2027
2049
2036
2033
2013
2000
1996
1994
2004
1999
2023
2047
2028
2014
2023
2000
1989
1991
2007
2017
2020
2045
2046
2050
2047
2048
2053
2061
2065
2060
2068
2080
2081
2065
2070
2055
2045
2076
2087
2092
2095
2095
2087
2079
2047
2039
2032
2023
2028
2034
2036
2042
2056
2036
2030
2034
2049
2060
2080
2100
2086
2060
2058
2050
2048
2059
2063
2083
2097
2113
2109
2105
2082
2064
2064
2049
2060
2073
2093
2110
2118
2124
2126
2107
2089
2084
2096
2107
2115
2115
2136
2148
2127
2104
2083
2072
2075
2059
2078
2085
2107
2099
2100
2080
2073
2067
2052
2054
2054
2076
2074
2073
2084
2091
2068
2055
2053
2042
2027
2027
2008
2003
2005
2009
1993
1996
1990
1993
1984
1966
1949
1942
1945
1960
1959
1968
1967
1978
1963
1945
1945
1947
1937
1939
1948
1966
1972
1972
1962
1965
1942
1937
1923
1930
1940
1948
1961
1990
1996
2005
2008
2002
1995
2007
2004
2016
2030
2032
2036
2050
2033
2020
2006
2010
2011
2007
1998
2003
2002
2015
2002
1980
1960
1963
1952
1966
1971
1966
1962
1949
1956
1938
1923
1916
1886
1884
1900
1900
1907
1913
1903
1904
1879
1877
1889
1872
1858
1849
1863
1873
1887
1908
1912
1919
1907
1888
1896
1926
1961
1975
1982
1992
1992
2009
2016
2018
2023
2031
2035
2054
2078
2080
2063
2067
2062
2063
2046
2048
2035
2038
2054
2069
2074
2065
2068
2059
2058
2064
2074
2051
2057
2056
2072
2076
2089
2089
2074
2070
2075
2066
2069
2067
2082
2063
2076
2079
2082
2075
2058
2056
2046
2043
2046
2033
2035
2036
2039
2025
2041
2035
2049
2058
2059
2092
2105
2108
2127
2130
2127
2139
2135
2144
2140
2164
2153
2160
2151
2137
2116
2120
2106
2088
2066
2059
2066
2075
2065
2044
2039
2019
2005
1991
1971
1955
1953
1942
1936
1933
1918
1911
1890
1871
1873
1870
1863
1861
1857
1851
1844
1812
1767
1757
1755
1756
1747
1757
1748
1750
1733
1737
1728
1724
1741
1757
1752
1776
1791
1797
1820
1812
1832
1813
1829
1848
1860
1892
1903
1905
1905
1909
1909
1915
1934
1952
2005
2046
2090
2127
2129
2111
2103
2093
2093
2118
2135
2176
2198
2201
2206
2206
2185
2164
2157
2164
2168
2202
2219
2228
2227
2211
2188
2191
2242
2159
2129
2134
2124
2109
2100
2104
2110
2099
2098
2093
2094
2103
2115
2115
2108
2121
2118
2123
2125
2128
2143
2150
2159
2164
2139
2139
2127
2112
2108
2113
2112
2125
2153
2163
2144
2138
2133
2107
2088
2068
2063
2081
2108
2138
2144
2137
2118
2093
2068
2062
2068
2056
2060
2048
2039
2024
1996
1986
1959
1944
1951
1957
1986
1984
1996
1991
1996
1975
1963
1966
1974
1971
1974
1986
1981
1960
1935
1928
1917
1921
1933
1926
1924
1928
1935
1901
1899
1873
1843
1851
1856
1870
1863
1855
1842
1836
1825
1833
1857
1875
1892
1944
1947
1964
1961
1942
1932
1916
1922
1939
1961
1981
1999
1987
1973
1941
1899
1896
1905
1921
1928
1937
1950
1947
1926
1888
1860
1817
1815
1844
1993
1987
1972
1976
1960
1939
1883
1850
1841
1856
1888
1930
1943
1932
1891
1840
1807
1780
1762
1750
1759
1774
1781
1813
1816
1810
1791
1787
1780
1804
1840
1891
1932
1943
1936
1911
1892
1890
1920
1983
2022
2062
2084
2083
2084
2086
2041
2028
2024
2003
2028
2030
2040
2027
2008
1958
1918
1884
1995
1943
1960
2009
2046
2063
2027
1971
1951
1936
1962
1985
2005
2044
2034
2066
2103
2093
1980
1980
1955
1909
1918
1966
2021
2053
2073
2056
2037
1979
1909
1835
1795
1806
1841
1858
1841
1808
1752
1740
1760
1793
1847
1896
1966
1984
1976
1963
1959
1975
2030
2123
2202
2247
2311
2268
2182
2121
2056
2020
2006
2019
2074
2137
2199
2224
2208
2151
2087
2035
2044
2085
2142
2252
2375
2490
2539
2539
2483
2405
2334
2287
2280
2296
2338
2380
2398
2371
2313
2269
2260
2265
2287
2330
2368
2377
2367
2325
2259
2231
2248
2341
2460
2531
2552
2511
2429
2317
2193
2111
2095
2129
2199
2279
2356
2415
2380
2316
2199
2032
1934
1964
2025
2145
2255
2313
2281
2232
2118
2023
1960
1970
2032
2103
2197
2263
2309
2275
2212
2132
2044
1971
1966
2006
2102
2200
2284
2302
2277
2201
2109
2049
2040
2088
2164
2252
2338
2427
2414
2352
2287
2234
2175
2127
2126
2150
2152
2178
2172
2183
2145
2098
2050
2003
1991
1988
1984
1951
1923
1858
1822
1827
1868
1929
1976
2016
2026
2004
1943
1896
1855
1845
1832
1858
1887
1899
1879
1853
1833
1801
1774
1775
1801
1833
1878
1928
1964
1956
1936
1897
1821
1803
1803
1867
1996
2129
2233
2283
2272
2220
2125
2030
1946
1936
1979
2034
2120
2216
2279
2293
2265
2216
2169
2132
2114
2117
2133
2148
2167
2176
2169
2188
2199
2229
2264
2261
2253
2228
2206
2193
2182
2200
2231
2252
2240
2221
2201
2184
2160
2147
2147
2155
2169
2175
2176
2128
2052
1968
1889
1841
1796
1798
1820
1892
1945
2006
2014
1977
1920
1836
1772
1711
1702
1709
1740
1795
1832
1865
1876
1856
1816
1760
1700
1676
1683
1703
1742
1775
1805
1839
1843
1809
1788
1758
1745
1743
1721
1733
1759
1792
1796
1780
1745
1708
1702
1695
1681
1712
1743
1795
1872
1916
1907
1840
1754
1678
1625
1593
1591
1633
1719
1797
1876
1921
1919
1868
1784
1699
1647
1628
1667
1734
1826
1870
1909
1908
1873
1841
1807
1778
1763
1772
1791
1780
1782
1776
1767
1743
1747
1758
1794
1818
1842
1860
1880
1880
1872
1875
1874
1873
1884
1896
1937
1977
1979
1986
1997
2013
2032
2034
2051
2059
2051
2027
2023
2005
1994
2022
2057
2112
2191
2214
2219
2210
2174
2133
2092
2067
2065
2123
2201
2284
2303
2272
2189
2101
2025
1955
1967
2014
2066
2092
2107
2105
2064
1999
1912
1856
1817
1831
1888
1921
1966
1967
1975
1988
1995
1988
1960
1913
1894
1888
1921
1979
2008
2025
2022
2020
2010
1998
2028
2032
2020
1998
1998
2048
2080
2095
2118
2110
2118
2128
2129
2131
2139
2137
2144
2161
2208
2213
2215
2182
2130
2076
2024
1991
2029
2113
2219
2294
2318
2303
2265
2216
2180
2139
2136
2161
2167
2191
2219
2216
2179
2114
2044
1975
1947
1936
1942
1967
1973
1960
1919
1861
1810
1814
1859
1903
1915
1903
1886
1852
1831
1797
1794
1803
1825
1875
1902
1910
1887
1870
1867
1896
1916
1934
1929
1957
1985
1993
2001
1980
1959
1957
1990
2075
2167
2231
2221
2202
2157
2114
2086
2122
2153
2233
2279
2296
2281
2260
2252
2222
2183
2168
2184
2236
2268
2291
2289
2255
2241
2226
2187
2119
2065
2020
2007
2051
2073
2087
2060
2018
1948
1872
1847
1832
1859
1889
1907
1913
1883
1826
1732
1651
1570
1534
1570
1630
1714
1790
1804
1784
1720
1662
1632
1612
1637
1669
1657
1648
1642
1640
1654
1654
1666
1664
1681
1709
1704
1688
1685
1688
1727
1746
1767
1782
1782
1755
1661
1589
1550
1560
1616
1705
1766
1755
1695
1668
1612
1555
1449
1383
1411
1527
1696
1816
1874
1808
1657
1513
1420
1366
1408
1511
1642
1764
1849
1883
1853
1760
1690
1687
1784
1900
2048
2187
2252
2216
2084
1980
1989
2081
2216
2360
2467
2439
2357
2253
2211
2225
2284
2380
2483
2563
2577
2516
2409
2318
2252
2278
2378
2480
2563
2594
2561
2507
2381
2243
2152
2131
2193
2276
2368
2371
2303
2179
2040
1987
2001
2099
2241
2362
2464
2473
2399
2259
2077
1967
1961
2035
2182
2333
2373
2284
2111
1937
1880
1920
2019
2105
2160
2185
2174
2099
2013
1894
1834
1830
1915
2080
2232
2326
2341
2260
2115
1950
1837
1830
1893
2051
2198
2251
2200
2054
1920
1811
1763
1732
1763
1814
1893
1965
2049
2067
2027
1938
1852
1836
1943
2037
2095
2128
2139
2147
2127
2118
2087
2073
2076
2084
2111
2157
2241
2321
2305
2268
2243
2222
2222
2238
2310
2387
2461
2546
2607
2607
2546
2503
2510
2569
2660
2785
2895
2969
2960
2869
2733
2611
2556
2599
2680
2814
2913
2963
2964
2904
2818
2719
2672
2672
2731
2838
2952
3028
3032
2956
2831
2652
2511
2448
2510
2664
2841
2971
2994
2904
2760
2595
2477
2438
2460
2551
2663
2716
2693
2602
2463
2310
2184
2172
2212
2315
2412
2468
2482
2399
2288
2163
2094
2124
2236
2350
2451
2496
2466
2383
2272
2158
2142
2209
2328
2449
2463
2466
2433
2395
2356
2299
2315
2352
2373
2382
2400
2424
2483
2386
2335
2329
2319
2320
2342
2388
2439
2462
2507
2595
2611
2472
2443
2373
2371
2419
2455
2462
2431
2377
2360
2327
2280
2251
2286
2365
2438
2470
2418
2367
2306
2254
2197
2145
2139
2187
2255
2320
2430
2326
2269
2232
2197
2173
2201
2237
2274
2279
2255
2199
2128
2074
2031
1991
1970
1981
2023
2080
2101
2094
2061
2014
1958
1915
1868
1854
1889
1904
1904
1884
1872
1851
1843
1828
1836
1818
1775
1734
1710
1681
1696
1700
1716
1715
1644
1576
1494
1434
1380
1406
1483
1588
1664
1667
1628
1528
1429
1358
1315
1340
1387
1466
1542
1568
1540
1491
1399
1321
1288
1265
1304
1324
1360
1375
1367
1333
1278
1201
1139
1096
1088
1110
1159
1193
1226
1191
1172
1127
1072
1025
1014
1023
1051
1079
1102
1083
1051
1009
960
951
948
944
944
929
919
910
903
892
920
959
994
1011
1004
971
940
892
879
870
903
924
942
979
1001
1008
1012
1010
1015
1010
1008
1008
1024
1054
1094
1168
1252
1319
1356
1353
1309
1278
1249
1277
1344
1472
1607
1696
1749
1716
1691
1652
1624
1632
1663
1689
1688
1671
1668
1680
1723
1782
1840
1840
1794
1704
1669
1669
1737
1853
1933
1966
1941
1808
1658
1543
1499
1545
1653
1775
1851
1870
1829
1721
1610
1526
1496
1477
1545
1632
1728
1740
1717
1645
1520
1457
1384
1369
1425
1563
1784
1977
2075
1973
1746
1487
1347
1370
1551
1795
2012
2131
2081
1903
1686
1517
1430
1454
1612
1822
2033
2111
2035
1820
1596
1469
1456
1560
1723
1855
1932
1904
1791
1587
1359
1217
1207
1300
1429
1537
1585
1587
1543
1415
1248
1088
1006
1064
1190
1339
1456
1559
1597
1567
1497
1422
1368
1328
1326
1368
1436
1540
1644
1723
1765
1744
1740
1771
1863
2000
2126
2245
2299
2340
2408
2475
2514
2545
2575
2621
2699
2847
3018
3216
3422
3591
3699
3724
3718
3700
3753
3827
3933
3996
4001
3977
3934
3884
3868
3895
4015
4094
4094
4094
4094
4095
4094
4094
4062
3995
4019
4021
3968
3876
3763
3582
3392
3230
3084
3020
3002
3046
3091
3104
3046
2900
2691
2457
2243
2080
1995
1958
1976
1960
1926
1848
1748
1655
1583
1576
1596
1620
1679
1720
1720
1703
1665
1577
1502
1451
1410
1441
1472
1519
1544
1549
1591
1620
1661
1744
1844
1962
2065
2164
2267
2317
2363
2374
2364
2369
2392
2465
2556
2672
2774
2860
2947
3013
3078
3112
3164
3181
3206
3232
3272
3280
3268
3235
3188
3146
3132
3123
3144
3169
3226
3248
3241
3168
3070
2959
2904
2880
2846
2854
2835
2795
2722
2611
2493
2384
2345
2344
2382
2425
2460
2500
2542
2574
2590
2606
2581
2578
2572
2570
2579
2592
2604
2587
2557
2520
2509
2521
2551
2607
2715
2784
2823
2797
2737
2671
2623
2606
2615
2585
2550
2493
2443
2380
2347
2324
2320
2344
2382
2416
2407
2378
2311
2233
2182
2149
2138
2131
2099
2047
1968
1863
1782
1682
1591
1520
1471
1445
1420
1391
1342
1279
1217
1133
1073
1020
970
940
909
875
836
810
808
824
839
852
872
847
810
749
701
675
655
651
643
617
601
598
598
596
618
660
685
720
764
793
788
813
844
870
891
903
907
919
934
940
929
930
920
931
932
932
920
879
864
825
806
805
822
819
819
806
812
796
792
783
750
712
713
718
732
761
784
837
875
910
928
912
910
904
902
906
929
939
947
955
967
959
943
960
968
1017
1085
1129
1168
1220
1237
1253
1254
1257
1247
1251
1266
1303
1360
1424
1479
1506
1497
1488
1502
1502
1539
1585
1629
1674
1714
1728
1721
1720
1739
1770
1823
1880
1944
1972
1996
2011
2030
2071
2104
2134
2178
2212
2252
2273
2298
2312
2307
2299
2290
2293
2299
2312
2332
2347
2360
2389
2381
2358
2316
2291
2283
2295
2295
2283
2278
2264
2239
2216
2191
2179
2178
2184
2197
2205
2233
2242
2234
2237
2250
2224
2212
2196
2199
2188
2195
2210
2215
2228
2249
2244
2256
2258
2275
2313
2353
2404
2453
2484
2511
2515
2513
2514
2513
2534
2581
2643
2688
2723
2749
2781
2786
2792
2815
2836
2855
2887
2924
2979
3000
3032
3071
3084
3091
3111
3136
3172
3221
3271
3310
3330
3316
3320
3309
3328
3364
3412
3456
3460
3463
3456
3416
3377
3352
3336
3372
3393
3424
3476
3507
3475
3447
3399
3370
3370
3395
3414
3438
3423
3401
3338
3275
3207
3157
3158
3159
3180
3200
3212
3188
3139
3071
3040
3031
3015
3002
3020
3043
3057
3061
3027
2988
2955
2944
2969
3014
3052
3079
3105
3108
3085
3061
3038
3025
3038
3078
3111
3133
3149
3124
3108
3080
3067
3082
3098
3128
3164
3170
3166
3140
3104
3072
3025
2980
2942
2908
2903
2882
2859
2819
2764
2708
2667
2647
2616
2599
2571
2544
2500
2444
2387
2312
2259
2195
2165
2133
2097
2128
2165
2061
2024
1991
1968
1937
1924
1931
1960
2003
2012
2006
1993
1976
1956
1945
1959
1971
2013
2050
2074
2090
2087
2065
2043
2050
2063
2105
2164
2190
2213
2225
2222
2202
2166
2140
2124
2137
2165
2225
2243
2174
2141
2079
2051
2036
2033
2038
2020
2004
1968
1922
1847
1770
1716
1683
1659
1613
1595
1550
1514
1450
1398
1342
1287
1220
1171
1163
1132
1112
1100
1076
1030
985
975
929
891
874
859
828
802
799
792
761
724
680
616
600
575
568
583
600
588
595
601
602
585
594
598
614
637
640
651
666
676
686
719
732
761
806
857
903
941
965
992
1024
1049
1066
1231
1135
1139
1187
1182
1180
1183
1195
1196
1175
1187
1187
1186
1204
1243
1254
1261
1270
1284
1308
1313
1311
1302
1310
1324
1344
1373
1401
1405
1408
1402
1400
1406
1411
1434
1447
1467
1491
1507
1532
1526
1500
1496
1472
1464
1464
1489
1511
1528
1551
1566
1576
1594
1622
1634
1644
1642
1658
1661
1676
1687
1801
1748
1744
1733
1729
1735
1740
1772
1788
1807
1831
1848
1865
1880
1885
1891
2003
2086
2097
2070
2141
2105
2109
2097
2105
2127
2159
2178
2201
2230
2256
2298
2351
2387
2401
2387
2371
2379
2384
2416
2457
2482
2499
2493
2472
2444
2404
2372
2341
2340
2371
2404
2420
2387
2347
2356
2245
2168
2162
2175
2223
2265
2292
2273
2211
2152
2109
2076
2063
2070
2111
2163
2200
2211
2168
2124
2084
2056
2056
2054
2085
2099
2112
2096
2062
2038
2012
2008
2040
2062
2085
2098
2092
2114
2144
2163
2183
2209
2222
2211
2230
2222
2216
2214
2224
2255
2296
2311
2312
2308
2279
2241
2227
2228
2243
2241
2238
2192
2147
2104
2036
1999
1994
1989
1978
1952
1927
1879
1843
1816
1811
1809
1830
1838
1835
1799
1759
1685
1643
1619
1639
1688
1744
1789
1800
1793
1767
1733
1680
1635
1622
1644
1696
1752
1798
1822
1807
1764
1691
1625
1615
1649
1737
1821
1901
1935
1927
1897
1878
1847
1837
1875
1923
1983
2034
2063
2075
2063
2031
1987
1948
1942
1936
1967
1983
2032
2039
2039
2008
1973
1939
1884
1888
1919
1977
2034
2055
2065
2031
1959
1907
1880
1881
1892
1907
1895
1843
1779
1733
1677
1638
1644
1687
1760
1828
1878
1898
1864
1807
1746
1709
1695
1715
1767
1863
1934
1972
1981
1961
1931
1905
1874
1841
1842
1865
1910
1938
1944
1924
1897
1854
1812
1804
1868
1929
2008
2087
2134
2163
2154
2136
2118
2103
2120
2136
2172
2211
2247
2278
2300
2317
2304
2287
2273
2219
2191
2184
2210
2218
2236
2229
2215
2178
2158
2122
2099
2089
2092
2092
2089
2060
1996
1926
1871
1836
1821
1828
1826
1827
1836
1815
1804
1764
1725
1676
1619
1580
1546
1524
1500
1468
1430
1390
1368
1347
1359
1345
1331
1311
1285
1247
1208
1187
1156
1149
1147
1174
1180
1181
1176
1151
1143
1152
1170
1200
1230
1260
1314
1366
1397
1396
1389
1363
1343
1327
1343
1404
1447
1487
1510
1534
1542
1552
1536
1555
1566
1612
1657
1703
1721
1751
1730
1729
1740
1748
1776
1814
1840
1861
1873
1879
1870
1871
1896
1912
1939
1953
1968
1963
1959
1968
1985
2012
2027
2061
2087
2100
2114
2120
2120
2129
2121
2121
2142
2157
2174
2212
2233
2241
2269
2279
2301
2311
2335
2383
2435
2476
2506
2559
2581
2612
2641
2658
2690
2729
2767
2788
2800
2807
2791
2800
2803
2790
2800
2803
2818
2841
2866
2880
2892
2876
2877
2868
2867
2872
2908
2956
2979
3010
3023
3038
3034
3019
3022
3016
3024
3033
3043
3033
3023
2994
2956
2923
2888
2886
2871
2872
2864
2846
2835
2816
2796
2755
2747
2740
2731
2722
2736
2722
2703
2699
2668
2652
2622
2616
2619
2616
2592
2583
2552
2538
2520
2507
2511
2495
2507
2506
2493
2473
2467
2467
2467
2476
2480
2484
2478
2471
2467
2468
2472
2475
2484
2489
2512
2531
2541
2552
2560
2569
2579
2585
2576
2591
2597
2624
2646
2657
2662
2639
2640
2605
2615
2621
2645
2656
2656
2641
2627
2598
2572
2565
2538
2553
2544
2556
2543
2526
2511
2497
2484
2471
2471
2477
2481
2496
2526
2527
2520
2520
2490
2457
2433
2410
2421
2441
2471
2486
2491
2464
2430
2405
2394
2370
2369
2395
2407
2414
2429
2412
2397
2369
2374
2374
2376
2392
2401
2406
2427
2415
2408
2409
2424
2419
2438
2433
2439
2441
2438
2418
2388
2371
2356
2348
2338
2310
2299
2283
2267
2240
2194
2168
2134
2109
2086
2067
2070
2051
2038
2000
1984
1947
1951
1932
1908
1905
1922
1928
1910
1905
1901
1880
1855
1845
1841
1820
1824
1803
1774
1766
1732
1700
1678
1656
1625
1609
1588
1582
1545
1543
1526
1516
1516
1492
1488
1498
1506
1513
1513
1524
1522
1495
1497
1486
1485
1492
1504
1520
1532
1532
1532
1517
1501
1495
1488
1471
1472
1467
1470
1476
1455
1442
1425
1410
1414
1419
1412
1428
1436
1433
1427
1421
1409
1384
1383
1390
1399
1421
1455
1454
1468
1476
1476
1492
1492
1495
1490
1496
1498
1511
1510
1490
1473
1456
1429
1415
1406
1391
1388
1395
1394
1387
1378
1372
1367
1360
1373
1390
1396
1384
1376
1375
1367
1362
1368
1370
1364
1372
1366
1338
1340
1333
1328
1322
1334
1336
1356
1351
1355
1359
1347
1344
1333
1324
1328
1353
1368
1409
1436
1464
1474
1481
1483
1476
1486
1510
1541
1567
1604
1621
1631
1651
1664
1680
1688
1715
1734
1761
1780
1806
1830
1852
1856
1863
1865
1860
1858
1877
1887
1895
1917
1913
1944
1960
1966
1981
2003
2023
2054
2063
2089
2112
2139
2172
2190
2224
2243
2252
2286
2304
2349
2375
2392
2420
2448
2469
2479
2500
2493
2510
2535
2554
2552
2576
2595
2619
2654
2675
2707
2737
2752
2773
2792
2816
2825
2857
2874
2896
2910
2912
2942
2952
2953
2939
2944
2925
2925
2912
2897
2889
2863
2839
2825
2821
2803
2785
2768
2758
2739
2725
2715
2698
2703
2705
2699
2682
2665
2660
2666
2655
2641
2663
2663
2647
2629
2622
2614
2593
2575
2730
2596
2553
2519
2479
2452
2441
2447
2432
2412
2391
2378
2355
2339
2317
2301
2293
2301
2301
2295
2289
2294
2280
2268
2276
2272
2273
2259
2264
2252
2249
2237
2233
2232
2234
2204
2179
2173
2152
2122
2116
2108
2084
2064
2049
2028
2003
1979
1956
1937
1931
1925
1907
1907
1886
1856
1840
1825
1814
1804
1789
1780
1774
1752
1717
1693
1672
1652
1621
1593
1588
1542
1505
1487
1469
1451
1434
1410
1371
1359
1337
1323
1290
1288
1280
1272
1264
1251
1240
1231
1217
1200
1180
1185
1197
1199
1183
1196
1199
1202
1203
1199
1171
1170
1166
1172
1154
1163
1167
1163
1161
1155
1148
1148
1159
1155
1157
1158
1146
1147
1148
1144
1158
1219
1289
1214
1200
1241
1216
1215
1225
1218
1227
1226
1238
1248
1272
1266
1266
1267
1251
1241
1235
1245
1241
1260
1299
1292
1293
1279
1283
1287
1294
1318
1331
1360
1388
1413
1427
1435
1427
1428
1407
1408
1440
1462
1483
1529
1560
1572
1563
1571
1549
1538
1534
1541
1564
1595
1629
1688
1753
1683
1653
1637
1612
1603
1620
1689
1759
1854
1915
1953
1966
1937
1900
1896
1971
2028
2020
2081
2259
2263
2283
2273
2226
2160
2100
2072
2092
2168
2265
2373
2444
2468
2435
2378
2281
2207
2158
2191
2270
2366
2479
2524
2520
2447
2326
2225
2161
2175
2259
2389
2516
2581
2592
2521
2460
2372
2257
2243
2305
2412
2530
2597
2608
2549
2440
2342
2272
2260
2290
2374
2443
2499
2515
2473
2422
2366
2303
2268
2306
2376
2461
2502
2499
2458
2384
2331
2287
2275
2307
2372
2441
2501
2499
2463
2407
2360
2322
2313
2329
2367
2431
2485
2510
2491
2433
2384
2328
2301
2294
2349
2417
2476
2511
2523
2498
2421
2362
2297
2260
2248
2309
2376
2475
2568
2593
2556
2467
2374
2307
2296
2343
2416
2492
2548
2568
2534
2478
2400
2337
2321
2334
2372
2431
2485
2492
2469
2423
2363
2292
2272
2292
2311
2340
2377
2419
2427
2418
2392
2348
2323
2322
2318
2339
2360
2367
2355
2348
2326
2300
2276
2275
2273
2293
2302
2300
2282
2234
2199
2172
2169
2156
2155
2159
2171
2163
2143
2091
2049
2001
1979
1985
1981
1974
1971
1954
1926
1889
1851
1811
1804
1798
1813
1832
1825
1810
1782
1733
1681
1638
1615
1612
1619
1640
1658
1651
1639
1624
1590
1544
1511
1487
1488
1504
1516
1538
1560
1549
1532
1507
1479
1492
1479
1494
1500
1512
1527
1532
1543
1530
1531
1538
1511
1521
1536
1536
1528
1540
1542
1551
1553
1567
1579
1588
1590
1595
1581
1559
1572
1592
1616
1630
1659
1690
1698
1710
1699
1676
1652
1650
1672
1725
1753
1788
1806
1813
1796
1777
1751
1760
1778
1808
1855
1891
1895
1899
1875
1853
1833
1812
1829
1873
1906
1936
1970
1961
1951
1925
1923
1920
1915
1923
1931
1966
1981
2011
2012
2006
1993
2006
2012
2024
2041
2076
2098
2096
2083
2073
2081
2078
2097
2099
2128
2138
2147
2150
2153
2142
2115
2114
2116
2138
2161
2167
2180
2191
2181
2167
2152
2140
2138
2140
2151
2177
2203
2220
2221
2209
2209
2188
2164
2161
2169
2175
2191
2208
2221
2219
2217
2208
2189
2188
2181
2160
2168
2208
2225
2249
2261
2266
2259
2244
2229
2223
2214
2246
2266
2304
2314
2325
2341
2350
2335
2347
2344
2352
2379
2399
2439
2432
2437
2444
2442
2439
2446
2456
2472
2495
2509
2522
2543
2547
2568
2563
2547
2555
2546
2555
2563
2563
2579
2588
2598
2593
2604
2603
2596
2569
2586
2586
2601
2604
2583
2579
2565
2562
2551
2540
2536
2533
2515
2515
2499
2484
2479
2488
2475
2463
2452
2455
2463
2463
2465
2457
2451
2457
2460
2451
2427
2424
2446
2441
2459
2453
2443
2431
2425
2433
2405
2420
2414
2396
2385
2381
2360
2356
2355
2346
2315
2304
2291
2293
2280
2271
2272
2276
2264
2266
2255
2238
2236
2224
2236
2231
2247
2260
2258
2267
2243
2218
2200
2191
2176
2174
2161
2157
2130
2118
2096
2075
2047
2029
1999
1984
1971
1955
1941
1926
1928
1908
1891
1894
1861
1843
1858
1846
1845
1834
1816
1804
1815
1799
1770
1752
1748
1733
1724
1712
1702
1671
1662
1642
1623
1634
1624
1613
1607
1588
1580
1569
1566
1564
1585
1597
1614
1618
1614
1609
1616
1601
1591
1591
1604
1601
1631
1634
1631
1637
1637
1638
1630
1633
1646
1656
1666
1683
1684
1688
1689
1684
1679
1691
1690
1700
1728
1759
1758
1760
1757
1754
1749
1745
1753
1782
1757
1769
1792
1804
1804
1804
1803
1796
1803
1812
1807
1825
1848
1862
1883
1882
1880
1880
1879
1891
1890
1899
1911
1926
1938
1913
1907
1901
1906
1913
1931
1960
1991
2009
2024
2022
2023
2007
1999
1999
2010
2017
2037
2067
2076
2083
2075
2075
2081
2094
2097
2127
2120
2144
2160
2161
2155
2140
2134
2106
2110
2108
2107
2114
2113
2104
2100
2076
2084
2086
2083
2104
2081
2100
2096
2080
2095
2101
2108
2106
2111
2120
2133
2120
2099
2094
2085
2084
2095
2108
2121
2142
2156
2167
2153
2152
2138
2139
2142
2166
2175
2193
2198
2214
2233
2215
2200
2199
2206
2228
2236
2260
2272
2250
2242
2232
2214
2184
2192
2190
2180
2198
2207
2204
2175
2158
2144
2121
2099
2108
2104
2108
2127
2125
2094
2095
2079
2067
2055
2051
2047
2058
2064
2067
2047
2027
2017
1997
1984
1973
1976
1990
1990
1985
1963
1937
1928
1931
1920
1912
1911
1931
1944
1956
1958
1951
1924
1888
1889
1884
1904
1905
1920
1931
1935
1948
1941
1918
1914
1925
1927
1923
1928
1935
1935
1932
1928
1913
1905
1920
1925
1943
1945
1932
1949
1942
1943
1926
1928
1924
1942
1958
1961
1956
1953
1938
1939
1934
1942
1962
1955
1979
1980
1982
1990
1979
1971
1964
1956
1968
1984
1987
1991
1974
1984
1968
1979
1975
1963
1957
1977
1972
1974
1991
1994
1981
1984
1971
1980
1992
1991
1990
1997
1980
1992
1991
1972
1974
1978
1990
1994
2001
1995
1976
1945
1934
1918
1900
1903
1899
1898
1905
1889
1876
1873
1847
1834
1826
1831
1831
1830
1821
1799
1880
1854
1782
1756
1744
1758
1759
1774
1782
1769
1740
1698
1678
1649
1661
1665
1674
1694
1711
1724
1732
1712
1688
1669
1654
1645
1647
1654
1678
1682
1677
1683
1672
1655
1635
1639
1637
1660
1648
1683
1702
1708
1699
1698
1705
1689
1673
1638
1623
1634
1646
1647
1655
1679
1683
1683
1676
1663
1662
1638
1637
1637
1647
1654
1675
1692
1702
1695
1656
1628
1595
1586
1587
1606
1637
1676
1699
1692
1643
1596
1564
1556
1571
1607
1652
1683
1695
1707
1678
1651
1634
1639
1643
1687
1728
1764
1805
1798
1782
1755
1754
1765
1747
1774
1784
1808
1845
1844
1857
1846
1825
1801
1779
1779
1795
1839
1860
1880
1897
1900
1890
1880
1881
1888
1900
1991
2019
1988
2008
2035
2006
2006
1982
1983
1996
1999
2037
2058
2071
2077
2062
2042
2031
2054
2076
2093
2100
2108
2119
2126
2111
2106
2092
2085
2113
2152
2181
2230
2269
2296
2274
2251
2232
2224
2224
2246
2280
2293
2307
2310
2304
2284
2283
2284
2306
2312
2329
2348
2354
2338
2323
2403
2371
2344
2342
2320
2318
2316
2313
2303
2322
2308
2310
2307
2287
2270
2274
2342
2388
2337
2282
2350
2262
2224
2206
2205
2182
2168
2160
2153
2149
2142
2147
2150
2160
2149
2144
2126
2129
2112
2102
2099
2102
2109
2131
2139
2238
2212
2186
2184
2179
2172
2183
2185
2208
2208
2216
2212
2187
2186
2188
2179
2179
2192
2215
2214
2227
2232
2228
2225
2195
2182
2157
2154
2144
2153
2169
2173
2167
2148
2143
2127
2126
2116
2111
2133
2144
2152
2155
2147
2142
2131
2118
2128
2118
2136
2118
2126
2136
2130
2127
2136
2132
2131
2136
2131
2115
2128
2117
2083
2078
2075
2091
2094
2102
2096
2111
2104
2105
2112
2096
2097
2090
2112
2124
2136
2154
2160
2147
2131
2097
2067
2064
2051
2057
2057
2063
2070
2079
2076
2065
2038
2011
1995
1993
2023
2022
2029
2018
1998
1963
1946
1921
1900
1921
1925
1944
1961
1982
1987
1977
1959
1942
1911
1887
1884
1884
1888
1867
1852
1848
1843
1854
1854
1855
1847
1839
1844
1846
1856
1862
1865
1870
1880
1868
1880
1891
1890
1899
1875
1881
1882
1891
1910
1908
1919
1918
1944
1952
1961
1966
1967
1975
1977
1962
1960
1968
1987
1992
1995
1990
1992
1987
1985
1985
2003
2009
2012
2041
2046
2056
2065
2058
2076
2090
2087
2102
2121
2140
2147
2150
2162
2167
2191
2189
2200
2199
2204
2223
2214
2209
2203
2208
2216
2210
2222
2234
2225
2214
2214
2190
2187
2195
2187
2183
2191
2198
2207
2194
2192
2196
2194
2195
2205
2203
2198
2196
2193
2192
2193
2187
2194
2199
2196
2203
2236
2236
2240
2250
2262
2253
2232
2230
2226
2240
2252
2244
2243
2244
2235
2255
2245
2235
2243
2243
2242
2252
2273
2259
2269
2269
2272
2278
2298
2290
2299
2319
2327
2316
2309
2316
2324
2310
2304
2306
2327
2349
2351
2355
2352
2341
2326
2335
2340
2340
2345
2356
2360
2383
2380
2384
2372
2384
2377
2393
2398
2428
2449
2465
2467
2475
2480
2474
2463
2463
2455
2452
2443
2445
2457
2424
2431
2432
2403
2402
2408
2423
2418
2393
2374
2374
2405
2411
2414
2394
2393
2393
2380
2385
2390
2380
2384
2383
2376
2393
2377
2388
2377
2368
2363
2356
2355
2342
2349
2340
2338
2326
2327
2323
2329
2334
2319
2308
2303
2300
2293
2287
2293
2292
2287
2295
2315
2304
2297
2285
2268
2259
2241
2235
2226
2223
2230
2220
2207
2209
2194
2179
2176
2144
2135
2127
2112
2105
2096
2086
2068
2058
2039
2012
1991
1984
1977
1965
1947
1952
1935
1954
1936
1913
1906
1896
1874
1866
1848
1847
1858
1857
1862
1847
1840
1825
1814
1798
1787
1781
1776
1768
1773
1764
1758
1777
1778
1757
1755
1743
1733
1708
1713
1711
1705
1707
1718
1727
1697
1700
1673
1664
1655
1648
1649
1664
1666
1673
1658
1645
1631
1632
1636
1635
1633
1629
1620
1600
1598
1600
1590
1588
1593
1573
1568
1571
1589
1596
1598
1592
1586
1605
1604
1611
1626
1633
1622
1617
1594
1599
1588
1571
1580
1585
1582
1566
1569
1574
1557
1556
1551
1544
1548
1534
1535
1532
1547
1551
1539
1542
1530
1525
1529
1533
1539
1543
1558
1553
1556
1565
1545
1535
1513
1512
1519
1502
1501
1502
1504
1506
1508
1494
1499
1496
1495
1491
1495
1482
1489
1497
1504
1506
1512
1523
1537
1543
1536
1540
1560
1568
1573
1601
1626
1633
1650
1644
1638
1639
1644
1635
1651
1662
1691
1687
1709
1703
1707
1704
1695
1691
1700
1720
1743
1763
1761
1775
1785
1786
1782
1784
1788
1785
1785
1802
1811
1820
1824
1838
1835
1860
1852
1856
1864
1886
1886
1884
1894
1898
1888
1895
1888
1875
1892
1891
1896
1910
1908
1906
1906
1916
1922
1925
1948
1959
1978
1979
1987
1991
1977
1961
1984
1980
1994
2003
2003
2007
2019
2009
2011
2006
2017
2014
2018
2028
2027
2029
2045
2037
2041
2048
2063
2051
2055
2058
2050
2045
2040
2065
2049
2038
2049
2056
2041
2047
2051
2060
2055
2060
2072
2083
2091
2112
2094
2095
2092
2069
2071
2094
2095
2098
2115
2103
2116
2126
2113
2116
2108
2103
2089
2091
2089
2098
2132
2145
2138
2124
2118
2104
2111
2099
2126
2136
2151
2167
2199
2186
2151
2134
2105
2086
2091
2100
2107
2104
2115
2102
2067
2042
2004
1990
1994
2001
2031
2056
2054
2061
2036
2019
1990
1980
1972
1981
1995
2001
2016
2015
2016
2009
1998
1971
1944
1938
1949
1956
1972
1979
1984
1963
1948
1947
1937
1939
1948
1967
1980
1991
2002
2004
1991
2003
2002
2014
2026
2045
2057
2075
2077
2079
2068
2055
2046
2047
2053
2077
2089
2112
2095
2076
2054
2038
2057
2065
2091
2113
2146
2144
2153
2144
2115
2089
2099
2104
2116
2135
2143
2159
2153
2148
2115
2109
2099
2108
2114
2131
2151
2165
2162
2147
2140
2124
2102
2112
2095
2107
2129
2148
2161
2160
2168
2147
2149
2137
2144
2156
2167
2187
2185
2187
2194
2191
2179
2188
2222
2391
2292
2239
2212
2200
2176
2154
2151
2139
2169
2184
2192
2201
2213
2195
2196
2190
2193
2195
2214
2210
2221
2233
2239
2218
2209
2199
2198
2202
2214
2236
2239
2251
2248
2242
2235
2216
2195
2183
2185
2203
2214
2229
2228
2225
2222
2208
2208
2199
2203
2196
2204
2214
2217
2208
2198
2191
2182
2182
2176
2168
2190
2191
2185
2207
2187
2168
2160
2164
2162
2175
2177
2172
2177
2169
2168
2175
2174
2158
2180
2188
2195
2178
2188
2182
2163
2143
2145
2140
2143
2157
2145
2145
2128
2107
2084
2083
2088
2086
2099
2103
2104
2108
2106
2092
2068
2067
2068
2065
2075
2071
2099
2108
2088
2069
2040
2034
2027
2007
2001
2019
2034
2032
2025
2181
2061
2006
2032
1995
1973
1984
1998
1992
1980
1989
1979
1940
1930
1905
1897
1905
1918
1941
1921
1909
1896
1882
1875
1862
1870
1862
1879
1880
1873
1881
1880
1874
1863
1852
1840
1859
1868
1893
1908
1908
1892
1886
1887
1886
1884
1907
1902
1927
1928
1935
1925
1931
1928
1925
1927
2045
1955
1940
1945
1955
1964
1949
1943
1948
1942
1940
1932
1964
1982
1976
1995
2065
2124
2106
2025
2035
2076
2003
1991
2006
2016
2022
2023
2031
2038
2046
2042
2025
2027
2030
2040
2059
2064
2061
2060
2063
2065
2069
2058
2058
2060
2067
2077
2085
2079
2074
2086
2076
2068
2056
2062
2059
2067
2095
2112
2142
2167
2110
2083
2074
2056
2047
2071
2096
2119
2123
2126
2127
2117
2104
2097
2099
2103
2102
2104
2123
2104
2103
2105
2097
2090
2091
2083
2099
2110
2138
2135
2124
2118
2124
2119
2116
2128
2137
2144
2152
2161
2151
2152
2153
2135
2145
2150
2143
2163
2166
2181
2156
2155
2153
2155
2150
2164
2182
2176
2171
2172
2196
2192
2180
2176
2193
2180
2183
2201
2212
2211
2221
2218
2219
2204
2212
2201
2222
2213
2216
2209
2204
2204
2209
2195
2210
2194
2196
2210
2197
2206
2219
2220
2211
2188
2191
2193
2179
2184
2199
2203
2227
2227
2232
2241
2235
2224
2224
2241
2245
2232
2231
2223
2217
2216
2207
2198
2195
2213
2209
2207
2206
2201
2195
2194
2193
2208
2234
2233
2232
2232
2206
2215
2195
2192
2189
2204
2195
2206
2219
2216
2215
2194
2188
2173
2182
2183
2180
2190
2188
2191
2194
2177
2163
2146
2122
2113
2111
2109
2124
2142
2116
2111
2108
2099
2077
2066
2057
2049
2051
2069
2062
2049
2038
2033
2027
2006
2005
2005
1999
2016
2001
1971
1956
1954
1949
1953
1958
1960
1973
1955
1938
1940
1938
1932
1939
1936
1939
1933
1931
1927
1913
1900
1892
1859
1854
1841
1858
1859
1856
1850
1854
1827
1822
1808
1792
1779
1794
1806
1809
1801
1797
1780
1758
1740
1722
1723
1733
1735
1742
1735
1730
1724
1712
1692
1695
1696
1698
1712
1707
1716
1713
1694
1663
1669
1670
1680
1689
1694
1699
1697
1704
1689
1676
1659
1678
1691
1703
1703
1712
1726
1710
1681
1659
1646
1651
1639
1676
1696
1706
1699
1703
1684
1672
1665
1668
1662
1672
1676
1688
1691
1706
1678
1680
1673
1663
1661
1670
1670
1677
1683
1692
1691
1667
1672
1656
1670
1671
1675
1677
1687
1668
1674
1673
1683
1666
1665
1666
1666
1670
1690
1691
1693
1707
1729
1731
1732
1742
1735
1738
1744
1737
1750
1748
1764
1774
1774
1798
1810
1804
1791
1793
1785
1782
1789
1800
1820
1844
1854
1856
1856
1854
1843
1843
1849
1837
1840
1838
1852
1862
1883
1905
1918
1894
1891
1888
1889
1898
1916
1934
1937
1935
1939
1940
1945
1945
1947
1944
1952
1966
1979
1996
2009
2027
2025
2033
2036
2035
2042
2045
2053
2062
2067
2069
2074
2085
2081
2090
2100
2097
2104
2095
2089
2103
2104
2091
2117
2134
2152
2142
2158
2144
2142
2151
2165
2170
2169
2162
2150
2166
2179
2193
2192
2192
2205
2214
2213
2191
2195
2179
2170
2160
2168
2159
2166
2194
2200
2199
2185
2190
2193
2187
2180
2195
2200
2201
2201
2205
2215
2210
2191
2183
2172
2187
2204
2212
2235
2225
2227
2201
2196
2176
2171
2169
2174
2189
2204
2220
2197
2185
2200
2190
2175
2172
2160
2163
2178
2183
2177
2170
2171
2166
2150
2153
2160
2167
2162
2179
2170
2155
2145
2136
2106
2115
2108
2106
2104
2109
2113
2116
2105
2096
2087
2076
2064
2063
2055
2062
2046
2049
2034
2023
2006
2005
2007
2032
2033
2035
2025
2013
2009
1999
1997
1991
1994
1998
1992
2003
2003
1981
1970
1955
1935
1945
1963
1973
1964
1960
1934
1940
1931
1931
1922
1917
1936
1940
1935
1946
1953
1944
1922
1919
1911
1926
1927
1950
1958
1982
1971
1964
1954
1944
1935
1930
1943
1959
1978
1988
1990
1984
1971
1951
1946
1942
1956
1970
1991
1988
1974
1985
1972
1955
1966
1971
1980
2001
2012
2016
2004
2012
2003
2001
2002
2011
2022
2021
2030
2028
2024
2016
2008
2013
1990
1996
2022
2023
2034
2046
2043
2023
2007
2012
2011
2011
2030
2049
2049
2054
2052
2049
2046
2032
2028
2044
2074
2083
2097
2113
2102
2076
2059
2062
2070
2058
2072
2097
2118
2129
2134
2116
2094
2065
2062
2067
2079
2085
2098
2104
2116
2110
2105
2083
2085
2079
2075
2084
2088
2073
2066
2069
2051
2035
2027
2021
2028
2040
2042
2039
2030
2013
1992
1975
1976
1982
1976
1962
1979
1979
1958
1948
1957
1946
1944
1932
1947
1959
1942
1951
1961
1948
1941
1935
1929
1940
1953
1950
1957
1966
1964
1952
1948
1947
1954
1951
1961
1973
1975
