1935
1933
1966
2020
2070
2111
2102
2065
2015
1951
1906
1904
1932
1992
2042
2102
2128
2104
2040
1979
1933
1894
1913
1957
2032
2082
2122
2124
2067
2015
1956
1929
1928
1970
2034
2080
2136
2134
2127
2041
1980
1922
1909
1934
1978
2054
2108
2123
2105
2060
1989
1932
1891
1916
1948
1997
2039
2069
2084
2048
1987
1939
1896
1888
1916
1979
2028
2059
2072
2046
2009
1970
1907
1873
1893
1926
1978
2025
2033
2029
2006
1958
1932
1902
1890
1924
1973
2031
2060
2045
2032
1998
1961
1937
1914
1935
1971
2017
2053
2056
2066
2035
1994
1964
1964
1983
2001
2019
2063
2083
2071
2048
2011
1979
1963
1964
1999
2016
2047
2072
2080
2075
2044
2010
1990
1996
2006
2012
2030
2056
2063
2055
2034
2021
1978
1961
1984
1988
2006
2013
2017
2030
2027
2006
1998
1984
1977
1978
1985
2004
2000
2003
1992
1977
1964
1936
1935
1940
1955
1974
1975
1977
1988
1988
1985
1972
1953
1957
1966
1958
1971
1983
1976
1977
1976
1986
1979
1974
1994
1992
2015
2030
2026
2036
2032
2015
2003
1985
1981
1982
2005
2017
2018
2032
2024
2019
1996
2008
2009
2016
2027
2035
2038
2036
2039
2022
2015
1987
1994
2006
2020
2033
2038
2042
2035
2021
1991
1966
1968
1968
1971
1982
1993
2004
2019
2012
1996
1980
1968
1971
1951
1948
1953
1971
1985
1978
1972
1947
1936
1921
1932
1952
1966
1972
1979
1968
1967
1969
1937
1927
1938
1951
1952
1957
1984
1971
1957
1940
1928
1907
1909
1927
1943
1941
1951
1959
1951
1931
1912
1897
1891
1919
1949
1959
1963
1960
1963
1937
1926
1926
1920
1930
1951
1963
1970
1970
1984
1968
1954
1944
1937
1939
1942
1956
1953
1958
1961
1953
1944
1950
1935
1951
1978
1990
1998
2003
1988
1968
1963
1953
1953
1963
1971
1984
1988
2007
2021
2016
1989
1969
1958
1959
1964
1965
1980
1998
2004
1997
1992
1993
1998
2008
2025
2047
2056
2054
2039
2029
2031
2028
2029
2012
2023
2047
2048
2055
2052
2037
2025
2012
2003
2014
2034
2044
2056
2067
2080
2073
2055
2039
2043
2047
2058
2052
2067
2071
2064
2060
2040
2030
2031
2047
2041
2047
2064
2068
2061
2062
2054
2019
2003
1998
1996
2013
2029
2044
2044
2039
2041
2037
2021
2025
2023
2038
2051
2052
2067
2060
2060
2052
2037
2028
2037
2036
2045
2045
2027
2060
2062
2035
2027
2026
2024
2044
2047
2044
2063
2075
2065
2061
2047
2036
2038
2037
2060
2059
2071
2052
2035
2047
2035
2029
2040
2045
2063
2074
2067
2071
2070
2053
2043
2032
2022
2022
2032
2041
2066
2056
2067
2060
2051
2040
2037
2024
2026
2028
2049
2053
2040
2018
2017
2009
2012
1999
2012
2014
2024
2037
2031
2032
2019
2016
2014
2009
2016
2013
2018
2027
2026
2027
2021
2040
2027
2020
2035
2044
2051
2041
2035
2038
2038
2038
2044
2045
2057
2063
2067
2069
2075
2063
2067
2068
2088
2071
2080
2076
2057
2079
2074
2072
2062
2056
2064
2057
2066
2089
2065
2051
2046
2038
2044
2057
2056
2056
2071
2081
2095
2082
2075
2069
2049
2064
2100
2172
2107
2088
2079
2073
2081
2056
2063
2055
2064
2060
2070
2088
2070
2069
2056
2028
1987
1963
1948
1972
2046
2119
2173
2182
2197
2172
2121
2016
1937
1907
1935
1981
2051
2113
2122
2051
1924
1761
1627
1600
1647
1799
2036
2246
2406
2395
2339
2148
1939
1772
1690
1766
1929
2162
2356
2455
2419
2294
2077
1835
1615
1519
1552
1700
1904
2045
2108
2135
2097
2017
2004
1993
2042
2047
2142
2247
2248
2224
2135
2066
1921
1746
1670
1785
2126
2453
2688
2662
2419
2043
1677
1524
1576
1767
1947
2075
2147
2218
2249
2170
2016
1859
1747
1752
1905
2103
2300
2389
2347
2159
1916
1736
1655
1723
1934
2120
2211
2164
2007
1744
1456
1273
1318
1494
1671
1859
1763
1615
1480
1416
1502
1607
1746
1862
1898
1923
1933
1984
2061
2193
2350
2444
2488
2475
2478
2492
2448
2320
2065
1741
1433
1312
1446
1700
1967
2147
2167
2045
1850
1701
1615
1588
1620
1664
1700
1767
1864
2001
2123
2196
2208
2151
2056
1966
1974
2061
2222
2421
2548
2554
2446
2220
2029
1920
1925
2071
2297
2496
2598
2592
2493
2339
2149
1941
1794
1749
1804
1976
2179
2350
2409
2292
2042
1752
1527
1441
1504
1647
1841
1973
2047
2044
2008
1969
1927
1961
2049
2176
2308
2392
2444
2480
2493
2502
2475
2454
2446
2470
2508
2535
2531
2458
2315
2131
1969
1866
1835
1850
1865
1868
1851
1813
1785
1799
1883
2025
2179
2280
2304
2230
2141
2062
2142
2065
2014
2011
2009
2020
2032
2018
2015
1966
1889
1827
1823
1843
1913
1977
2055
2161
2221
2205
2084
2038
1898
1843
1835
1894
1947
1997
2033
2051
2068
2094
2122
2102
2101
2102
2103
2112
2127
2120
2095
2067
2037
2023
2015
2028
2039
2040
2004
1960
1921
1913
1924
1931
1975
2016
2060
1937
1842
1772
1772
1801
1875
1999
2128
2220
2241
2186
2093
1974
1869
1807
1811
1884
1968
2052
2103
2094
2031
1947
1832
1761
1747
1823
1982
2120
2224
2217
2110
1941
1739
1606
1587
1655
1795
1959
2103
2165
2159
2102
2019
1956
1945
1989
2067
2144
2186
2188
2153
2104
2047
1992
1968
1971
2016
2093
2135
2155
2118
2061
2027
1990
1992
2021
2100
2175
2227
2244
2227
2163
2110
2077
2044
2024
2012
2025
2022
2003
1991
1947
1922
1887
1847
1840
1851
1887
1893
1869
1851
1811
1774
1749
1750
1781
1840
1923
1976
1984
1959
1888
1771
1673
1617
1596
1630
1706
1811
1902
1987
2020
2033
2008
1990
2011
2031
2084
2162
2210
2232
2192
2127
2025
1935
1885
1880
1914
1945
1984
1983
1959
1931
1863
1793
1748
1759
1790
1864
1951
2032
2079
2085
2073
2060
2071
2094
2104
2131
2144
2150
2174
2192
2175
2153
2140
2086
2040
2028
1995
2000
1999
1993
2014
2027
2014
2011
2007
1989
1983
2010
2028
2049
2057
2052
2046
2026
2000
1975
1971
1985
2016
2032
2055
2084
2088
2056
2023
2027
2013
2028
2056
2081
2112
2128
2135
2107
2071
2042
2019
1998
1998
2007
2013
2026
1987
1953
1894
1863
1858
1885
1924
1963
2017
2055
2070
2074
2071
2060
2044
2050
2055
2089
2115
2122
2122
2115
2105
2050
1989
1931
1887
1854
1870
1903
1910
1910
1911
1909
1897
1869
1889
1896
1948
2015
2063
2089
2123
2121
2096
2078
2060
2044
2036
2039
2072
2067
2100
2087
2076
2044
2029
2038
2044
2064
2070
2069
2064
2030
2002
1967
1925
1903
1899
1888
1907
1911
1933
1971
2026
2032
2048
2055
2060
2055
2064
2110
2157
2222
2250
2258
2255
2206
2173
2156
2135
2144
2183
2200
2211
2200
2180
2149
2107
2069
2021
1996
1947
1924
1914
1912
1908
1915
1907
1911
1919
1923
1943
1961
1994
2018
2067
2088
2090
2092
2088
2066
2058
2055
2054
2054
2067
2067
2071
2075
2068
2064
2045
2054
2029
2015
1968
1930
1901
1884
1881
1871
1871
1876
1875
1852
1826
1816
1798
1800
1806
1812
1846
1884
1921
1975
2021
2065
2087
2125
2134
2136
2140
2119
2132
2130
2120
2092
2058
2037
1997
1950
1910
1882
1871
1894
1891
1883
1886
1878
1867
1864
1879
1879
1926
1970
2004
2039
2074
2092
2100
2090
2092
2073
2057
2052
2052
2063
2089
2107
2126
2151
2143
2139
2129
2123
2112
2117
2115
2116
2126
2134
2133
2132
2142
2125
2139
2131
2146
2169
2207
2230
2228
2236
2225
2211
2200
2203
2197
2191
2184
2163
2135
2094
2052
2008
1996
1959
1936
1909
1904
1886
1896
1906
1912
1926
1932
1943
1953
1982
2000
2041
2072
2123
2144
2147
2125
2120
2120
2116
2104
2096
2087
2078
2063
2048
2033
2002
1960
1925
1876
1863
1846
1840
1858
1892
1911
1926
1943
1956
1971
1985
2012
2030
2064
2075
2103
2135
2134
2123
2130
2128
2112
2128
2136
2150
2166
2149
2141
2112
2082
2072
2059
2033
2023
2034
2035
2046
2060
2046
2045
2024
2000
1984
1985
1987
1988
2016
2036
2046
2051
2034
2030
2016
2016
2020
2039
2041
2050
2039
2038
2035
1999
1997
1989
1980
1986
1971
1985
1996
1999
1994
1986
1968
1974
1965
1981
1991
2033
2063
2072
2074
2068
2078
2063
2057
2059
2030
2027
2030
2040
2051
2057
2063
2055
2054
2056
2047
2037
2055
2066
2073
2074
2067
2034
1999
1992
1989
1977
1988
2004
2012
2024
2030
2035
2036
2032
2024
2026
2034
2074
2089
2092
2099
2110
2092
2069
2035
2020
2041
2053
2070
2070
2081
2090
2112
2087
2104
2089
2082
2081
2068
2071
2080
2059
2032
1999
1980
1978
1962
1939
1934
1946
1945
1939
1938
1959
1971
1959
1981
1979
1963
1940
1929
1931
1935
1940
1940
1945
1935
1940
1935
1935
1919
1913
1909
1912
1916
1911
1911
1928
1934
1932
1913
1919
1894
1893
1898
1895
1896
1894
1887
1870
1871
1865
1888
1879
1898
1900
1902
1910
1927
1932
1929
1944
1948
1953
1959
1937
1924
1928
1939
1934
1940
1963
1987
1996
2008
2021
2022
2018
2026
2015
2015
2030
2045
2044
2058
2063
2094
2071
2055
2057
2036
2063
2070
2089
2094
2102
2103
2100
2083
2075
2063
2083
2083
2092
2104
2093
2089
2083
2092
2086
2084
2069
2092
2107
2101
2095
2116
2115
2117
2096
2106
2108
2102
2104
2089
2096
2083
2085
2076
2080
2086
2108
2108
2102
2095
2099
2069
2047
2035
2081
2063
2008
1998
1984
1974
1954
1947
1959
1964
2072
2100
2060
2011
2093
2057
2057
2063
2070
2083
2059
2062
2048
2045
2067
2072
2076
2072
2070
2052
2014
1992
1991
1968
1982
1982
1999
1988
2020
2008
1992
1992
1981
1949
1934
1934
1938
1957
1976
2082
2020
2004
2001
1981
1982
1989
1991
2004
2020
2033
2048
2043
2051
2026
2022
2017
2020
2025
2056
2057
2049
2035
2017
1993
1968
1945
1948
1976
2003
2032
2042
2042
2019
1987
1957
1946
1935
1941
1965
1995
1991
1976
1956
1916
1894
1901
1897
1915
1939
1947
1957
1955
1943
1916
1905
1903
1893
1912
1919
1945
1935
1934
1932
1920
1903
1894
1905
1929
1947
1947
1948
1953
1950
1954
1950
1967
1976
1990
2016
2015
2007
1996
1996
1991
1991
2011
2017
2031
2043
2024
2019
1968
1963
1928
1911
1912
1916
1937
1957
1942
1928
1908
1915
1891
1898
1922
1928
1951
1988
1987
1990
1990
1975
1960
1976
1961
1955
1965
1986
1992
1986
1994
1968
1951
1942
1931
1924
1945
1946
1942
1935
1936
1930
1928
1915
1911
1903
1904
1913
1932
1933
1925
1921
1896
1884
1864
1875
1887
1896
1902
1916
1928
1923
1908
1891
1888
1880
1902
1904
1923
1929
1926
1917
1911
1909
1909
1916
1932
1921
1952
1952
1950
1945
1950
1951
1957
1964
1956
1967
1975
1978
2003
2007
2013
2013
2024
2030
2034
2035
2037
2026
2039
2040
2040
2057
2067
2076
2095
2099
2100
2093
2087
2079
2075
2076
2094
2105
2122
2144
2148
2148
2138
2127
2130
2141
2134
2134
2130
2156
2132
2134
2116
2105
2094
2102
2099
2113
2130
2155
2167
2175
2172
2142
2145
2130
2127
2122
2130
2144
2142
2152
2153
2166
2160
2147
2146
2164
2161
2178
2192
2199
2204
2192
2191
2198
2199
2181
2183
2173
2159
2164
2170
2141
2129
2107
2098
2085
2071
2082
2072
2072
2090
2089
2073
2070
2062
2088
2091
2093
2107
2120
2120
2122
2128
2124
2124
2122
2126
2148
2150
2163
2164
2154
2135
2127
2124
2106
2101
2102
2094
2105
2092
2082
2077
2077
2065
2052
2034
2044
2038
2059
2063
2073
2075
2076
2084
2074
2074
2055
2042
2030
2034
2048
2059
2071
2079
2086
2078
2100
2098
2093
2087
2083
2081
2093
2091
2066
2052
2046
2040
2051
2032
2023
2025
2019
1998
1977
1963
1963
1998
2031
2054
2048
2041
2044
2033
2031
2026
2019
2025
2025
2038
2058
2054
2044
2025
1988
1962
1934
1934
1960
2004
2035
2027
2011
1984
1942
1918
1904
1893
1932
1976
2008
2020
2038
2016
1984
1964
1950
1952
1972
1990
2008
2028
2018
1977
1948
1927
1926
1932
1957
1968
1987
2002
2021
2006
1987
1973
1967
1989
2012
2034
2042
2054
2034
2003
1991
1976
1988
2018
2017
2015
2022
2016
1991
1959
1939
1939
1943
1945
1951
1955
1975
1994
1993
1977
1964
1934
1936
1945
1957
1983
1989
1988
1968
1974
1944
1903
1880
1843
1867
1881
1892
1909
1922
1921
1909
1882
1861
1833
1836
1843
1881
1920
1948
1980
1966
1931
1915
1888
1889
1885
1909
1931
1951
1967
1968
1952
1929
1901
1888
1888
1887
1913
1915
1917
1924
1907
1886
1890
1890
1894
1893
1901
1919
1924
1930
1939
1942
1940
1937
1947
1929
1936
1935
1939
1931
1932
1925
1931
1940
1963
1958
1971
1970
1973
1964
1964
1955
1947
1956
1980
2008
2021
2056
2051
2056
2048
2042
2029
2049
2080
2115
2147
2145
2157
2134
2120
2113
2104
2123
2122
2144
2145
2149
2163
2163
2147
2149
2128
2127
2125
2129
2145
2131
2138
2140
2137
2155
2152
2133
2115
2099
2124
2123
2128
2140
2161
2167
2162
2132
2124
2120
2121
2124
2118
2128
2126
2104
2092
2097
2074
2063
2051
2057
2066
2073
2061
2039
2019
2031
2014
2007
2012
2029
2039
2033
2036
2018
2020
2016
1988
1991
1989
1981
1989
1996
1978
1951
1927
1923
1910
1898
1918
1928
1936
1934
1929
1917
1925
1923
1913
1918
1934
1941
1940
1958
1963
1964
1948
1960
1951
1958
1984
1989
1996
2003
2000
1987
1991
1997
2006
2016
2022
2033
2013
2004
2003
1997
1982
1981
1985
1976
1991
2001
2009
2015
1997
1989
1979
1969
1959
1990
2007
2032
2050
2049
2046
2030
2035
2013
2008
2028
2019
2028
2056
2074
2064
2067
2033
2016
2013
2008
2012
2019
2025
2030
2038
2028
2010
2014
1981
1961
1977
1978
1996
2021
2037
2033
2027
2019
2016
1991
2014
2031
2033
2045
2060
2045
2047
2029
2013
2003
1992
1990
2003
2020
2022
2019
2022
2008
2005
1997
1985
1980
1998
2019
2040
2038
2033
2013
2020
2011
2019
2044
2048
2050
2051
2049
2064
2062
2068
2083
2089
2094
2088
2101
2101
2102
2095
2091
2099
2073
2075
2086
2085
2067
2064
2058
2059
2054
2048
2044
2033
2037
2027
2012
2016
2018
2023
2015
2019
2016
2039
2028
2016
2040
2030
2020
2010
2016
2019
2016
2018
2044
2051
2041
2040
2045
2047
2019
2015
2005
2006
1999
2003
2011
2016
2015
2003
2003
2013
2127
2053
2032
2046
2019
2024
2015
2003
2003
1996
1995
1976
1986
1995
1995
1990
2005
2000
1993
1991
2000
1997
1995
2004
2006
1998
2005
2014
2027
2038
2045
2059
2055
2059
2055
2077
2073
2064
2076
2067
2060
2069
2082
2088
2079
2076
2062
2047
2058
2050
2061
2068
2078
2080
2079
2092
2083
2076
2077
2096
2108
2113
2117
2111
2085
2091
2077
2069
2081
2086
2088
2092
2079
2100
2086
2093
2096
2099
2099
2109
2115
2115
2114
2114
2106
2089
2098
2087
2095
2103
2105
2095
2086
2080
2070
2065
2078
2079
2056
2058
2062
2049
2036
2043
2034
2028
2033
2028
2019
2034
2048
2035
2020
2031
1996
2000
2012
2002
1993
1981
1964
1980
1963
1958
1958
1987
2083
1985
1980
1976
2008
1964
1950
1925
1929
1922
1929
1935
1950
1956
1959
1968
1968
1965
1971
1967
1963
1978
1973
1995
1976
1988
1998
1994
1999
2003
2011
2028
2044
2052
2043
2032
2038
2032
2043
2044
2045
2054
2040
2047
2045
2046
2033
2020
2012
1999
1976
1968
1942
1975
1991
1986
1976
2008
2026
1977
1969
1955
1931
1931
1930
1920
1920
1907
1897
1905
1898
1896
1900
1979
1993
1950
1969
1908
1863
1853
1859
1848
1873
1892
1895
1899
1912
1930
1929
1941
1948
1959
1997
2001
2009
2026
2041
2050
2057
2061
2080
2079
2088
2092
2076
2092
2096
2097
2071
2072
2074
2054
2094
2120
2087
2083
2076
2092
2082
2084
2088
2083
2080
2073
2079
2102
2110
2115
2117
2115
2095
2093
2088
2091
2094
2104
2108
2092
2096
2082
2077
2082
2074
2076
2087
2089
2084
2080
2072
2055
2034
2051
2044
2052
2044
2053
2053
2056
2051
2073
2052
2060
2045
2039
2045
2038
2028
2010
2003
1997
2001
1975
1980
1961
1939
1919
1913
1898
1892
1875
1882
1880
1880
1877
1860
1862
1856
1844
1839
1829
1817
1816
1815
1810
1833
1838
1839
1838
1844
1850
1831
1830
1830
1851
1862
1867
1857
1849
1851
1855
1854
1847
1871
1870
1882
1892
1873
1880
1898
1904
1926
1952
1957
1984
1992
2011
2024
2037
2016
2010
2003
2008
2010
2047
2062
2055
2063
2050
2063
2067
2070
2066
2080
2091
2116
2112
2137
2127
2103
2092
2081
2054
2038
2023
2031
2059
2072
2093
2089
2080
2080
2087
2095
2121
2140
2158
2154
2167
2169
2158
2136
2135
2145
2155
2164
2161
2164
2171
2160
2156
2151
2135
2112
2142
2171
2185
2185
2193
2156
2137
2119
2092
2071
2065
2092
2130
2130
2128
2121
2101
2086
2041
2032
2027
2027
2052
2057
2049
2033
2026
2006
1999
1990
1991
2001
2019
2041
2053
2044
2025
2001
1974
1969
1979
1991
2001
2001
1976
1948
1955
1960
1960
1969
1966
1966
1960
1975
1986
1987
1999
1988
1966
1953
1947
1945
1956
1951
1936
1921
1918
1890
1904
1904
1917
1916
1928
1939
1919
1900
1889
1895
1884
1906
1915
1910
1918
1905
1901
1896
1888
1891
1886
1868
1888
1867
1865
1841
1824
1802
1797
1804
1815
1812
1830
1844
1856
1844
1819
1806
1776
1803
1846
1902
1948
1961
1961
1923
1919
1887
1871
1852
1851
1845
1831
1834
1848
1864
1862
1854
1827
1832
1846
1863
1900
1897
1907
1897
1880
1872
1891
1930
1968
2014
2043
2048
2044
2033
2010
2003
1979
1987
2003
2009
2016
2030
2041
2040
2017
1973
1916
1899
1922
1965
2016
2051
2061
2057
2032
1993
1958
1940
1945
1967
1966
1975
1943
1928
1922
1926
1928
1931
1916
1927
1931
1951
1976
2013
2040
2097
2118
2124
2111
2064
1982
1892
1827
1798
1760
1712
1718
1723
1748
1786
1822
1860
1893
1931
1958
1977
1981
1975
1996
2041
2098
2144
2184
2202
2162
2107
2064
2028
1991
1978
2029
2108
2184
2251
2303
2291
2247
2175
2132
2119
2161
2232
2316
2419
2500
2544
2541
2464
2356
2230
2156
2127
2150
2218
2299
2339
2296
2244
2201
2175
2143
2156
2195
2269
2296
2302
2286
2249
2228
2227
2260
2304
2329
2371
2365
2323
2260
2135
2035
1951
1917
1961
2058
2195
2307
2351
2332
2235
2086
1990
1955
2007
2099
2200
2280
2314
2301
2240
2168
2083
2041
2012
2017
2078
2150
2220
2268
2278
2244
2179
2127
2075
2083
2116
2167
2252
2314
2339
2316
2275
2224
2179
2142
2163
2209
2308
2415
2483
2487
2461
2376
2275
2185
2134
2101
2121
2141
2172
2199
2198
2159
2098
2049
2020
2000
1979
1976
1956
1898
1848
1842
1857
1876
1928
1973
2000
1986
1939
1905
1865
1834
1814
1838
1900
1940
1964
1960
1935
1876
1843
1814
1849
1892
1965
2035
2077
2093
2050
1971
1902
1847
1840
1884
1996
2151
2280
2347
2356
2305
2207
2089
2008
1971
1996
2063
2154
2258
2332
2371
2371
2336
2299
2249
2201
2171
2170
2172
2190
2200
2229
2250
2280
2292
2296
2289
2296
2287
2286
2290
2286
2275
2268
2290
2293
2299
2288
2273
2253
2227
2216
2217
2220
2218
2215
2203
2160
2098
2015
1935
1835
1792
1790
1828
1904
1963
1997
1991
1936
1864
1778
1713
1674
1687
1725
1777
1856
1913
1939
1937
1913
1847
1777
1732
1703
1721
1746
1784
1810
1835
1849
1836
1807
1803
1794
1784
1797
1827
1852
1874
1859
1840
1796
1763
1743
1733
1756
1789
1820
1874
1906
1919
1906
1858
1795
1740
1724
1717
1687
1672
1688
1716
1783
1840
1877
1926
1941
1919
1880
1838
1791
1774
1786
1843
1893
1940
1989
1985
1970
1936
1855
1787
1727
1691
1659
1687
1717
1731
1771
1786
1799
1789
1756
1747
1748
1757
1785
1820
1847
1879
1877
1861
1820
1800
1813
1807
1829
1846
1852
1886
1927
1979
2025
2012
1968
1919
1892
1858
1879
1916
1972
2044
2106
2140
2159
2131
2069
1993
1942
1959
1990
2055
2067
2097
2089
2081
2063
2005
1958
1920
1920
1946
1983
1998
2004
1989
1999
2000
1961
1927
1900
1864
1869
1888
1936
1991
2045
2088
2097
2065
1991
1933
1916
1939
1964
2025
2103
2167
2196
2161
2079
1982
1923
1886
1918
1984
2048
2116
2147
2149
2116
2099
2055
2020
2004
2008
2035
2110
2180
2243
2271
2264
2224
2155
2083
2059
2085
2160
2215
2268
2267
2207
2123
2211
2096
2032
2040
2076
2110
2117
2049
1948
1854
1827
1830
1886
1928
1952
1925
1867
1789
1699
1644
1636
1670
1746
1842
1899
1892
1819
1721
1614
1575
1592
1695
1839
1980
2046
2008
1875
1702
1555
1504
1554
1693
1885
2058
2192
2230
2152
2006
1844
1751
1747
1831
1967
2146
2303
2371
2329
2200
2037
1932
1890
1928
2063
2246
2419
2537
2505
2384
2223
2054
1959
1963
2078
2245
2432
2535
2535
2412
2226
2016
1901
1895
1960
2089
2238
2327
2333
2227
2079
1896
1754
1684
1716
1800
1918
2044
2088
2045
1922
1769
1636
1545
1532
1581
1656
1720
1745
1702
1622
1522
1438
1390
1406
1429
1477
1534
1564
1556
1508
1433
1373
1353
1377
1396
1441
1489
1507
1508
1500
1502
1476
1443
1591
1508
1520
1564
1622
1640
1669
1726
1815
1880
1899
1884
1848
1820
1772
1751
1776
1814
1855
1935
1985
2023
2053
2073
2088
2115
2151
2213
2269
2348
2396
2424
2404
2342
2284
2225
2245
2373
2495
2615
2652
2625
2528
2383
2243
2161
2194
2322
2496
2627
2703
2706
2598
2426
2281
2189
2190
2284
2400
2475
2474
2412
2296
2173
2031
1948
1912
1912
1983
2051
2095
2087
2044
2000
1944
1921
1925
1985
2023
1999
1983
1962
1945
1979
2025
2044
2112
2051
1980
1960
2008
2076
2177
2231
2271
2229
2165
2079
2021
2008
2057
2145
2247
2434
2539
2537
2578
2435
2326
2260
2199
2204
2246
2303
2378
2401
2370
2311
2220
2123
2027
1965
1979
2051
2155
2244
2273
2259
2187
2104
2020
1979
1984
2056
2146
2232
2260
2234
2142
2014
1934
1904
1945
2044
2141
2223
2282
2273
2231
2138
2071
2046
2062
2148
2262
2371
2391
2383
2355
2312
2300
2303
2345
2428
2530
2624
2651
2652
2620
2578
2546
2520
2530
2559
2610
2641
2654
2642
2622
2600
2584
2614
2655
2703
2732
2744
2724
2692
2695
2679
2653
2627
2598
2596
2560
2525
2500
2485
2481
2539
2614
2674
2707
2692
2539
2417
2324
2292
2301
2356
2404
2439
2414
2330
2219
2125
2052
2071
2172
2295
2419
2469
2416
2311
2198
2096
2042
2044
2121
2240
2369
2445
2427
2343
2220
2118
2087
2127
2225
2335
2421
2484
2468
2378
2269
2192
2188
2269
2392
2523
2599
2612
2600
2552
2479
2428
2396
2399
2446
2521
2616
2664
2650
2591
2514
2458
2424
2435
2462
2485
2496
2503
2493
2465
2421
2358
2319
2287
2282
2303
2326
2359
2374
2356
2311
2233
2160
2136
2145
2170
2238
2294
2323
2300
2257
2172
2064
1990
1963
1969
2010
2069
2084
2079
2042
1968
1900
1853
1839
1816
1871
1923
1995
2031
2027
1997
1949
1903
1864
1875
1897
1951
1970
1952
1910
1838
1767
1743
1756
1788
1838
1878
1892
1867
1808
1733
1698
1686
1722
1769
1802
1793
1728
1652
1555
1487
1466
1483
1531
1582
1595
1552
1506
1450
1378
1333
1340
1388
1445
1507
1533
1517
1468
1379
1306
1232
1187
1205
1245
1292
1320
1317
1267
1196
1129
1072
1049
1028
1078
1136
1201
1243
1240
1164
1098
990
936
931
953
1021
1114
1174
1186
1153
1074
987
935
942
968
1042
1146
1244
1301
1323
1291
1238
1171
1096
1041
1022
1072
1194
1363
1504
1594
1573
1416
1226
1037
929
993
1182
1394
1598
1714
1703
1555
1351
1183
1118
1223
1427
1624
1750
1743
1688
1619
1520
1428
1345
1314
1354
1423
1541
1671
1743
1744
1688
1545
1398
1307
1325
1479
1684
1850
1945
1916
1764
1581
1398
1285
1304
1420
1560
1718
1832
1819
1734
1611
1514
1480
1468
1471
1471
1541
1629
1655
1645
1562
1469
1340
1203
1188
1262
1456
1728
1961
1996
1816
1489
1219
1154
1284
1536
1862
2102
2200
2127
1946
1705
1468
1338
1369
1596
1903
2136
2216
2100
1866
1635
1468
1403
1466
1596
1741
1885
1942
1872
1712
1511
1366
1268
1269
1315
1401
1509
1583
1573
1463
1300
1173
1108
1133
1171
1245
1328
1370
1398
1396
1326
1234
1153
1110
1098
1142
1230
1368
1487
1539
1519
1489
1481
1550
1674
1811
1939
2021
2091
2131
2182
2210
2216
2238
2314
2460
2642
2882
3097
3308
3461
3529
3480
3438
3430
3489
3629
3806
3942
3995
3981
3896
3778
3688
3670
3771
3986
4094
4094
4094
4094
4095
4094
3976
3872
3865
3926
3963
3965
3907
3766
3581
3411
3235
3112
3086
3110
3166
3219
3180
3056
2851
2628
2399
2183
2060
1988
1970
1948
1912
1830
1691
1550
1475
1487
1546
1614
1667
1706
1686
1619
1516
1433
1374
1355
1366
1371
1394
1419
1459
1476
1497
1515
1541
1607
1694
1823
1967
2124
2255
2319
2320
2276
2232
2222
2292
2391
2506
2630
2758
2849
2896
2915
2925
2942
2988
3035
3137
3230
3280
3272
3243
3182
3138
3090
3046
3056
3099
3204
3305
3372
3394
3348
3250
3155
3055
2976
2947
2939
2956
2942
2886
2766
2640
2540
2509
2517
2554
2584
2612
2645
2666
2674
2647
2632
2624
2631
2673
2724
2745
2759
2736
2687
2615
2563
2531
2564
2648
2776
2888
2943
2918
2832
2719
2633
2574
2576
2588
2616
2623
2604
2545
2451
2351
2271
2228
2241
2317
2427
2491
2516
2490
2393
2278
2150
2055
2005
1997
2032
2071
2086
2034
1946
1811
1667
1553
1463
1408
1412
1391
1364
1320
1265
1179
1090
997
954
901
867
876
878
892
900
927
923
914
898
865
854
833
830
834
805
771
697
665
635
632
661
704
763
823
859
867
864
851
832
863
907
984
1032
1059
1058
1040
1007
971
955
972
995
1031
1062
1048
1023
960
923
880
847
851
840
847
848
844
818
753
692
627
585
565
580
620
665
722
756
790
798
810
816
815
832
867
891
909
914
921
915
913
900
893
917
932
983
1031
1089
1132
1175
1201
1234
1267
1276
1266
1280
1302
1329
1382
1434
1505
1542
1562
1564
1567
1563
1587
1638
1673
1697
1705
1711
1714
1733
1776
1815
1848
1900
1923
1920
1933
1966
2008
2050
2116
2167
2214
2246
2264
2249
2268
2284
2306
2336
2370
2409
2430
2439
2452
2457
2462
2439
2443
2431
2433
2440
2482
2456
2458
2442
2411
2380
2375
2384
2396
2403
2406
2412
2411
2391
2400
2407
2396
2390
2352
2340
2315
2310
2295
2301
2297
2298
2296
2275
2269
2252
2266
2255
2287
2317
2349
2359
2383
2404
2441
2482
2484
2511
2523
2552
2559
2566
2592
2619
2653
2689
2727
2766
2811
2886
2863
2860
2884
2930
2954
2988
3022
3035
3089
3196
3233
3168
3225
3279
3266
3288
3306
3326
3347
3393
3422
3443
3453
3466
3482
3486
3490
3476
3470
3462
3463
3484
3514
3535
3516
3491
3477
3462
3556
3553
3540
3545
3533
3510
3456
3392
3344
3302
3272
3287
3303
3312
3307
3289
3243
3195
3155
3105
3068
3035
3017
3000
3011
3011
3018
2996
2950
2907
2899
2929
2966
2995
3024
3059
3066
3059
3027
3004
2992
2998
3010
3033
3060
3069
3052
3050
3072
3091
3100
3094
3089
3079
3082
3082
3071
3055
3048
3000
2951
2900
2853
2825
2812
2805
2782
2738
2695
2641
2607
2568
2531
2524
2519
2460
2409
2340
2254
2188
2116
2076
2075
2045
2020
2009
1976
1946
1918
1903
1901
1934
1974
2017
2044
2045
2017
1976
1921
1892
1898
1911
1947
2011
2051
2082
2069
2039
2022
2012
2026
2055
2103
2139
2156
2156
2151
2127
2110
2109
2100
2117
2137
2195
2219
2215
2208
2147
2109
2070
2048
2046
2038
2023
2023
1987
1931
1876
1812
1749
1706
1679
1658
1630
1581
1542
1496
1457
1425
1391
1354
1297
1282
1244
1216
1168
1133
1109
1090
1039
1023
995
967
962
949
910
894
857
819
770
748
729
695
678
652
638
619
596
569
544
533
524
511
522
531
555
569
568
575
574
583
587
622
647
667
698
758
799
816
837
848
876
908
940
972
986
995
1036
1059
1081
1081
1085
1070
1062
1058
1068
1086
1112
1144
1180
1182
1194
1204
1221
1217
1208
1213
1225
1244
1267
1301
1304
1314
1313
1293
1295
1297
1323
1346
1366
1393
1381
1384
1382
1379
1363
1375
1388
1412
1441
1443
1433
1424
1436
1438
1452
1481
1490
1516
1552
1547
1559
1571
1587
1584
1603
1628
1680
1713
1725
1741
1747
1747
1752
1735
1740
1758
1815
1871
1916
1932
1950
1939
1949
1948
1951
1966
2034
2095
2168
2192
2214
2213
2206
2209
2200
2207
2231
2286
2353
2442
2494
2510
2458
2397
2347
2312
2325
2364
2434
2508
2554
2565
2520
2433
2327
2260
2226
2251
2300
2352
2388
2392
2356
2275
2180
2104
2068
2087
2136
2198
2268
2272
2240
2159
2072
2002
1974
2023
2088
2152
2207
2238
2209
2135
2078
2019
1985
1996
1987
1999
2035
2074
2097
2124
2114
2069
2022
1978
1988
2042
2128
2194
2232
2254
2243
2225
2222
2212
2211
2244
2275
2319
2355
2354
2310
2278
2259
2240
2240
2257
2265
2259
2212
2134
2054
1971
1923
1902
1913
1930
1945
1935
1900
1836
1780
1714
1654
1641
1663
1702
1744
1780
1741
1671
1603
1551
1505
1531
1584
1639
1693
1734
1747
1748
1700
1656
1607
1576
1596
1656
1723
1798
1821
1792
1735
1672
1633
1658
1733
1830
1908
1968
2019
2015
1999
1953
1932
1942
1980
2034
2103
2151
2187
2171
2132
2071
2010
1967
1994
2064
2150
2220
2256
2228
2160
2072
2021
1984
1996
2059
2155
2246
2293
2281
2208
2120
2026
1979
2015
2061
2102
2104
2063
1976
1878
1796
1744
1740
1775
1868
1972
2030
2037
2005
1931
1855
1782
1753
1770
1840
1933
2027
2093
2099
2080
2012
1951
1895
1870
1886
1924
1949
1987
2022
1995
1975
1950
1895
1882
1898
1963
2042
2135
2198
2221
2214
2213
2187
2169
2174
2166
2201
2231
2263
2263
2268
2249
2231
2226
2243
2243
2231
2237
2236
2227
2225
2209
2188
2174
2150
2138
2116
2120
2100
2098
2061
2024
1950
1887
1847
1851
1873
1893
1902
1896
1866
1832
1788
1751
1701
1669
1628
1608
1589
1557
1533
1506
1480
1450
1437
1422
1428
1419
1420
1396
1376
1328
1279
1229
1192
1193
1206
1221
1228
1207
1187
1164
1172
1189
1231
1300
1370
1437
1486
1483
1448
1396
1351
1304
1287
1320
1359
1427
1487
1513
1506
1498
1490
1494
1503
1530
1603
1660
1682
1718
1721
1694
1676
1673
1653
1672
1705
1762
1816
1854
1877
1879
1871
1859
1855
1875
1904
1953
1976
2007
2001
1995
1996
1997
1990
2007
2028
2047
2063
2082
2084
2115
2138
2147
2155
2161
2180
2208
2225
2242
2266
2272
2274
2280
2306
2355
2403
2444
2510
2558
2595
2632
2656
2664
2676
2708
2739
2761
2789
2811
2815
2825
2813
2795
2784
2798
2836
2865
2887
2918
2944
2951
2957
2957
2954
2956
2969
2980
3003
3014
3027
3031
3046
3052
3040
3038
3043
3054
3042
3037
3016
2972
2946
2916
2889
2855
2841
2835
2831
2810
2800
2776
2773
2753
2736
2718
2720
2714
2708
2696
2686
2661
2640
2612
2614
2614
2611
2606
2589
2561
2536
2535
2511
2507
2514
2511
2499
2502
2506
2500
2505
2509
2495
2500
2507
2515
2505
2475
2462
2454
2433
2446
2468
2495
2536
2549
2553
2552
2538
2541
2551
2564
2579
2620
2630
2643
2654
2666
2658
2654
2636
2638
2634
2658
2668
2661
2655
2635
2599
2572
2561
2558
2543
2541
2536
2518
2532
2525
2514
2489
2472
2462
2465
2453
2487
2484
2496
2661
2549
2516
2478
2453
2465
2454
2441
2456
2455
2462
2451
2448
2436
2419
2417
2388
2409
2416
2411
2421
2422
2416
2403
2384
2387
2399
2393
2401
2400
2408
2406
2410
2416
2431
2436
2429
2425
2423
2410
2404
2376
2359
2337
2326
2324
2324
2308
2294
2272
2236
2186
2157
2136
2108
2094
2088
2045
2012
1991
1961
1950
1930
1914
1916
1896
1889
1889
1884
1856
1844
1836
1823
1821
1797
1785
1756
1744
1718
1694
1664
1636
1610
1589
1595
1571
1556
1545
1513
1487
1456
1441
1436
1425
1434
1435
1435
1438
1443
1426
1416
1408
1408
1406
1404
1437
1449
1461
1448
1443
1444
1442
1437
1445
1450
1442
1444
1441
1416
1389
1370
1347
1330
1347
1358
1526
1433
1410
1406
1416
1403
1369
1339
1330
1328
1344
1342
1348
1356
1372
1374
1381
1380
1379
1403
1428
1463
1488
1500
1491
1497
1478
1463
1457
1443
1408
1399
1391
1401
1399
1389
1395
1392
1377
1362
1366
1360
1358
1353
1364
1366
1359
1351
1343
1340
1339
1339
1342
1324
1326
1327
1323
1322
1313
1322
1436
1331
1306
1309
1324
1328
1315
1317
1307
1313
1339
1365
1394
1395
1426
1446
1472
1514
1635
1679
1624
1659
1611
1606
1609
1630
1653
1687
1700
1717
1733
1743
1768
1765
1777
1795
1816
1842
1867
1891
1911
1898
1902
1875
1859
1865
1876
1914
1943
1968
1984
2000
2017
2040
2055
2067
2072
2185
2154
2184
2215
2214
2236
2256
2288
2314
2342
2359
2385
2428
2454
2479
2502
2535
2552
2563
2564
2571
2575
2608
2630
2666
2696
2734
2741
2777
2798
2817
2839
2853
2881
2902
2926
2940
2956
2975
2991
3002
2992
2983
2974
2969
2955
2963
2956
2955
2943
2932
2914
2897
2859
2839
2834
2816
2813
2794
2770
2747
2720
2720
2717
2709
2696
2680
2665
2663
2665
2658
2646
2633
2620
2599
2602
2592
2599
2585
2571
2563
2545
2528
2508
2481
2463
2468
2443
2432
2436
2405
2398
2370
2349
2334
2326
2300
2293
2302
2300
2318
2306
2298
2296
2276
2251
2234
2240
2251
2247
2256
2246
2222
2195
2175
2177
2164
2126
2085
2049
2039
2023
2022
2012
1990
1979
1943
1925
1894
1874
1873
1875
1873
1858
1842
1825
1806
1806
1768
1749
1713
1696
1687
1686
1675
1666
1635
1610
1569
1539
1504
1479
1463
1449
1424
1414
1385
1371
1354
1305
1272
1249
1230
1239
1241
1225
1225
1211
1214
1210
1214
1221
1228
1220
1227
1223
1224
1204
1214
1207
1198
1187
1184
1201
1200
1203
1195
1187
1184
1180
1169
1155
1151
1161
1166
1175
1198
1198
1201
1185
1186
1186
1182
1177
1183
1211
1215
1227
1248
1254
1269
1267
1264
1265
1284
1290
1305
1313
1314
1319
1319
1313
1319
1320
1315
1337
1342
1363
1374
1376
1375
1360
1363
1377
1410
1416
1427
1472
1485
1508
1521
1535
1547
1556
1564
1563
1573
1569
1588
1613
1625
1646
1643
1630
1632
1626
1627
1622
1633
1656
1692
1735
1763
1785
1791
1775
1760
1759
1784
1827
1882
1957
2024
2065
2096
2099
2063
2035
2018
2010
2031
2085
2151
2234
2308
2342
2338
2294
2242
2182
2156
2175
2246
2328
2408
2486
2527
2484
2404
2312
2237
2207
2220
2292
2388
2490
2542
2530
2470
2356
2244
2175
2192
2300
2409
2529
2588
2572
2484
2374
2281
2229
2245
2336
2436
2536
2607
2611
2577
2475
2379
2323
2321
2334
2388
2447
2491
2505
2489
2458
2414
2370
2339
2344
2380
2440
2477
2485
2482
2438
2389
2354
2340
2365
2422
2480
2517
2520
2495
2459
2389
2347
2334
2339
2368
2406
2467
2524
2553
2516
2456
2395
2353
2342
2364
2431
2490
2563
2569
2543
2459
2377
2311
2275
2277
2349
2446
2547
2600
2598
2535
2433
2323
2236
2222
2259
2335
2414
2464
2502
2463
2387
2297
2241
2201
2223
2291
2355
2409
2407
2384
2320
2268
2210
2185
2203
2236
2296
2323
2345
2340
2312
2291
2265
2249
2263
2262
2275
2281
2284
2275
2247
2224
2214
2183
2183
2188
2196
2191
2199
2179
2161
2128
2092
2083
2098
2096
2114
2105
2087
2062
2012
1961
1934
1917
1926
1922
1926
1910
1880
1835
1789
1732
1694
1689
1701
1713
1724
1722
1723
1679
1636
1572
1547
1513
1516
1536
1573
1585
1585
1583
1536
1502
1470
1436
1443
1448
1458
1489
1508
1495
1478
1481
1453
1447
1450
1451
1460
1489
1492
1506
1504
1519
1512
1511
1501
1508
1509
1516
1525
1535
1541
1569
1583
1573
1587
1605
1588
1609
1607
1605
1605
1612
1626
1638
1656
1686
1697
1699
1703
1711
1715
1712
1718
1724
1740
1770
1820
1824
1829
1835
1815
1804
1809
1832
1866
1912
1952
1969
1981
1965
1934
1908
1920
1934
1959
1993
2030
2047
2048
2048
2032
2024
1999
1995
2001
2032
2047
2055
2078
2070
2079
2067
2059
2079
2094
2116
2120
2142
2167
2185
2188
2174
2170
2164
2154
2159
2164
2172
2175
2186
2189
2188
2178
2182
2176
2192
2216
2194
2194
2198
2185
2166
2156
2169
2176
2188
2195
2223
2251
2237
2224
2223
2190
2183
2179
2185
2215
2206
2209
2234
2231
2220
2215
2208
2207
2214
2223
2233
2250
2267
2272
2276
2295
2275
2283
2276
2282
2292
2284
2288
2293
2314
2325
2329
2332
2337
2333
2344
2368
2389
2412
2444
2457
2464
2471
2482
2471
2466
2449
2454
2439
2458
2471
2482
2492
2503
2501
2504
2492
2489
2483
2460
2486
2515
2529
2538
2528
2528
2505
2503
2510
2501
2518
2511
2527
2536
2528
2522
2509
2496
2468
2464
2453
2446
2459
2469
2466
2450
2430
2422
2407
2404
2407
2395
2411
2418
2435
2431
2421
2420
2416
2407
2407
2403
2411
2418
2420
2408
2380
2387
2377
2358
2351
2352
2352
2357
2348
2339
2331
2301
2284
2270
2246
2243
2232
2234
2227
2241
2240
2219
2221
2219
2201
2207
2222
2216
2215
2219
2222
2216
2207
2183
2172
2174
2177
2156
2145
2138
2131
2112
2085
2067
2044
2030
2012
2000
1991
1991
1974
1945
1931
1916
1904
1893
1892
1880
1875
1858
1854
1835
1819
1816
1809
1796
1783
1767
1752
1743
1734
1703
1681
1670
1674
1672
1647
1654
1645
1626
1625
1613
1603
1661
1676
1614
1573
1572
1587
1600
1597
1587
1567
1561
1565
1567
1587
1600
1605
1628
1623
1621
1637
1635
1647
1655
1656
1670
1698
1703
1711
1710
1690
1689
1678
1685
1686
1693
1704
1728
1713
1729
1716
1721
1727
1728
1732
1735
1740
1754
1766
1770
1759
1758
1769
1786
1804
1810
1826
1841
1840
1835
1826
1814
1822
1819
1815
1823
1831
1835
1847
1851
1847
1857
1864
1859
1852
1875
1878
1895
1912
1920
1929
1930
1941
1956
1975
1992
2006
1999
1989
1975
1985
2024
2013
2016
2030
2042
2072
2081
2084
2086
2098
2111
2103
2105
2099
2099
2104
2100
2107
2098
2088
2100
2097
2081
2097
2102
2087
2089
2081
2059
2055
2065
2065
2092
2106
2113
2109
2100
2093
2092
2090
2101
2115
2206
2205
2168
2150
2191
2161
2141
2132
2126
2147
2173
2196
2207
2210
2208
2185
2172
2186
2185
2207
2233
2259
2279
2284
2265
2243
2220
2204
2215
2215
2233
2255
2253
2254
2259
2226
2212
2206
2182
2175
2151
2152
2160
2176
2182
2172
2175
2151
2150
2136
2132
2129
2129
2125
2106
2095
2095
2107
2151
2105
2078
2065
2063
2055
2041
2025
2024
2010
1992
1988
1976
1980
1982
1999
2062
2115
2127
2033
2054
2049
2000
1985
1982
1984
1971
1972
1977
1961
1958
1962
1972
1980
1984
1985
1978
1973
1984
1984
2000
1988
1990
1987
1995
1987
1991
2003
2009
2001
1998
2007
2000
2008
2059
2078
2129
2046
2042
2026
2012
2023
2034
2015
1998
1996
1987
1991
1991
1986
1993
1991
2001
1996
1976
1986
1990
1999
1990
2001
2007
2001
1993
1977
1968
1978
1992
1990
1997
1996
2004
2013
2002
1993
1998
2012
2023
2009
2026
2030
2016
2001
1984
1984
1988
1986
1989
1987
1981
1975
1961
1951
1936
1923
1921
1901
1916
1900
1898
1882
1860
1844
1833
1815
1788
1777
1770
1758
1762
1771
1763
1758
1740
1731
1711
1691
1684
1689
1702
1699
1694
1703
1695
1679
1660
1655
1649
1642
1659
1684
1715
1714
1719
1720
1714
1697
1679
1671
1688
1692
1701
1696
1702
1692
1697
1679
1646
1627
1623
1623
1645
1686
1705
1714
1705
1718
1687
1658
1628
1624
1619
1642
1667
1671
1680
1671
1668
1652
1635
1642
1639
1652
1678
1693
1699
1703
1695
1683
1665
1664
1630
1623
1623
1648
1675
1705
1728
1728
1697
1648
1603
1570
1576
1620
1667
1697
1717
1715
1697
1676
1665
1675
1695
1714
1752
1767
1768
1776
1757
1749
1740
1740
1760
1800
1829
1833
1823
1824
1813
1813
1817
1799
1795
1806
1825
1835
1855
1845
1847
1847
1854
1866
1884
1918
1949
1974
1968
1956
1956
1958
1977
1972
1988
1995
2006
2028
2036
2060
2058
2073
2071
2067
2072
2077
2108
2124
2125
2122
2127
2132
2130
2152
2168
2183
2188
2196
2209
2236
2257
2281
2293
2289
2287
2272
2276
2294
2305
2332
2332
2336
2327
2330
2344
2352
2366
2395
2392
2396
2398
2401
2384
2391
2397
2410
2412
2413
2404
2386
2367
2359
2340
2321
2319
2347
2362
2368
2337
2313
2300
2296
2284
2293
2280
2274
2273
2271
2259
2236
2228
2211
2195
2175
2186
2200
2211
2213
2202
2188
2179
2172
2173
2183
2159
2160
2156
2164
2172
2175
2183
2184
2196
2209
2209
2211
2222
2217
2219
2215
2219
2223
2211
2225
2220
2214
2204
2205
2203
2207
2207
2218
2228
2234
2231
2221
2198
2192
2166
2152
2160
2151
2140
2120
2121
2104
2093
2106
2092
2076
2076
2091
2090
2106
2107
2124
2125
2102
2097
2106
2094
2079
2086
2110
2127
2143
2134
2152
2110
2095
2077
2059
2062
2055
2043
2048
2055
2070
2051
2051
2043
2036
2032
2038
2028
2035
2028
2036
2035
2022
2023
2025
2012
1999
2009
1994
1991
2004
2005
1992
1977
1991
1980
1956
1931
1925
1915
1908
1918
1896
1902
1885
1866
1834
1810
1816
1815
1823
1823
1840
1859
1861
1849
1847
1819
1819
1827
1806
1769
1775
1766
1756
1739
1745
1729
1720
1720
1727
1722
1708
1729
1736
1739
1737
1740
1745
1752
1751
1767
1769
1772
1776
1786
1804
1799
1814
1814
1817
1820
1837
1842
1863
1874
1871
1883
1872
1875
1868
1878
1879
1867
1871
1869
1879
1873
1887
1890
1893
1894
1890
1890
1881
1892
1910
1932
1923
1928
1955
1965
1991
1996
2016
2044
2055
2058
2073
2083
2097
2121
2140
2134
2148
2144
2142
2145
2136
2130
2141
2174
2165
2167
2164
2166
2156
2148
2158
2147
2157
2172
2163
2179
2184
2182
2185
2200
2198
2193
2191
2192
2209
2229
2220
2224
2246
2266
2270
2276
2275
2265
2259
2268
2265
2273
2271
2261
2256
2259
2272
2291
2291
2300
2284
2282
2286
2291
2282
2285
2287
2311
2324
2336
2359
2387
2383
2376
2358
2345
2334
2348
2362
2371
2385
2401
2403
2401
2369
2363
2359
2358
2368
2389
2388
2389
2392
2391
2385
2391
2398
2399
2430
2444
2463
2459
2467
2498
2507
2508
2503
2500
2497
2489
2488
2503
2511
2516
2496
2512
2509
2494
2503
2500
2491
2476
2476
2493
2469
2473
2467
2465
2460
2460
2449
2431
2407
2413
2412
2422
2434
2430
2439
2424
2449
2453
2454
2420
2418
2396
2406
2402
2407
2408
2420
2406
2406
2395
2380
2360
2359
2375
2373
2381
2371
2358
2372
2352
2338
2323
2305
2291
2297
2306
2299
2296
2290
2268
2252
2234
2237
2241
2221
2218
2218
2221
2195
2175
2168
2150
2152
2126
2118
2117
2083
2079
2048
2036
2032
2012
2003
1986
2003
1992
1986
1955
1940
1912
1903
1898
1888
1884
1886
1872
1878
1875
1863
1859
1848
1834
1840
1849
1849
1844
1843
1851
1834
1816
1799
1783
1790
1795
1794
1774
1771
1763
1752
1766
1773
1760
1755
1752
1757
1747
1737
1732
1723
1721
1722
1709
1723
1687
1684
1680
1670
1662
1650
1662
1654
1643
1642
1617
1625
1623
1612
1618
1600
1598
1591
1602
1578
1575
1581
1568
1561
1568
1572
1566
1579
1573
1568
1582
1592
1577
1592
1596
1585
1588
1592
1584
1584
1582
1576
1576
1559
1550
1551
1544
1548
1556
