1975
1968
1932
1934
1928
1929
1943
1943
1948
1956
1959
1958
1947
1945
1942
1953
1946
1955
1966
1968
1984
2002
1985
1982
1996
1992
2001
2002
2019
2008
2017
2008
2013
2002
2000
2011
2032
2020
2032
2030
2037
2040
2053
2104
2070
2046
2041
2044
2047
2060
2065
2062
2076
2065
2058
2043
2047
2037
2043
2035
2034
2017
2028
2010
2023
2024
2030
2023
2012
2016
2003
1992
1982
1996
1987
1996
1992
1991
1972
1961
1974
1974
1955
1987
1980
1969
1969
1967
1985
1976
1965
1962
1971
1968
1986
1983
1988
1987
1980
1968
1970
1964
1968
1966
1984
1984
1992
1997
2010
2007
2001
2007
1999
2015
2019
2007
2019
2018
2021
2003
1993
2016
2025
2138
2077
2066
2064
2070
2069
2072
2071
2063
2130
2170
2190
2092
2097
2183
2116
2095
2088
2084
2078
2059
2065
2055
2055
2061
2052
2060
2064
2065
2071
2076
2070
2064
2024
2032
2022
2039
2033
2035
2054
2037
2036
2019
2016
2000
2004
2010
2014
2004
2004
1995
1987
1998
1984
1973
1959
1951
1957
1968
1975
1971
1995
1991
1967
1968
1955
1959
1950
1946
1971
1969
1955
1948
1962
1963
1951
1958
1960
1948
1948
1941
1952
1955
1969
1968
1962
1963
1987
1996
2000
1983
1987
1974
1961
1966
1975
1979
1971
1977
1987
1966
1973
1962
1975
1975
1975
1987
1989
1985
1972
1976
1972
1976
1991
1985
1996
2002
2004
1987
1990
1970
1972
1988
2049
1998
1971
1987
1977
1977
1977
1970
1962
1970
1976
1980
1977
1971
1952
1930
1936
1939
1951
1946
1970
1971
1972
1974
1948
1957
1942
1932
1940
1931
1937
1944
1946
1958
1960
1956
1951
1950
1951
1949
1948
1956
1955
1952
1948
1947
1948
1948
1933
1943
1956
1975
1955
1948
1953
1949
1955
1956
1954
1933
1942
1952
1951
1961
1963
1955
1955
1967
1960
1971
1967
1974
1974
1981
1972
1960
1952
1958
1980
1996
2006
2021
2028
2004
1998
1984
1991
1989
1983
2003
2019
2031
2042
2034
2037
2035
2040
2008
2022
2030
2044
2051
2054
2070
2065
2069
2058
2055
2052
2055
2046
2047
2046
2047
2063
2059
2052
2063
2066
2066
2071
2070
2063
2062
2050
2046
2029
2049
2062
2058
2076
2068
2052
2028
2024
2023
2030
2023
2028
2045
2056
2057
2039
2036
2029
2017
2025
2022
2009
2019
2028
2034
2023
1999
1994
1999
1983
1976
1982
1992
2002
2007
2003
1994
1982
1980
1976
1982
1975
1958
1968
1977
1998
1998
1991
1994
2001
1990
1990
1983
1988
1978
1979
2008
1995
2009
2014
2031
2049
2051
2043
2048
2039
2049
2046
2047
2044
2058
2071
2070
2050
2047
2048
2049
2047
2055
2048
2058
2068
2068
2056
2057
2062
2067
2066
2054
2064
2072
2071
2093
2087
2086
2073
2073
2059
2060
2064
2074
2069
2068
2075
2065
2060
2065
2066
2072
2062
2048
2048
2042
2041
2052
2060
2061
2060
2061
2076
2065
2080
2087
2079
2069
2057
2082
2060
2063
2068
2067
2069
2060
2064
2067
2074
2071
2072
2045
2045
2053
2052
2051
2061
2054
2057
2054
2040
2044
2044
2034
2037
2031
2035
2060
2075
2062
2053
2060
2062
2050
2039
2052
2049
2045
2044
2049
2054
2061
2052
2041
2025
2021
2015
2025
2046
2056
2060
2052
2048
2051
2042
2032
2040
2028
2036
2021
2023
2027
2023
2011
2016
2005
2018
2011
2016
2009
2019
2022
2022
2020
2012
2019
2022
2015
2012
2004
2003
2006
2016
2011
2023
2018
2012
2022
2030
2028
2020
2015
1995
1985
1959
1956
1932
1944
2015
2090
2136
2148
2167
2163
2119
2036
1966
1928
1952
1992
2038
2083
2105
2077
1992
1867
1790
1761
1766
1867
2039
2181
2331
2360
2340
2225
2059
1930
1839
1876
1946
2041
2156
2276
2376
2371
2271
2038
1762
1577
1512
1599
1754
1970
2217
2397
2447
2421
2307
2234
2134
1999
1942
1909
1942
1978
2068
2171
2294
2374
2385
2362
2324
2229
2128
2016
1935
1912
2002
2152
2300
2319
2190
2028
1834
1767
1791
1872
1959
2076
2217
2241
2200
2025
1838
1729
1732
1785
1839
1940
2078
2236
2299
2172
1933
1673
1503
1421
1409
1493
1655
1838
1959
1940
1784
1654
1591
1594
1621
1651
1698
1788
1966
2143
2278
2332
2328
2341
2312
2263
2191
2153
2138
2191
2215
2126
1987
1780
1612
1534
1597
1737
1898
2035
2104
2058
1955
1788
1676
1600
1604
1653
1752
1900
2027
2115
2145
2164
2191
2227
2279
2305
2282
2241
2203
2177
2119
2079
2067
2076
2176
2316
2466
2536
2528
2405
2199
1964
1796
1707
1726
1854
2022
2190
2289
2283
2171
1999
1814
1674
1587
1592
1663
1782
1883
1980
2020
2011
1985
1960
1943
1964
2032
2151
2272
2375
2432
2444
2451
2432
2423
2404
2397
2426
2461
2498
2505
2486
2432
2381
2286
2158
1989
1866
1772
1776
1823
1893
1981
2044
2092
2088
2080
2052
2007
1991
1987
2036
2099
2172
2182
2112
2008
1888
1806
1764
1747
1796
1859
1992
2094
2138
2105
2031
1936
1873
1863
1866
1892
1948
2012
2076
2081
2041
1970
1904
1858
1844
1852
1887
1941
2021
2099
2129
2115
2068
1987
1943
1923
1922
1945
1970
2005
2049
2066
2074
2064
2019
1959
1900
1863
1827
1840
1866
1918
1939
1945
1941
1914
1888
1885
1892
1937
2008
2056
2076
2064
2023
1974
1947
1946
1932
1915
1875
1865
1852
1862
1873
1878
1926
1975
2043
2087
2088
2047
2037
1991
1924
1871
1816
1766
1765
1813
1882
1967
2024
2059
2113
2102
2070
2047
2036
2072
2115
2163
2188
2177
2160
2130
2112
2106
2116
2136
2161
2167
2144
2104
2092
2063
2060
2064
2091
2130
2186
2244
2264
2248
2195
2141
2088
2048
1986
1963
1968
2000
2016
1999
1980
1947
1926
1912
1913
1903
1901
1900
1888
1868
1830
1790
1752
1757
1788
1861
1947
2035
2084
2089
2030
1945
1814
1697
1628
1631
1700
1800
1928
2045
2137
2170
2138
2046
2005
2007
2035
2085
2139
2157
2151
2097
2015
1946
1884
1859
1868
1882
1939
1986
1998
1968
1895
1828
1775
1768
1801
1882
1958
2052
2095
2086
2064
2016
1952
1934
1936
1966
2022
2083
2145
2159
2134
2076
2021
1955
1946
1934
1937
1961
2036
2097
2049
1997
1959
1928
1904
1899
1909
1937
1980
2021
2046
2041
2021
1972
1923
1883
1861
1871
1904
1948
1980
2003
2015
2015
1996
1967
1935
1925
1946
1993
2037
2064
2081
2084
2062
2021
1990
1932
1906
1925
1944
1956
1955
1935
1936
1898
1881
1876
1893
1929
1965
2017
2044
2081
2100
2085
2074
2051
2045
2062
2065
2076
2073
2064
2047
2018
1987
1948
1932
1923
1920
1938
1934
1939
1920
1943
1955
1974
1971
1981
2003
2044
2072
2108
2129
2136
2132
2112
2072
2030
2003
1991
1981
2019
2049
2073
2088
2108
2101
2086
2078
2064
2062
2039
2032
2030
2004
1992
1983
1972
1972
1985
1995
1996
2007
2030
2028
2045
2066
2079
2093
2152
2265
2215
2217
2228
2265
2231
2214
2206
2179
2163
2168
2167
2182
2190
2193
2187
2143
2123
2083
2046
2032
2022
2010
2001
1978
1955
1951
1930
1904
1904
1940
1963
1984
2016
2038
2034
2022
2043
2026
2005
1992
1998
2010
2001
2003
2002
1999
2017
2025
2036
2046
2039
2012
1997
1950
1902
1880
1856
1848
1830
1835
1847
1861
1849
1854
1841
1827
1798
1791
1798
1815
1828
1836
1871
1937
1968
2012
2043
2069
2091
2101
2107
2105
2112
2113
2111
2086
2073
2051
2020
1995
1987
1976
1955
1960
1950
1923
1905
1889
1879
1875
1881
1911
1920
1969
2024
2076
2112
2124
2126
2126
2102
2085
2062
2059
2091
2115
2136
2156
2176
2191
2199
2177
2158
2146
2143
2148
2166
2291
2212
2202
2162
2142
2117
2198
2201
2121
2087
2106
2122
2128
2141
2114
2119
2110
2099
2096
2093
2108
2116
2176
2236
2246
2123
2096
2143
2035
1998
1980
1993
1984
1948
1929
1915
1908
1907
1901
1904
1928
1980
2019
2044
2069
2081
2083
2082
2078
2069
2065
2097
2115
2094
2080
2060
2056
2043
2008
1976
1947
1948
1950
1955
1955
1959
1962
1970
1977
1991
2002
2002
2023
2039
2070
2084
2095
2092
2104
2121
2129
2126
2144
2142
2167
2183
2193
2219
2209
2206
2180
2139
2097
2073
2044
2054
2056
2073
2064
2063
2055
2028
2002
1984
1972
1970
1988
1985
1994
1998
1993
1997
1983
1964
1937
1944
1956
1965
1971
1993
1976
1959
1943
1918
1899
1886
1874
1895
1917
1929
1930
1924
1918
1910
1895
1902
1911
1917
1953
1964
1982
2008
2010
2016
2024
2030
2034
2031
2038
2024
2020
2014
2018
2010
2012
2014
2013
2002
1999
1988
1986
1995
2009
2012
2016
2035
2046
2040
2036
2021
2011
2002
2020
2044
2068
2075
2084
2096
2094
2070
2061
2060
2043
2046
2050
2059
2084
2084
2089
2077
2044
2031
2020
2022
2031
2040
2055
2053
2061
2051
2047
2018
2013
2032
2047
2071
2063
2060
2048
2059
2028
2013
1988
1975
1981
1995
1995
1974
1978
1991
1982
1968
1958
1935
1938
1935
1950
1957
1971
1962
1967
1962
1954
1927
1910
1902
1934
1939
1951
1957
1956
1955
1964
1962
1970
1978
1972
1975
1977
1967
1969
1967
1955
1930
1909
1926
1923
1931
1919
1920
1910
1924
1930
1933
1939
1947
1963
1970
1964
1961
1974
1968
1987
1987
2000
2014
2035
2037
2030
2020
1997
1999
2000
2028
2043
2044
2077
2104
2102
2085
2065
2060
2043
2024
2028
2009
2030
2028
2034
2036
2049
2040
2031
2039
2054
2048
2071
2100
2114
2111
2100
2088
2081
2068
2061
2052
2071
2098
2106
2107
2088
2067
2067
2038
2025
2022
2016
2016
2040
2046
2045
2022
2035
2024
2023
2006
2005
2020
2057
2063
2048
2041
2048
2022
2005
1993
1981
1982
2009
2008
2016
2005
2008
1998
1993
2012
2006
1997
2034
2059
2074
2086
2102
2101
2099
2090
2065
2046
2052
2058
2070
2060
2054
2058
2055
2035
2023
2005
1985
1980
1990
1980
2002
2002
2007
2032
2040
2017
2001
1988
2003
2004
2003
2014
2027
2028
2029
2033
2040
2020
2023
2033
2045
2059
2081
2083
2088
2079
2077
2080
2066
2065
2080
2080
2089
2080
2097
2080
2082
2083
2063
2058
2051
2057
2060
2070
2063
2063
2075
2068
2044
2030
2014
2014
2030
2028
2018
2010
1996
2008
2023
2024
2028
2007
2004
2017
2029
2037
2039
2033
2032
2042
2046
2051
2059
2045
2065
2065
2045
2067
2052
2046
2064
2048
2068
2078
2073
2063
2060
2038
2049
2049
2071
2076
2072
2054
2073
2078
2064
2056
2045
2023
2024
2012
2001
2003
1998
1982
1957
1944
1938
1931
1933
1936
1928
1940
1926
1925
1928
1927
1932
1944
1946
1928
1929
1955
1953
1943
1949
1956
1954
1960
1955
1953
1946
1947
1933
1941
1932
1934
1932
1924
1932
1943
1944
1943
1963
1966
1962
1961
1955
1976
1978
1974
1975
1961
1960
1953
1938
1942
1946
1942
1913
1910
1891
1904
1896
1910
1910
1914
1911
1919
1904
1888
1884
1884
1895
1891
1891
1910
1919
1923
1932
1913
1921
1915
1907
1913
1908
1933
1948
1952
1962
1959
1941
1946
1942
1940
1959
1961
1964
1963
1968
1980
1964
1968
1979
1986
2012
2005
2021
2023
2041
2059
2056
2061
2052
2062
2078
2094
2104
2093
2110
2090
2071
2088
2105
2098
2100
2103
2103
2096
2097
2095
2096
2116
2098
2109
2127
2130
2148
2144
2146
2151
2166
2166
2174
2180
2175
2169
2168
2184
2181
2191
2175
2163
2173
2176
2174
2166
2175
2167
2159
2147
2140
2146
2148
2162
2153
2154
2147
2136
2137
2139
2152
2131
2127
2137
2124
2116
2107
2092
2081
2067
2078
2063
2063
2045
2063
2055
2036
2050
2040
2045
2049
2066
2087
2108
2113
2107
2111
2108
2092
2071
2078
2080
2097
2097
2094
2089
2096
2079
2063
2053
2044
2044
2057
2076
2073
2074
2075
2044
2032
2030
2037
2037
2036
2044
2056
2050
2035
2026
2018
2018
2028
2019
2034
2035
2051
2064
2076
2051
2054
2043
2059
2066
2062
2038
2050
2051
2054
2024
2019
2018
2010
2019
2030
2026
2006
1992
1983
1976
1982
1990
2010
2020
2019
2012
2048
2022
2017
2011
2025
2028
2024
2019
2009
1987
1972
1937
1915
1929
1938
1948
1959
1960
1966
1962
1925
1915
1904
1903
1911
1916
1942
1966
1969
1999
1984
1974
1953
1932
1929
1941
1967
1981
1971
1953
1937
1929
1899
1893
1874
1896
1943
1984
2009
2008
1998
1968
1934
1916
1917
1947
1977
2012
2033
2039
2022
1981
1961
1961
1966
1986
2008
2027
2039
2027
1994
2071
1946
1927
1927
1953
1982
1998
1988
1964
1935
1978
2008
2030
1949
2010
1994
1986
1976
1957
1931
1902
1875
1849
1844
1850
1859
1863
1868
1871
1862
1846
1827
1807
1817
1830
1852
1878
1884
1908
1926
1912
1891
1872
1848
1830
1841
1865
1897
1926
1924
1919
1894
1879
1829
1793
1802
1820
1855
1890
1907
1904
1886
1974
1877
1814
1797
1822
1863
1898
1908
1924
1914
1891
1869
1851
1842
1846
1871
1893
1909
1924
1930
1907
1880
1865
1857
1854
1854
1887
1917
1939
1960
1959
1960
1953
1964
1961
1967
1990
2007
2011
2029
2040
2047
2041
2035
2056
2064
2074
2086
2090
2103
2102
2096
2087
2072
2093
2107
2125
2140
2136
2137
2130
2108
2111
2120
2119
2114
2118
2123
2136
2142
2135
2127
2131
2121
2130
2152
2147
2147
2144
2137
2127
2123
2124
2139
2140
2147
2144
2135
2137
2120
2114
2093
2092
2100
2096
2098
2112
2089
2073
2079
2054
2047
2026
2017
2020
2033
2026
2031
2042
2034
2031
2012
1992
1984
1986
2004
2015
2023
2016
2000
1990
1969
1975
1968
1971
1991
1993
2020
2020
2001
1991
1968
1968
1971
1989
1996
2022
2048
2055
2047
2034
2032
2042
2035
2020
2043
2057
2080
2099
2093
2079
2072
2064
2073
2067
2067
2070
2063
2071
2071
2070
2066
2050
2053
2056
2062
2060
2071
2071
2070
2076
2079
2062
2062
2073
2086
2104
2097
2092
2102
2094
2092
2083
2083
2071
2067
2071
2071
2083
2083
2055
2075
2069
2060
2056
2053
2076
2068
2067
2060
2054
2044
2047
2046
2047
2017
2017
2028
2021
2023
1995
1999
2000
1991
2007
2005
2029
2036
2032
2027
2027
2037
2056
2060
2038
2025
2023
2035
2033
2027
2031
2003
1993
1985
2002
2012
1999
2010
2003
2023
2003
2003
1996
2003
2027
2018
2037
2049
2040
2046
2039
2038
2049
2039
2033
2033
2019
2016
2043
2039
2028
2028
2019
2016
2017
2004
2003
1985
1980
1991
1991
2000
2001
2000
1998
1996
1991
1961
1960
1960
1982
2006
2017
2035
2029
2032
2019
2003
1977
1975
1984
1985
2004
2013
2023
2035
2027
2016
2016
1991
2001
1999
1991
1999
2004
2012
2018
2022
2014
2006
1994
1988
1991
1996
1999
2010
1999
1995
2006
2026
2016
2021
2012
1999
1991
2001
1995
2011
2019
2017
2030
2032
2038
2035
2030
2029
2014
2028
2035
2047
2068
2079
2076
2083
2099
2087
2091
2080
2075
2092
2087
2096
2095
2120
2131
2105
2100
2093
2088
2080
2087
2091
2099
2096
2101
2116
2127
2119
2123
2126
2140
2144
2135
2138
2132
2134
2142
2127
2131
2133
2114
2127
2114
2114
2111
2094
2083
2074
2083
2077
2056
2072
2075
2065
2071
2040
2030
2029
2020
2051
2039
2062
2073
2060
2051
2046
2037
2031
2030
2039
2028
2019
2028
2028
2031
2031
2030
2036
2051
2035
2027
2022
2016
2011
2019
2040
2046
2034
2036
2038
2028
2032
2021
2016
2011
2010
2007
2004
1987
1993
2009
2001
1996
1990
1984
1979
1985
1980
1968
1951
1919
1912
1905
1916
1903
1904
1906
1910
1920
1905
1897
1892
1880
1891
1884
1877
1874
1876
1883
1885
1877
1877
1892
1896
1905
1913
1923
1929
1928
1930
1922
1932
1946
1960
1966
1976
1976
2002
2005
2015
2017
2007
2002
1987
1991
1993
2012
2028
2049
2063
2066
2053
2061
2058
2037
2023
2027
2032
2019
2032
2032
2009
2011
2007
1985
1975
1970
1990
1985
1978
1991
1990
1980
1987
1976
1958
1959
1947
1937
1944
1935
1950
1937
1947
1940
1944
1940
1945
1945
1951
1951
1964
1965
1967
1990
1992
1984
1967
1968
1978
1990
1999
2006
2030
2042
2055
2054
2043
2051
2072
2082
2072
2073
2083
2086
2112
2110
2086
2096
2104
2107
2125
2116
2110
2106
2120
2119
2119
2113
2134
2147
2155
2146
2148
2146
2124
2113
2113
2094
2084
2073
2094
2093
2096
2089
2076
2074
2071
2075
2078
2078
2083
2076
2076
2070
2056
2076
2072
2081
2092
2088
2087
2083
2054
2067
2060
2058
2078
2061
2071
2075
2067
2066
2066
2050
2032
2045
2055
2070
2060
2054
2051
2033
2019
2004
1984
1976
1952
1966
1982
1984
1980
1973
1955
1944
1924
1916
1888
1895
1892
1893
1900
1891
1881
1883
1851
1840
1832
1817
1835
1831
1822
1811
1799
1799
1791
1783
1796
1795
1808
1793
1797
1794
1792
1782
1778
1804
1827
1833
1841
1864
1877
1874
1875
1880
1898
1910
1935
1963
1982
2008
2007
2010
2021
2008
2013
2033
2047
2052
2074
2085
2104
2116
2128
2136
2138
2113
2135
2136
2151
2162
2176
2185
2202
2196
2179
2156
2146
2128
2121
2115
2139
2150
2147
2157
2172
2184
2181
2183
2187
2170
2174
2174
2170
2161
2163
2158
2170
2184
2196
2203
2206
2198
2175
2156
2126
2114
2112
2117
2125
2148
2150
2150
2144
2125
2092
2067
2067
2082
2108
2108
2124
2146
2143
2119
2088
2065
2033
2035
2044
2046
2048
2053
2045
2035
2012
2012
2009
2001
2023
2057
2088
2100
2108
2102
2082
2064
2033
2018
2013
2028
2044
2059
2045
2040
2026
1987
1955
1948
1951
1944
1969
1996
2118
2026
1977
1932
1923
1904
1889
1889
1909
1908
1911
1908
1920
1917
1893
1900
1883
1922
1916
1921
1937
1902
1900
1895
1896
1895
1912
1884
1888
1888
1883
1856
1848
1852
1874
1880
1903
1898
1905
1883
1859
1831
1836
1813
1809
1808
1823
1842
1866
1891
1899
1887
1871
1851
1840
1855
1893
1923
1954
1953
1933
1910
1905
1911
1934
1936
1922
1905
1906
1886
1863
1844
1852
1849
1876
1910
1932
1978
1988
1975
1964
1959
1951
1964
1988
2021
2051
2081
2081
2091
2065
2038
2017
2004
1983
1962
1948
1939
1953
1968
2011
2019
1998
1965
1930
1898
1887
1880
1877
1920
1961
2003
2009
2000
1989
1970
1978
1992
1985
1973
1984
1991
1964
2097
1961
1925
1955
1992
2043
2102
2175
2172
2093
1960
1827
1735
1696
1724
1785
1817
1842
1854
1842
1837
1836
1836
1847
1884
1891
1939
2012
2121
2219
2286
2342
2355
2292
2195
2115
2015
1974
1943
1950
2011
2068
2111
2153
2156
2094
2003
1923
1902
1947
2036
2124
2221
2306
2378
2400
2418
2403
2357
2308
2261
2210
2177
2156
2172
2200
2193
2196
2184
2163
2136
2158
2178
2281
2232
2203
2205
2179
2153
2174
2228
2321
2399
2437
2435
2382
2293
2178
2066
2005
2093
2150
2195
2241
2335
2445
2504
2432
2207
2108
2024
2020
2099
2204
2275
2305
2274
2188
2057
1951
1887
1862
1870
1916
1984
2084
2142
2154
2120
2048
1967
1912
1913
1984
2098
2191
2260
2258
2217
2156
2072
1985
1933
1947
2022
2143
2275
2363
2382
2342
2250
2136
2026
1935
1912
1932
1983
2044
2096
2083
2039
1976
1939
1885
1875
1886
1916
1933
1920
1922
1918
1911
1918
1937
1955
1974
1973
1966
1944
1917
1883
1861
1847
1856
1905
1946
1979
2003
2004
1989
1970
1948
1948
1967
2008
2062
2111
2108
2094
2059
2033
2031
2028
2067
2153
2224
2272
2291
2274
2220
2157
2104
2068
2065
2080
2247
2243
2291
2320
2319
2314
2278
2230
2200
2165
2169
2162
2177
2183
2206
2239
2254
2272
2268
2265
2226
2204
2200
2213
2214
2237
2240
2291
2335
2336
2303
2296
2255
2185
2140
2137
2145
2162
2177
2180
2135
2088
2012
1918
1821
1777
1740
1751
1807
1846
1890
1910
1892
1851
1787
1734
1692
1667
1678
1718
1770
1818
1855
1863
1833
1795
1743
1709
1662
1639
1633
1647
1676
1716
1750
1772
1783
1768
1749
1722
1676
1686
1683
1695
1719
1756
1777
1774
1776
1771
1742
1720
1703
1701
1733
1783
1853
1887
1903
1867
1806
1739
1670
1610
1592
1622
1709
1825
1915
1961
1943
1883
1792
1692
1646
1653
1712
1820
1961
2066
2087
2037
1937
1806
1696
1663
1673
1737
1838
1926
1987
1996
1959
1877
1795
1737
1728
1763
1828
1906
1985
2025
1988
1933
1875
1814
1794
1799
1840
1891
1963
2016
2029
1996
1955
1907
1876
1891
1947
1987
2019
2051
2079
2087
2077
2048
2050
2058
2065
2083
2127
2144
2172
2198
2220
2210
2188
2154
2126
2120
2113
2139
2140
2164
2169
2158
2123
2087
2053
2021
1994
1991
1950
1933
1940
1950
1985
2010
1993
1980
2007
2020
2035
2022
2008
1967
1976
1997
2028
2053
2078
2056
2025
2015
1989
1988
2016
2008
1999
2004
2015
2037
2078
2118
2150
2166
2154
2187
2215
2219
2188
2184
2176
2190
2227
2211
2197
2168
2140
2153
2191
2224
2232
2240
2215
2189
2140
2102
2074
2075
2104
2151
2196
2197
2168
2120
2057
2011
1984
1984
1983
1990
2016
2036
2052
2026
1968
1867
1819
1793
1836
1907
1954
1997
2003
1961
1888
1793
1755
1748
1782
1846
1904
1956
1978
1949
1896
1833
1789
1777
1787
1844
1910
1959
1999
2029
2026
1994
1946
1895
1869
1880
1916
1963
2019
2063
2099
2109
2086
2051
2025
1998
2014
2046
2084
2148
2199
2226
2216
2201
2174
2173
2182
2189
2203
2189
2170
2148
2138
2129
2128
2115
2135
2197
2236
2234
2190
2104
2034
2002
1998
2021
2044
2070
2084
2093
2047
2003
1918
1868
1849
1872
1933
1976
1976
1947
1888
1823
1765
1775
1840
1925
2008
2052
2059
2003
1926
1849
1779
1778
1825
1856
1862
1859
1841
1832
1825
1824
1842
1859
1862
1859
1856
1851
1825
1766
1726
1688
1726
1786
1849
1876
1858
1796
1763
1746
1752
1795
1855
1908
1922
1912
1864
1744
1644
1609
1698
1865
2014
2111
2115
2038
1900
1759
1658
1649
1728
1849
2009
2163
2249
2255
2154
2036
1974
1977
1960
1974
2059
2186
2329
2395
2387
2271
2100
1955
1897
1939
2085
2255
2362
2402
2340
2195
2059
1963
1944
1987
2089
2178
2259
2260
2209
2102
2010
1948
1937
1953
1962
1960
1957
1963
1996
1993
1984
1964
1898
1839
1814
1821
1872
1938
2027
2091
2097
2081
2060
1988
1921
1873
1892
1936
1991
2039
2076
2068
2007
1932
1864
1840
1876
1969
2084
2168
2196
2166
2102
2045
2017
1991
1999
2051
2099
2151
2190
2231
2240
2227
2198
2144
2111
2116
2147
2156
2117
2072
2035
1988
1991
2002
2054
2102
2124
2115
2103
2063
2017
1960
1924
1959
2019
2135
2215
2255
2222
2137
2015
1923
1884
1931
2023
2130
2194
2239
2228
2195
2152
2124
2126
2187
2281
2401
2500
2564
2560
2484
2386
2320
2288
2348
2430
2559
2652
2711
2718
2674
2605
2568
2526
2496
2496
2538
2633
2712
2780
2780
2705
2608
2510
2443
2452
2522
2607
2702
2783
2823
2791
2733
2643
2555
2506
2509
2548
2556
2553
2539
2486
2433
2375
2320
2307
2349
2414
2481
2492
2472
2396
2333
2267
2254
2253
2292
2358
2423
2439
2418
2375
2315
2268
2279
2355
2457
2574
2656
2698
2672
2588
2510
2447
2465
2504
2592
2710
2777
2799
2776
2716
2656
2620
2630
2683
2770
2825
2846
2808
2732
2632
2537
2488
2470
2529
2592
2638
2630
2603
2558
2473
2416
2414
2470
2511
2544
2530
2472
2365
2253
2188
2162
2183
2206
2252
2273
2242
2186
2113
2038
1969
1944
1965
2005
2036
2058
2035
2010
1976
1947
1930
1935
1956
2068
2108
2105
2093
2041
2001
1970
1980
2007
2052
2087
2091
2043
1980
1910
1871
1872
1927
1984
2001
2008
2016
1987
1926
1883
1856
1867
1886
1918
1940
1980
1986
1971
1936
1859
1764
1709
1694
1715
1718
1732
1750
1741
1731
1703
1647
1577
1518
1484
1522
1588
1617
1638
1594
1533
1459
1377
1344
1346
1386
1436
1487
1519
1504
1462
1372
1286
1195
1160
1176
1218
1268
1307
1344
1342
1288
1219
1140
1121
1112
1143
1201
1265
1292
1289
1267
1237
1184
1156
1148
1179
1234
1272
1295
1288
1280
1264
1260
1250
1242
1223
1215
1198
1192
1205
1225
1244
1275
1292
1293
1259
1214
1155
1127
1127
1134
1133
1110
1132
1154
1212
1270
1299
1241
1171
1120
1100
1089
1118
1182
1264
1328
1447
1432
1295
1232
1097
1024
1050
1150
1287
1423
1506
1532
1492
1421
1303
1190
1110
1128
1229
1379
1510
1597
1600
1518
1375
1199
1078
1031
1088
1252
1565
1723
1854
1834
1679
1477
1275
1125
1113
1250
1456
1683
1832
1885
1841
1696
1520
1368
1292
1343
1551
1766
1896
1931
1811
1664
1547
1401
1378
1386
1466
1567
1636
1680
1661
1656
1673
1698
1649
1558
1461
1415
1478
1572
1685
1782
1830
1807
1685
1553
1453
1448
1463
1496
1561
1650
1698
1707
1643
1552
1487
1494
1582
1713
1782
1760
1669
1559
1468
1416
1376
1435
1564
1704
1803
1825
1763
1663
1552
1459
1407
1443
1606
1826
1979
2032
1981
1888
1795
1730
1726
1776
1843
1904
1948
1932
1904
1856
1812
1806
1803
1863
1955
2077
2220
2311
2343
2350
2344
2383
2457
2532
2594
2647
2675
2715
2801
2904
3036
3230
3440
3582
3659
3649
3600
3585
3596
3660
3759
3858
3912
3931
3902
3833
3763
3750
3803
3922
4068
4094
4095
4094
4094
4094
4094
4094
4021
3903
3853
3830
3796
3745
3645
3543
3420
3277
3168
3119
3096
3073
3040
2963
2855
2703
2541
2388
2245
2147
2115
2100
2096
2063
1982
1867
1785
1736
1718
1715
1733
1746
1723
1665
1607
1563
1475
1408
1393
1357
1356
1359
1369
1371
1386
1402
1435
1455
1492
1553
1656
1803
1959
2063
2131
2151
2144
2134
2147
2194
2293
2423
2566
2678
2780
2838
2870
2889
2907
2910
2959
3015
3093
3210
3308
3371
3391
3366
3317
3268
3240
3255
3293
3333
3349
3348
3344
3276
3192
3067
2976
2935
2929
2931
2932
2877
2808
2752
2699
2672
2648
2616
2603
2614
2654
2676
2670
2663
2648
2611
2580
2543
2498
2478
2451
2441
2400
2382
2369
2380
2440
2475
2510
2536
2515
2466
2407
2356
2346
2323
2304
2274
2209
2138
2089
2056
2058
2070
2113
2168
2223
2256
2269
2241
2194
2156
2140
2151
2158
2157
2119
2066
2003
1921
1871
1795
1715
1660
1620
1570
1498
1440
1392
1331
1257
1207
1176
1149
1126
1085
1017
965
917
871
855
844
851
848
844
831
811
777
745
701
654
626
602
574
569
569
579
615
647
668
692
696
709
703
695
728
773
827
892
939
973
1023
1046
1032
1012
1009
1011
1028
1052
1056
1077
1079
1073
1035
1009
990
969
960
957
963
985
980
988
947
899
853
831
792
795
799
835
857
872
885
880
871
815
818
809
801
810
809
824
837
839
861
854
869
876
893
927
954
1000
1019
1025
1059
1078
1063
1059
1064
1073
1087
1151
1213
1267
1289
1284
1283
1272
1260
1290
1330
1378
1439
1496
1528
1552
1568
1579
1599
1656
1721
1792
1863
1927
1946
1990
2023
2038
2066
2096
2144
2209
2244
2288
2311
2323
2325
2337
2340
2350
2360
2371
2384
2409
2416
2424
2426
2414
2387
2364
2328
2299
2294
2307
2304
2310
2323
2328
2311
2299
2281
2292
2296
2316
2337
2364
2385
2404
2385
2367
2343
2321
2320
2318
2328
2337
2359
2375
2388
2389
2401
2411
2441
2452
2476
2516
2544
2574
2592
2625
2648
2674
2673
2673
2680
2684
2716
2751
2796
2833
2854
2877
2908
2946
3004
3052
3086
3148
3204
3249
3287
3291
3296
3296
3313
3334
3366
3416
3437
3452
3465
3476
3484
3515
3546
3596
3632
3662
3680
3689
3680
3654
3632
3642
3652
3705
3728
3735
3708
3644
3589
3554
3526
3534
3560
3571
3542
3489
3414
3328
3260
3198
3167
3178
3206
3214
3209
3171
3121
3032
2981
2920
2908
2898
2914
2951
2984
2990
2953
2905
2849
2816
2807
2860
2918
2998
3047
3060
3071
3035
2983
2968
2983
3026
3091
3168
3184
3195
3190
3171
3151
3150
3158
3182
3220
3243
3265
3270
3250
3207
3165
3116
3072
3023
3006
2974
2966
2922
2888
2840
2795
2764
2711
2665
2612
2576
2551
2523
2477
2448
2403
2333
2284
2208
2126
2057
2011
1999
1974
1984
1981
1950
1921
1881
1871
1890
1879
1876
1875
1864
1854
1847
1854
1851
1856
1856
1897
1909
1910
1889
1889
1891
1892
1922
1928
1945
1976
1983
1984
1986
1933
1899
1895
1891
1919
1949
1984
1998
1975
1953
1931
1892
1868
1861
1847
1822
1807
1788
1732
1686
1628
1573
1528
1501
1476
1455
1444
1432
1404
1366
1311
1279
1247
1225
1210
1196
1176
1166
1141
1095
1062
1023
1000
988
984
966
940
921
906
884
856
828
788
754
731
710
712
708
681
672
663
620
580
571
574
619
671
714
754
773
784
787
787
793
820
842
881
921
981
1010
1047
1081
1100
1095
1099
1121
1140
1162
1186
1201
1230
1225
1227
1216
1200
1180
1167
1162
1178
1207
1229
1248
1264
1277
1289
1289
1281
1280
1291
1295
1316
1335
1371
1380
1390
1376
1352
1333
1323
1313
1313
1314
1318
1343
1355
1363
1390
1375
1359
1422
1462
1418
1428
1442
1475
1503
1516
1516
1528
1525
1532
1569
1603
1624
1631
1651
1660
1654
1671
1689
1698
1719
1756
1772
1782
1775
1793
1790
1784
1813
1859
1882
1933
1961
1985
2017
2026
2020
2027
2047
2095
2149
2215
2275
2296
2299
2276
2249
2219
2212
2254
2307
2366
2416
2450
2440
2411
2358
2302
2279
2280
2323
2381
2432
2448
2428
2375
2326
2271
2251
2245
2264
2307
2356
2387
2383
2342
2272
2227
2215
2237
2254
2285
2300
2321
2323
2305
2279
2247
2246
2243
2259
2272
2281
2273
2259
2227
2189
2141
2115
2118
2116
2163
2168
2166
2143
2119
2092
2113
2151
2200
2265
2291
2307
2292
2272
2259
2240
2246
2278
2315
2368
2394
2395
2380
2459
2446
2379
2336
2327
2295
2263
2231
2214
2183
2168
2163
2140
2091
2036
1993
1972
1977
1979
1999
2008
1995
1962
1895
1815
1765
1710
1715
1745
1787
1807
1816
1803
1774
1720
1670
1630
1596
1603
1613
1643
1660
1657
1634
1572
1513
1472
1424
1427
1503
1588
1648
1671
1670
1631
1584
1556
1529
1586
1646
1719
1768
1785
1795
1772
1747
1721
1716
1736
1751
1805
1851
1892
1881
1851
1800
1765
1759
1750
1769
1811
1854
1916
1964
1966
1959
1903
1870
1864
1879
1890
1912
1913
1868
1817
1762
1732
1731
1737
1736
1747
1823
1884
2007
1970
1916
1864
1809
1766
1740
1759
1788
1870
1916
1930
1917
1887
1846
1786
1762
1817
1858
1844
1796
1920
1953
1872
1795
1722
1673
1651
1675
1752
1951
2057
2067
2023
2119
2042
2013
1974
1978
1980
1979
2020
2076
2123
2148
2163
2154
2136
2108
2090
2095
2124
2172
2240
2274
2292
2298
2262
2214
2166
2151
2160
2273
2222
2191
2140
2088
2044
2000
1994
1979
1976
1961
1969
1959
1952
1929
1900
1847
1792
1746
1685
1658
1643
1630
1600
1561
1518
1469
1428
1403
1376
1362
1367
1369
1366
1363
1334
1289
1255
1231
1208
1185
1174
1173
1216
1263
1311
1382
1422
1453
1444
1427
1385
1361
1316
1316
1335
1356
1401
1432
1482
1476
1475
1467
1473
1475
1513
1558
1640
1710
1769
1768
1760
1737
1705
1711
1734
1767
1838
1892
1944
1979
1989
1967
1932
1897
1918
1942
1988
2066
2121
2144
2121
2079
2040
2012
1996
2019
2050
2106
2135
2154
2168
2158
2123
2105
2092
2102
2131
2169
2213
2231
2244
2217
2192
2180
2190
2225
2285
2331
2393
2444
2496
2515
2508
2492
2521
2532
2568
2617
2667
2699
2725
2730
2716
2669
2652
2648
2650
2693
2731
2804
2845
2862
2862
2856
2835
2806
2810
2849
2905
2933
2964
2977
2997
3024
3028
3037
3038
3055
3091
3087
3080
3057
3048
3015
2968
2932
2889
2870
2870
2867
2903
2894
2904
2899
2886
2840
2805
2771
2740
2733
2736
2744
2736
2734
2712
2716
2700
2665
2635
2607
2594
2579
2564
2553
2531
2523
2491
2473
2470
2450
2456
2459
2461
2478
2487
2487
2476
2443
2435
2414
2405
2415
2430
2444
2463
2480
2496
2511
2511
2523
2521
2546
2551
2558
2582
2594
2601
2613
2624
2637
2646
2636
2651
2659
2678
2686
2683
2691
2675
2628
2622
2616
2617
2620
2623
2632
2611
2590
2565
2543
2534
2535
2541
2547
2556
2582
2581
2596
2594
2582
2574
2545
2545
2536
2543
2554
2548
2537
2524
2499
2479
2457
2431
2420
2400
2417
2414
2423
2424
2400
2366
2346
2327
2310
2332
2345
2358
2371
2383
2399
2387
2381
2394
2403
2424
2449
2468
2479
2474
2474
2454
2419
2385
2376
2351
2348
2353
2356
2349
2322
2293
2257
2224
2195
2168
2171
2156
2152
2145
2135
2119
2097
2078
2055
2041
2032
2016
2009
1987
1984
1976
1938
1913
1863
1840
1827
1810
1783
1776
1754
1726
1687
1652
1617
1578
1556
1533
1512
1489
1471
1460
1447
1432
1417
1418
1406
1408
1409
1404
1408
1386
1400
1372
1364
1388
1400
1392
1409
1428
1440
1444
1440
1444
1433
1435
1417
1413
1424
1446
1466
1457
1474
1480
1462
1478
1482
1472
1468
1481
1472
1465
1483
1486
1510
1512
1527
1538
1550
1575
1577
1582
1593
1608
1630
1633
1638
1652
1662
1655
1648
1630
1635
1632
1604
1607
1608
1596
1591
1572
1561
1543
1511
1495
1477
1481
1475
1476
1482
1488
1491
1464
1444
1429
1432
1416
1433
1423
1414
1421
1411
1403
1406
1383
1359
1341
1320
1302
1283
1286
1295
1300
1303
1333
1345
1353
1381
1380
1407
1427
1450
1456
1482
1488
1495
1504
1530
1529
1539
1548
1588
1604
1632
1656
1684
1695
1712
1721
1740
1758
1757
1759
1747
1774
1782
1804
1820
1837
1840
1847
1854
1845
1842
1840
1843
1872
1902
1920
1941
1950
1953
1974
1992
1990
2003
2026
2053
2101
2118
2139
2164
2190
2206
2241
2268
2292
2333
2347
2375
2393
2383
2394
2407
2458
2481
2515
2536
2565
2609
2640
2642
2656
2679
2706
2734
2750
2782
2808
2828
2832
2839
2864
2861
2859
2861
2864
2866
2871
2879
2876
2849
2826
2806
2780
2767
2752
2762
2767
2764
2745
2733
2712
2705
2684
2677
2685
2686
2676
2672
2666
2657
2647
2654
2653
2637
2642
2633
2627
2613
2608
2576
2551
2541
2524
2535
2517
2512
2491
2482
2462
2431
2416
2386
2383
2382
2375
2380
2363
2357
2351
2320
2311
2301
2304
2313
2324
2323
2326
2331
2313
2319
2309
2299
2272
2268
2279
2272
2268
2264
2247
2202
2152
2119
2117
2100
2083
2078
2051
2024
2005
1976
1958
1947
1932
1931
1916
1895
1875
1860
1847
1827
1817
1813
1784
1750
1732
1699
1686
1660
1649
1622
1568
1543
1524
1494
1491
1478
1453
1431
1407
1368
1337
1313
1291
1300
1298
1302
1300
1299
1284
1276
1252
1236
1246
1255
1264
1260
1275
1255
1248
1254
1232
1223
1225
1206
1208
1225
1212
1199
1185
1164
1163
1145
1153
1151
1162
1159
1175
1178
1162
1167
1153
1150
1148
1160
1168
1189
1192
1201
1212
1207
1207
1228
1208
1246
1265
1292
1285
1286
1282
1263
1264
1241
1252
1231
1256
1262
1273
1288
1278
1278
1255
1255
1263
1272
1294
1315
1344
1360
1360
1359
1344
1355
1344
1348
1353
1379
1399
1425
1439
1443
1420
1398
1414
1420
1434
1456
1486
1505
1523
1524
1520
1492
1460
1463
1468
1527
1594
1679
1757
1805
1839
1833
1818
1801
1793
1805
1849
1905
1995
2064
2123
2146
2137
2105
2064
2040
2056
2101
2149
2252
2339
2384
2399
2367
2302
2221
2164
2156
2202
2314
2398
2569
2540
2444
2351
2263
2179
2179
2232
2312
2414
2493
2523
2506
2438
2352
2260
2211
2236
2296
2396
2497
2545
2524
2471
2386
2315
2284
2281
2321
2393
2448
2516
2529
2520
2482
2417
2361
2371
2406
2467
2516
2544
2521
2496
2461
2406
2380
2377
2397
2451
2508
2568
2585
2586
2541
2487
2446
2417
2441
2473
2546
2608
2622
2600
2552
2488
2431
2404
2403
2447
2501
2556
2592
2587
2550
2474
2379
2321
2291
2331
2408
2505
2591
2635
2629
2565
2496
2407
2343
2342
2390
2435
2513
2556
2563
2512
2453
2380
2334
2296
2296
2345
2410
2451
2469
2432
2366
2308
2250
2223
2238
2273
2336
2383
2402
2393
2369
2319
2279
2246
2248
2254
2287
2307
2326
2306
2287
2250
2221
2199
2195
2199
2225
2286
2325
2231
2180
2173
2124
2097
2091
2104
2103
2116
2089
2055
2024
1991
1975
1958
1948
1950
1971
1978
1947
1930
1908
1867
1835
1849
1847
1852
1863
1859
1842
1801
1763
1726
1698
1675
1665
1673
1696
1692
1666
1644
1604
1566
1553
1556
1561
1580
1589
1586
1592
1572
1553
1532
1508
1506
1516
1536
1544
1557
1553
1551
1547
1529
1532
1527
1528
1547
1562
1527
1520
1514
1516
1515
1542
1562
1585
1603
1608
1608
1712
1613
1576
1566
1589
1616
1660
1676
1691
1696
1689
1682
1663
1659
1686
1728
1761
1870
1950
1968
1905
1892
1803
1777
1883
1877
1893
1911
1936
1951
1937
1937
1892
1867
1863
1891
1930
1987
2003
2027
2014
2008
1971
1935
1935
1954
1976
1992
2022
2056
2063
2067
2054
2029
2019
2036
2061
2096
2110
2118
2146
2144
2119
2108
2094
2086
2100
2107
2131
2135
2161
2160
2168
2160
2155
2177
2186
2187
2192
2210
2217
2216
2240
2230
2233
2237
2226
2225
2232
2225
2227
2228
2218
2204
2216
2211
2203
2199
2192
2192
2208
2222
2237
2258
2255
2225
2207
2198
2212
2197
2210
2250
2323
2284
2280
2256
2249
2237
2223
2227
2246
2252
2258
2272
2288
2319
2316
2324
2331
2339
2358
2360
2384
2391
2398
2416
2435
2423
2423
2428
2423
2406
2415
2412
2433
2445
2467
2464
2467
2475
2463
2456
2471
2474
2496
2506
2511
2518
2519
2503
2495
2486
2489
2511
2504
2507
2530
2513
2499
2483
2485
2460
2468
2454
2451
2447
2460
2443
2443
2426
2440
2425
2412
2410
2396
2383
2400
2398
2402
2396
2399
2418
2413
2411
2413
2424
2420
2411
2411
2432
2424
2411
2411
2398
2393
2385
2370
2371
2363
2343
2329
2331
2309
2313
2309
2293
2288
2268
2253
2259
2246
2243
2251
2244
2252
2264
2254
2236
2236
2223
2203
2169
2162
2171
2169
2168
2175
2181
2162
2125
2088
2045
2025
2019
2005
2002
1980
1975
1966
1928
1891
1887
1863
1858
1853
1861
1866
1843
1820
1809
1809
1816
1794
1801
1792
1805
1801
1792
1797
1769
1749
1735
1719
1699
1696
1698
1697
1696
1691
1691
1676
1668
1651
1643
1643
1656
1651
1673
1662
1656
1640
1628
1636
1641
1635
1654
1675
1681
1703
1680
1679
1674
1671
1686
1691
1720
1726
1739
1755
1740
1735
1739
1736
1743
1740
1746
1756
1775
1782
1784
1784
1768
1786
1794
1807
1814
1835
1848
1840
1838
1849
1869
1858
1875
1890
1891
1898
1894
1901
1898
1920
1923
1923
1938
1953
1965
1956
1933
1928
1931
1930
1913
1926
1927
1930
1948
1951
1950
1946
1948
1936
1943
1965
1988
2012
2006
2009
1997
1997
1993
2006
2022
2012
2030
2044
2058
2067
2073
2061
2044
2060
2057
2061
2063
2067
2071
2080
2090
2096
2090
2094
2087
2098
2101
2100
2088
2074
2082
2095
2095
2076
2087
2083
2103
2110
2123
2152
2145
2150
2150
2150
2143
2147
2172
2168
2182
2183
2192
2191
2200
2201
2208
2219
2207
2222
2213
2231
2236
2236
2246
2263
2280
2264
2261
2265
2262
2275
2269
2287
2282
2269
2253
2251
2251
2259
2260
2249
2254
2240
2232
2218
2202
2180
2175
2160
2141
2131
2136
2129
2121
2102
2095
2092
2086
2097
2077
2062
2045
2060
2055
2038
2025
2024
2014
2007
2000
2000
1997
1983
1968
1932
1942
1937
1919
1924
1916
1926
1917
1924
1925
1903
1907
1913
1903
1894
1891
1896
1910
1900
1914
1903
1900
1915
1928
1915
1936
1936
1946
1951
1948
1939
1928
1934
1942
1946
1970
1968
1965
1978
1964
1961
1943
1933
1928
1928
1936
1948
1950
1933
1920
1911
1912
1889
1888
1889
1893
1896
1904
1902
1910
1917
1912
1905
1896
1885
1897
1894
1898
1905
1908
1925
1900
1885
1881
1882
1888
1902
1918
1932
1939
1939
1938
1926
1916
1906
1906
1921
1924
1940
1958
1951
1965
1976
1974
1974
1964
1968
1964
1958
1950
1961
1981
1961
1979
1980
1980
1959
1958
1936
1916
1897
1880
1863
1866
1848
1844
1841
1835
1838
1830
1802
1785
1776
1781
1779
1792
1795
1784
1794
1766
1755
1734
1731
1725
1735
1751
1767
1773
1767
1779
1760
1741
1715
1712
1708
1693
1686
1689
1687
1701
1691
1686
1672
1668
1660
1652
1642
1651
1648
1659
1686
1689
1712
1721
1732
1718
1692
1683
1664
1660
1659
1656
1654
1678
1678
1685
1691
1697
1684
1674
1663
1670
1668
1682
1676
1697
1701
1695
1696
1664
1640
1617
1627
1627
1656
1695
1720
1719
1695
1660
1635
1609
1612
1632
1666
1703
1723
1719
1704
1692
1699
1697
1715
1720
1729
1758
1779
1784
1791
1785
1797
1798
1820
1836
1839
1849
1844
1869
1900
1895
1878
1853
1848
1840
1845
1868
1899
1906
1942
1939
1937
1930
1952
1954
1970
1959
1963
1951
1971
2005
1993
1984
1978
1990
1987
1995
2014
2023
2046
2047
2049
2051
2041
2040
2051
2041
2047
2043
2063
2077
2083
2079
2079
2067
2060
2078
2116
2136
2142
2152
2135
2116
2118
2118
2124
2134
2161
2185
2189
2182
2183
2183
2204
2204
2204
2218
2236
2232
2222
2211
2215
2224
2221
2220
2216
2211
2215
2205
2191
2187
2185
2185
2195
2203
2216
2209
2190
2190
2182
2188
2171
2156
2144
2141
2129
2104
2109
2099
2092
2088
2097
2089
2095
2089
2080
2075
2065
2038
2017
2021
2041
2032
2020
2024
2056
2062
2065
2054
2070
2056
2051
2055
2065
2103
2097
2101
2112
2079
2094
2099
2087
2092
2113
2107
2136
2151
2156
2175
2167
2163
2141
2128
2112
2111
2115
2111
2096
2097
2097
2099
2108
2094
2084
2091
2089
2104
2095
2104
2129
2136
2155
2142
2133
2130
2117
2110
2093
2088
2100
2105
2114
2128
2134
2147
2153
2136
2122
2099
2084
2084
2095
2098
2107
2100
2110
2096
2099
2096
2086
2080
2084
2099
2108
2125
2131
2132
2144
2139
2123
2099
2089
2069
2067
2073
2089
2089
2094
2081
2083
2093
2100
2044
2011
2008
2004
1992
2000
1982
1967
2058
2075
2018
1945
2004
1972
1956
1950
1937
1931
1945
1949
1948
1918
1915
1891
1878
1870
1876
1871
1859
1870
1854
1826
1823
1820
1823
1842
1856
1871
1873
1898
1892
1880
1878
1864
1856
1856
1854
1863
1899
1910
1926
1914
1922
1936
1950
2045
1984
1978
1998
2010
2012
2005
1996
2000
1982
1974
1974
1978
2013
2015
2012
2039
2050
2049
2044
2029
2039
2049
2055
2094
2102
2103
2113
2135
2128
2151
2168
2185
2214
2227
2231
2244
2257
2291
2305
2304
2335
2331
2329
2328
2321
2316
2332
2331
2344
2355
2366
2364
2366
2358
2362
2366
2353
2369
2381
2388
2388
2388
2392
2378
2367
2359
2350
2353
2366
2373
2387
2384
2374
2372
2366
2364
2361
2347
2353
2352
2376
2368
2359
2358
2358
2329
2320
2312
2313
2314
2328
2336
2349
2326
2309
2286
2291
2307
2312
2326
2348
2372
2362
2343
2330
2328
2312
2308
2309
2332
2344
2361
2353
2353
2347
2342
2333
2328
2340
2360
2375
2383
2391
2385
2381
2352
2348
2359
2361
2371
2383
2412
2417
2417
2407
2416
2410
2407
2427
2434
2446
2457
2452
2450
2470
2468
2457
2458
2447
2435
2424
2424
2412
2402
2404
2403
2408
2397
2396
2393
2395
2390
2396
2385
2386
2383
2392
2375
2398
2387
2395
2398
2396
2389
2375
2369
2361
2360
2364
2371
2383
2393
2396
2374
2363
2354
2363
2356
2368
2353
2364
2361
2346
2321
2300
2296
2296
2302
2300
2304
2311
2315
2311
2289
2268
2252
2230
2221
2225
2234
2219
2225
2206
2190
2167
2140
2143
2125
2127
2115
2097
2079
2073
2055
2031
2035
2005
2015
1994
1971
1959
1941
1916
1891
1893
1869
1849
1831
1839
1840
1847
1833
1824
1807
1800
1795
1785
1772
1759
1766
1760
1761
1745
1732
1721
1707
1693
1697
1707
1712
1694
1688
1683
1668
1659
1635
1630
1638
1628
1632
1636
1624
1612
1588
1576
1582
1582
1572
1582
1582
1585
1612
1583
1574
1563
1557
1561
1565
1574
1585
1591
1591
1576
1553
1537
1523
1523
1531
1534
1550
1570
1580
1593
1588
1591
1595
1576
1585
1606
1615
1624
1636
1627
1648
1653
1627
1624
1615
1619
1638
1647
1671
1683
1687
1668
1673
1646
1656
1653
1667
1668
1673
1679
1688
1667
1659
1659
1652
1654
1659
1651
1659
1664
1665
1666
1657
1656
1657
1667
1664
1665
1683
1687
1694
1673
1650
1635
1628
1642
1644
1646
1658
1644
1651
1641
1632
1638
1630
1614
1620
1634
1634
1636
1648
1663
1667
1692
1691
1695
1712
1714
1705
1701
1711
1718
1715
1740
1737
1743
1748
1760
1773
1768
1783
1769
1771
1780
1787
1805
1801
1808
1809
1800
1804
1816
1821
1831
1831
1843
1847
1839
1832
1836
1840
1843
1833
1836
1832
1843
1846
1848
1862
1866
1872
1855
1850
1846
1851
1845
1836
1836
1833
1827
1840
1844
1844
1854
1853
1856
1851
1864
1866
1872
1878
1875
1881
1883
1876
1890
1892
1880
1889
1898
1897
1891
1902
1915
1944
1930
1933
1957
1965
1949
1958
1972
1967
1956
1973
1986
1980
1980
1982
1985
1974
1970
1971
1979
1987
1985
2000
2004
2027
2028
2044
2059
2070
2078
2094
2094
2079
2060
2059
2054
2043
2042
2060
2092
2096
2090
2100
2089
2087
2094
2083
2068
2079
2097
2119
2113
2112
2116
2105
2076
2058
2070
2082
2101
2116
2131
2141
2140
2128
2114
2079
2064
2040
2049
2051
2076
2091
2094
2070
2039
2014
1999
2007
2008
2013
2026
2029
2043
2046
2020
1996
1988
1983
1975
1985
1995
2003
1996
1994
1984
1980
1963
1949
1945
1930
1926
1930
1932
1932
1926
1920
1913
1913
1900
1901
1901
1892
1887
1891
1906
1909
1929
1935
1940
1940
1944
1935
1941
1937
1959
1961
1972
1967
1974
1971
1977
1987
1974
1964
1951
1940
1947
1955
1960
1965
1981
1997
2016
2013
2011
2014
2019
2023
2012
2007
2019
2025
2031
2038
2035
2017
2006
2005
2009
2017
2031
2046
2064
2066
2063
2086
2079
2077
2074
2072
2065
2064
2080
2086
2094
2111
2115
2124
2133
2123
2136
2134
2156
2145
2151
2154
2171
2184
2185
2190
2198
2197
2209
2203
2219
2244
2243
2238
2247
2260
2246
2249
2264
2255
2257
2266
2255
2263
2256
2266
2288
2281
2274
2273
2256
2253
2247
2270
2268
2293
2299
2292
2287
2291
2279
2260
2263
2265
2247
2244
2253
2248
2245
2240
2236
2236
2239
2240
2235
2246
2240
2240
2224
2232
2243
2242
2234
2244
2245
2240
2236
2241
2226
2232
2231
2219
2208
2235
2237
2238
2230
2224
2198
2205
2206
2188
2185
2200
2229
2243
2244
2242
2222
2208
2190
2182
2187
2175
2165
2190
2195
2192
2181
2183
2151
2142
2134
2124
2124
2131
2146
2131
2152
2140
