1916
1899
1892
1907
1908
1903
1916
1905
1900
1879
1871
1907
1912
1903
1909
1910
1916
1920
1922
1911
1885
1901
1911
1915
1933
1943
1960
1950
1944
1930
1926
1912
1920
1935
1961
1979
1995
1999
2008
1996
2011
2005
1998
2008
2004
2021
2021
2021
2028
2017
2038
2028
2038
2048
2046
2065
2055
2065
2076
2061
2039
2028
2037
2046
2049
2046
2058
2057
2057
2044
2023
2025
2023
2027
2032
2190
2070
2048
2017
2051
2005
1987
2003
2008
2004
1999
2008
2010
1999
1996
1992
1989
1999
2013
2000
1998
2012
2023
2012
2011
2022
2020
2002
2004
2007
2015
2035
2041
2036
2025
2008
2040
2044
2048
2035
2033
2029
2035
2045
2050
2061
2059
2057
2054
2061
2054
2060
2073
2074
2074
2081
2077
2080
2069
2086
2076
2148
2122
2099
2082
2077
2054
2066
2054
2063
2069
2063
2058
2049
2037
2054
2046
2038
2086
2134
2144
2050
2014
2095
2022
1999
1977
1967
1979
1969
1972
1971
1960
1959
1963
1964
1939
1943
1936
1935
1937
1937
1932
1938
1934
1943
1948
1937
1937
1924
1916
1895
1907
1917
1928
1913
1921
1948
2018
1960
1937
1920
1922
1920
1937
1943
1933
1918
1913
1921
1931
1920
1917
1915
1931
1916
1920
1930
1938
1936
1942
1922
1935
1915
1924
1916
1924
1955
1951
1960
1967
1972
1955
1957
1956
1944
1939
1956
1947
1963
1971
1980
1985
1984
1970
1952
1943
1953
1949
1968
1973
1971
1967
1980
1990
1995
1974
1978
1976
1972
1981
1981
1964
1968
1979
1980
1980
1993
1981
1994
1990
2002
2008
2003
1998
2008
2004
2013
1997
2012
2025
2031
2047
2045
2035
2039
2035
2044
2058
2051
2041
2038
2052
2051
2043
2040
2063
2092
2077
2076
2067
2045
2047
2041
2036
2036
2058
2061
2072
2087
2086
2091
2064
2070
2045
2053
2056
2056
2066
2069
2063
2068
2057
2046
2047
2046
2046
2052
2059
2053
2044
2047
2031
2030
2028
2032
2016
2037
2046
2041
2041
2059
2039
2014
2013
2022
2032
2048
2056
2050
2048
2053
2056
2040
2024
2023
2030
2028
2043
2040
2042
2049
2067
2048
2028
2023
2004
2012
2015
2014
2031
2024
2008
2002
1983
1982
1969
1966
1972
1985
1982
2000
1995
1988
1991
1999
1987
1977
1964
1967
1976
1975
1971
1970
1987
1996
1985
1960
1946
1939
1942
1947
1961
1969
1971
1977
1977
1964
1963
1969
1956
1942
1939
1949
1951
1954
1952
1959
1976
1976
1965
1972
1955
1969
1979
1991
1975
1977
1990
1991
1988
1984
1977
1987
1972
1982
1983
2004
2020
2014
2020
2012
2008
2016
2006
1996
2011
2039
2059
2058
2066
2060
2043
2054
2041
2041
2052
2060
2062
2069
2079
2082
2088
2072
2060
2050
2070
2063
2081
2105
2092
2087
2079
2079
2049
2046
2051
2067
2082
2079
2081
2089
2082
2058
2048
2039
2041
2062
2075
2091
2095
2104
2082
2072
2062
2055
2049
2044
2046
2054
2058
2062
2067
2048
2046
2044
2041
2033
2060
2074
2093
2092
2083
2056
2055
2055
2044
2059
2041
2058
2057
2071
2074
2068
2051
2046
2040
2045
2043
2053
2053
2058
2043
2034
2047
2047
2050
2048
2055
2054
2052
2051
2042
2042
2036
2035
2031
2028
2049
2041
2046
2019
2015
1999
2003
2006
2009
1986
1985
1977
1970
1953
1919
1912
1964
2031
2099
2125
2137
2153
2111
2026
1942
1888
1894
1912
1958
1994
2013
1972
1897
1806
1718
1695
1726
1835
2017
2168
2292
2269
2236
2153
1996
1926
1848
1880
1963
2048
2146
2183
2199
2126
2041
1883
1710
1597
1577
1718
1875
2036
2156
2246
2308
2275
2211
2203
2189
2131
2140
2177
2112
1992
1885
1953
2085
2209
2335
2439
2510
2508
2425
2250
2007
1777
1719
1844
2074
2309
2419
2355
2156
1920
1752
1717
1804
2002
2218
2372
2393
2256
2076
1900
1781
1744
1773
1903
2080
2232
2314
2203
1960
1691
1496
1383
1377
1422
1554
1743
1913
1970
1847
1704
1587
1510
1551
1643
1723
1813
1944
2132
2303
2365
2366
2352
2364
2378
2371
2296
2187
2140
2103
2088
2028
1869
1683
1554
1529
1657
1846
2068
2176
2171
2037
1828
1632
1527
1561
1690
1880
2043
2190
2270
2264
2202
2143
2156
2239
2357
2459
2513
2489
2397
2270
2121
2021
1965
2024
2166
2380
2584
2677
2615
2395
2095
1801
1624
1575
1671
1875
2102
2301
2379
2317
2136
1912
1704
1585
1545
1581
1680
1830
1976
2086
2111
2087
2015
1964
1949
1993
2095
2224
2358
2491
2541
2531
2497
2441
2393
2376
2392
2441
2475
2493
2454
2416
2338
2252
2095
1942
1807
1728
1720
1762
1825
1920
2014
2065
2087
2067
2064
2052
2036
2038
2073
2124
2174
2179
2168
2102
2030
1942
1856
1798
1796
1840
1943
2054
2124
2124
2073
2007
1942
1914
1913
1913
1958
1980
2012
2048
2019
1972
1925
1899
1900
1888
1877
1925
2015
2096
2151
2146
2090
2013
1955
1925
1924
1935
1951
1979
2006
2018
2025
1984
1955
1897
1860
1842
1832
1818
1815
1849
1865
1864
1877
1867
1871
1897
1926
1991
2056
2083
2071
2039
1950
1875
1822
1819
1850
1883
1891
1906
1881
1832
1782
1741
1753
1809
1904
2001
2080
2104
2070
1986
1874
1800
1719
1674
1682
1772
1880
1976
2043
2080
2087
2061
2006
1965
1976
2031
2103
2190
2232
2234
2189
2128
2076
2033
2042
2085
2130
2142
2174
2163
2129
2081
2036
2005
2012
2056
2127
2197
2256
2280
2262
2204
2147
2063
2007
1980
1971
1980
2004
2046
2043
2039
2009
1975
1972
1949
1929
1929
1939
1938
1938
1907
1871
1849
1838
1893
1963
2036
2095
2111
2070
1990
1890
1768
1685
1668
1704
1807
1940
2053
2127
2167
2175
2136
2085
2052
2029
2055
2078
2114
2135
2121
2077
2008
1929
1912
1902
1915
1961
2020
2023
2014
1980
1931
1870
1817
1848
1904
1974
2057
2125
2148
2142
2108
2035
1979
1978
2075
2112
2113
2159
2224
2232
2184
2120
2030
1980
1971
1979
2011
2045
2079
2082
2054
1999
1939
1920
1931
1938
1991
2049
2098
2104
2065
2023
1958
1926
1900
1916
1932
1969
2005
2031
2047
2050
2027
1982
1968
1912
1929
1941
1985
2009
2037
2041
2040
2006
1973
1940
1891
1880
1881
1880
1879
1869
1858
1827
1802
1785
1779
1794
1849
1895
1939
1981
2012
1994
1976
1939
1925
1937
1971
2008
2028
2036
2016
1963
1895
1823
1806
1797
1821
1859
1891
1915
1920
1897
1867
1855
1863
1890
1934
1984
2031
2074
2111
2105
2084
2060
2045
2039
2020
2010
2017
2016
2031
2049
2047
2054
2065
2037
2056
2076
2092
2089
2080
2050
2041
2005
1975
2100
1985
1947
1964
2037
2050
2074
2065
2053
2054
2048
2063
2054
2092
2115
2156
2188
2211
2225
2216
2208
2185
2172
2151
2163
2176
2185
2186
2213
2204
2174
2123
2069
2023
1991
1971
1959
1953
1953
1945
1936
1924
1931
1922
1936
1962
1986
2030
2050
2064
2076
2077
2098
2094
2081
2065
2052
2115
2112
2076
2052
2072
2089
2087
2095
2101
2080
2050
1999
1961
1937
1918
1899
1891
1990
2025
1962
1896
1952
1924
1882
1867
1875
1888
1886
1907
1923
1943
1979
1995
2024
2060
2093
2112
2126
2134
2140
2132
2122
2104
2086
2071
2044
2018
2002
1984
1972
1959
1949
1935
1909
1888
1863
1863
1942
1876
1896
1938
1955
2001
2020
2044
2056
2059
2054
2059
2057
2063
2060
2089
2111
2117
2131
2150
2152
2153
2160
2153
2160
2152
2153
2161
2163
2164
2172
2188
2184
2155
2152
2118
2124
2138
2129
2135
2147
2151
2151
2147
2157
2152
2161
2152
2153
2143
2158
2140
2120
2098
2073
2045
2016
1995
1980
1961
1942
1938
1926
1930
1910
1911
1921
1927
1955
1990
2022
2047
2081
2102
2120
2134
2127
2126
2115
2105
2086
2060
2054
2046
2046
2020
2019
1993
1970
1928
1912
1916
1920
1928
1937
1954
1978
1981
2011
2040
2040
2056
2077
2077
2100
2127
2170
2169
2170
2177
2183
2190
2189
2198
2203
2198
2177
2161
2144
2125
2095
2067
2034
2030
2026
2039
2045
2049
2048
2051
2027
2005
2003
1982
1974
1967
1972
1985
1999
2005
1989
1978
1959
1936
1931
1926
1932
1942
1949
1944
1939
1937
1940
1917
1916
1936
1942
1955
1958
1959
1964
1952
1931
1931
1942
1954
1970
1984
2000
2025
2036
2043
2039
2042
2031
2021
2019
2019
2018
2010
1999
2008
2015
2008
2000
1996
1995
1979
1984
1984
1996
2033
2032
2057
2056
2049
2030
2010
2008
2015
2028
2032
2051
2063
2080
2062
2040
2030
2023
2020
2052
2062
2079
2074
2091
2083
2072
2052
2032
2011
1994
2022
2023
2027
2032
2012
2020
2016
2006
2013
2028
2051
2040
2060
2052
2055
2031
1991
1971
1959
1937
1921
1925
1956
1949
1952
1950
1943
1932
1908
1915
1921
1909
1918
1914
1932
1935
1930
1921
1918
1906
1886
1872
1879
1880
1914
1935
1931
1957
1955
1949
1929
1933
1946
1958
1963
1964
1957
1958
1942
1921
1886
1871
1862
1889
1892
1887
1907
1920
1942
1929
1927
1940
1946
1961
1961
1975
1973
1968
1962
1959
1952
1955
1968
1990
1998
1993
2013
2002
1993
1981
1979
1980
1975
1999
2029
2039
2059
2059
2049
2018
1986
1971
1966
1981
1994
2025
2036
2051
2060
2047
2032
2035
2028
2030
2057
2104
2120
2107
2100
2096
2083
2076
2072
2071
2081
2076
2072
2067
2072
2067
2063
2059
2048
2057
2055
2059
2059
2050
2044
2045
2034
2035
2028
2044
2054
2047
2046
2030
2013
2000
2001
1976
1976
1981
1982
1984
1976
1976
1970
1962
1953
1958
1973
1976
2019
2040
2063
2051
2049
2041
2048
2039
2036
2058
2064
2063
2077
2080
2083
2061
2030
2016
2006
1987
1966
1982
1975
1991
1990
1974
1975
1972
1977
1982
1988
2007
2016
2026
2040
2042
2047
2046
2051
2047
2035
2028
2033
2043
2072
2069
2091
2108
2101
2101
2079
2076
2078
2068
2075
2101
2104
2113
2089
2077
2070
2063
2055
2058
2073
2068
2089
2072
2055
2060
2051
2051
2040
2030
2026
2009
2006
2011
2010
1996
1981
1976
1964
1956
1958
1970
1965
1968
1979
1976
1954
1959
1955
1961
1959
1957
1976
1975
1972
1984
1985
1985
1992
1971
1968
1972
1987
1994
2009
2004
2017
2010
2014
2019
2005
2018
2024
2042
2047
2053
2060
2059
2044
2043
2031
2032
2027
2023
2014
2027
2024
2011
2006
1993
1999
1984
1974
1985
1991
1981
1997
2002
2023
2031
2026
2027
2008
2024
2022
2028
2029
2038
2039
2031
2009
2001
1997
1977
1975
1977
1966
1976
1991
1984
1980
1988
1971
1970
1983
1988
2003
2007
2023
2025
2009
1994
1984
1987
1984
1981
1974
1952
1967
1961
1951
1925
1912
1914
1907
1916
1917
1928
1936
1932
1927
1944
1924
1915
1905
1901
1899
1908
1924
1926
1930
1927
1919
1916
1920
1927
1936
1947
1939
1950
1963
1955
1939
1946
1949
1964
1971
1993
2011
2023
2037
2047
2046
2019
2020
2025
2049
2059
2092
2092
2100
2103
2091
2087
2080
2087
2108
2129
2152
2164
2151
2144
2144
2148
2142
2129
2140
2136
2137
2128
2146
2132
2137
2143
2131
2108
2115
2115
2138
2152
2170
2174
2183
2187
2188
2177
2175
2178
2172
2162
2155
2150
2170
2189
2182
2178
2175
2185
2158
2145
2144
2147
2134
2142
2155
2155
2164
2150
2149
2148
2131
2113
2108
2110
2103
2099
2107
2095
2078
2067
2044
2021
2014
1993
1979
1978
1992
1991
2007
2015
2032
2035
2030
2003
2003
2014
2031
2060
2083
2070
2061
2035
2052
2036
2032
2041
2042
2058
2040
2046
2045
2057
2054
2047
2041
2057
2051
2052
2060
2063
2067
2062
2051
2060
2063
2059
2051
2054
2060
2060
2067
2068
2063
2055
2058
2076
2059
2070
2073
2072
2072
2084
2094
2096
2086
2079
2083
2084
2069
2086
2076
2065
2070
2046
2028
2015
2025
2027
2050
2029
2035
2008
1994
1985
1973
1990
2008
2009
2024
2025
2025
2014
2019
2005
1976
1962
1962
1967
1985
2001
2016
2007
1992
1961
1942
1922
1923
1915
1944
1951
1971
1990
1995
2090
1993
1958
1947
1932
1948
1964
1996
2012
2016
1990
1963
1947
1923
1923
1940
1971
2009
2031
2052
2056
2030
1999
1985
1975
1982
2016
2064
2091
2096
2078
2051
2029
2016
2023
2042
2074
2091
2119
2128
2105
2063
2009
1981
1969
1982
2002
2016
2016
2008
1984
1958
1927
1909
1915
1936
1948
1975
1999
1989
1980
1956
1920
1895
1887
1888
1879
1886
1886
1874
1848
1826
1812
1796
1782
1788
1793
1840
1860
1856
1843
1835
1831
1825
1810
1800
1814
1831
1858
1880
1877
1863
1843
1806
1771
1746
1728
1753
1779
1812
1849
1858
1856
1809
1775
1753
1741
1743
1767
1801
1817
1844
1854
1854
1847
1828
1826
1814
1820
1825
1849
1873
1881
1971
1938
1888
1857
1886
1871
1878
1902
1928
1932
1940
1919
1916
1920
1928
1921
1947
1953
1984
2003
1999
1996
2007
2008
2012
2031
2031
2050
2047
2044
2041
2064
2054
2057
2076
2084
2097
2096
2089
2118
2110
2105
2095
2087
2093
2096
2099
2104
2105
2112
2105
2076
2087
2077
2069
2089
2108
2134
2130
2257
2178
2150
2128
2124
2108
2108
2103
2118
2121
2137
2163
2156
2148
2127
2112
2201
2215
2182
2127
2214
2161
2144
2123
2097
2087
2069
2062
2046
2040
2053
2076
2101
2097
2070
2063
2060
2059
2042
2048
2046
2052
2066
2052
2059
2153
2064
2035
2017
2023
2024
2025
2030
2028
2040
2036
2034
2034
2031
2045
2066
2065
2064
2051
2055
2062
2068
2065
2064
2062
2058
2043
2055
2052
2060
2080
2084
2075
2073
2085
2074
2063
2065
2044
2048
2045
2028
2034
2032
2028
2038
2046
2054
2060
2051
2034
2030
2038
2040
2051
2058
2066
2070
2059
2052
2045
2062
2068
2057
2057
2048
2044
2049
2051
2047
2039
2044
2056
2055
2048
2040
2045
2053
2040
2019
2007
1990
1999
2005
2012
2017
2020
2032
2029
2028
2020
2028
2016
2028
2051
2053
2054
2062
2061
2064
2072
2073
2071
2068
2062
2066
2062
2067
2068
2053
2055
2047
2044
2062
2069
2079
2068
2077
2072
2067
2057
2038
2041
2044
2051
2063
2080
2079
2087
2092
2097
2096
2090
2101
2093
2090
2110
2113
2102
2081
2087
2067
2066
2039
2045
2039
2048
2051
2040
2030
2031
2031
2032
2030
2042
2058
2048
2027
2034
2024
2022
2007
2010
2004
2011
1996
2007
2008
2012
2018
2016
2016
2017
2014
1998
1993
2000
1991
1985
1994
2006
1984
1999
1991
1967
1956
1964
1986
1984
1995
2004
1997
1996
1984
2000
1982
1989
1990
1997
2007
2000
2001
1982
1971
1970
1961
1956
1952
1962
1974
1985
1979
1976
1970
1980
1965
1990
1976
1987
1979
1982
1991
1972
1969
1968
1951
1956
1952
1954
1971
2005
2000
1989
1980
1992
1990
1990
1993
2003
2004
2023
2029
2032
2030
2033
2033
2037
2032
2032
2038
2027
2031
2039
2058
2073
2096
2086
2089
2073
2072
2059
2061
2064
2067
2088
2079
2077
2064
2046
2046
2046
2036
2037
2044
2052
2049
2036
2043
2043
2044
2045
2052
2062
2058
2048
2048
2049
2054
2056
2045
2041
2049
2050
2055
2059
2050
2066
2061
2050
2052
2038
2047
2059
2060
2066
2068
2060
2068
2059
2057
2044
2037
2039
2046
2047
2054
2053
2051
2055
2044
2029
2011
1999
1997
1996
2016
2016
2009
2006
2003
1992
1971
1945
1937
1939
1923
1925
1934
1933
1927
1948
1934
1909
1915
1896
1912
1900
1901
1901
1914
1935
1939
1953
1958
1954
1960
1968
1974
1982
1996
2001
2005
2003
1994
2002
2006
2001
2019
2020
2012
2025
2036
2032
2044
2055
2068
2070
2064
2052
2047
2052
2046
2022
2018
2010
2026
2033
2026
1999
1991
1991
1980
1972
1941
1942
1942
1939
1950
1939
1937
1940
1936
1932
1923
1910
1900
1894
1881
1890
1888
1885
1891
1885
1875
1867
1871
1869
1879
1884
1891
1897
1903
1905
1916
1894
1897
1888
1896
1907
1944
1966
1974
1987
1991
1984
1974
1978
1994
2001
2014
2027
2030
2025
2033
2022
2024
2019
2019
2021
2034
2045
2032
2051
2067
2065
2081
2077
2102
2100
2104
2086
2103
2113
2115
2116
2108
2105
2100
2097
2110
2107
2114
2113
2099
2081
2073
2056
2065
2075
2076
2076
2083
2095
2095
2106
2096
2099
2105
2117
2116
2101
2094
2095
2112
2120
2127
2127
2131
2126
2126
2121
2097
2086
2078
2077
2074
2071
2071
2045
2041
2040
2030
1997
1974
1988
1984
1980
1983
1987
1979
1981
1955
1942
1930
1923
1930
1920
1933
1924
1928
1925
1907
1880
1857
1843
1840
1843
1852
1857
1876
1874
1859
1856
1851
1844
1836
1847
1841
1849
1847
1856
1850
1849
1848
1853
1863
1871
1899
1904
1932
1944
1944
1943
1952
1974
1976
2002
2027
2049
2066
2089
2094
2092
2104
2099
2105
2102
2116
2137
2151
2175
2190
2180
2188
2184
2190
2180
2192
2195
2195
2188
2184
2181
2186
2166
2154
2151
2154
2159
2151
2149
2160
2154
2155
2152
2137
2159
2153
2147
2152
2147
2145
2134
2135
2135
2129
2133
2123
2129
2130
2136
2121
2105
2092
2083
2053
2058
2047
2058
2032
2046
2042
2045
2030
2017
2022
2028
2030
2031
2032
2015
2009
2005
1999
2003
2023
2025
2023
1989
1972
1977
1972
1956
1952
1965
1998
2040
2052
2057
2076
2079
2074
2069
2072
2064
2071
2078
2081
2077
2064
2074
2073
2049
2024
2018
1994
2006
1999
2017
2030
2006
1994
1986
1966
1958
1944
1948
1945
1960
1975
1977
1968
1956
1947
1921
1922
1921
1951
1966
1985
1997
2007
1993
1975
1976
1961
1939
1937
1928
1929
1931
1945
1958
1954
1943
1937
1918
1916
1916
1926
1934
1922
1921
1911
1888
1862
1848
1856
1861
1871
1907
1930
1931
1911
1883
1856
1867
1876
1910
1966
1987
1995
1976
1953
1935
1935
1929
1908
1908
1933
1947
1970
1977
1974
1970
1962
1967
1963
1974
1988
2000
2027
2043
2073
2063
2067
2079
2080
2066
2060
2078
2096
2117
2109
2098
2065
2003
1962
1963
1978
2017
2055
2065
2042
2004
1936
1864
1836
1849
1897
1936
1948
1957
1948
1948
1965
1951
1939
1939
1918
1901
1900
2024
2010
2065
2108
2137
2139
2104
2034
1928
1856
1797
1768
1758
1745
1734
1709
1724
1734
1761
1754
1777
1815
1856
1871
1863
1856
1886
1934
2000
2105
2204
2259
2249
2223
2174
2079
2000
1950
1955
1976
2003
2079
2124
2134
2113
2073
2046
2018
1993
1998
2020
2089
2205
2318
2423
2463
2457
2379
2309
2241
2195
2162
2184
2224
2255
2264
2263
2280
2275
2263
2228
2200
2160
2139
2148
2168
2214
2268
2295
2338
2371
2370
2345
2329
2284
2205
2150
2112
2097
2092
2110
2178
2218
2246
2247
2209
2142
2048
2019
2029
2058
2113
2175
2224
2226
2191
2152
2097
2039
2012
1959
1957
1991
2043
2103
2144
2143
2109
2053
2006
1987
1992
2034
2236
2215
2220
2236
2218
2138
2070
2005
1978
1980
2067
2193
2309
2407
2438
2405
2301
2172
2058
1985
1963
2003
2064
2131
2182
2164
2109
2028
1948
1880
1829
1810
1821
1831
1820
1827
1857
1881
1920
1944
1972
1987
1982
1963
1930
1895
1825
1799
1797
1812
1838
1867
1884
1891
1899
1894
1984
1971
1947
1950
1968
1988
2005
1969
1927
1886
1863
1872
1923
1998
2086
2166
2220
2288
2283
2105
2056
1931
1838
1843
1936
2054
2171
2259
2289
2268
2228
2146
2077
2024
1991
2011
2052
2105
2147
2204
2228
2232
2222
2206
2186
2176
2184
2179
2178
2193
2294
2232
2188
2191
2177
2179
2188
2207
2221
2215
2217
2215
2207
2183
2158
2109
2053
1990
1961
1927
1918
1920
1941
1962
1971
1971
1937
1903
1842
1798
1751
1711
1687
1705
1757
1812
1875
1925
1936
1902
1833
1745
1693
1639
1634
1665
1711
1771
1804
1827
1837
1803
1756
1708
1671
1699
1718
1747
1783
1803
1818
1804
1771
1739
1697
1693
1696
1734
1788
1863
1925
1941
1927
1848
1768
1702
1643
1651
1671
1721
1823
1905
1979
2032
2026
1937
1808
1726
1664
1692
1765
1855
1961
2060
2135
2112
2057
1972
1848
1784
1749
1780
1829
1899
1945
1952
1951
1905
1852
1807
1762
1787
1820
1887
1950
2004
2008
1992
1949
1883
1841
1804
1812
1872
1950
2031
2069
2072
2064
2033
2003
1980
1996
2033
2064
2124
2163
2168
2133
2115
2103
2088
2063
2066
2093
2127
2198
2228
2244
2238
2206
2172
2111
2070
2088
2113
2172
2244
2285
2268
2214
2128
2044
2005
1971
1982
1981
1978
1952
1920
1916
1897
1874
1869
1888
1893
1916
1920
1891
1865
1830
1811
1817
1836
1893
1939
1980
1974
1971
1953
1942
1924
1922
1904
1916
1932
1961
2008
2024
2035
2042
2050
2118
2149
2160
2182
2199
2233
2269
2273
2270
2215
2145
2112
2137
2191
2234
2264
2280
2291
2238
2184
2124
2080
2073
2097
2142
2202
2249
2241
2163
2119
2073
2068
2084
2107
2145
2183
2191
2169
2120
2033
1951
1869
1853
1892
1920
1969
1954
1901
1812
1711
1637
1603
1617
1667
1757
1832
1882
1921
1883
1838
1804
1780
1806
1823
1865
1930
1979
1995
2006
2001
1974
1938
1886
1868
1900
1951
2036
2122
2158
2178
2169
2163
2157
2145
2113
2099
2112
2131
2147
2145
2156
2168
2177
2167
2185
2184
2167
2160
2143
2113
2131
2143
2161
2164
2182
2172
2172
2148
2127
2105
2077
2036
2031
2015
2015
2013
2028
2022
1998
1977
1911
1859
1815
1804
1809
1831
1868
1867
1865
1831
1800
1787
1789
1811
1847
1898
1945
1968
1934
1919
1876
1856
1850
1835
1833
1820
1833
1841
1864
1889
1878
1812
1747
1689
1647
1624
1618
1628
1640
1645
1685
1709
1720
1678
1624
1561
1518
1555
1628
1750
1846
1895
1890
1825
1705
1592
1481
1451
1567
1784
1979
2080
2131
2060
1861
1644
1511
1473
1515
1735
1987
2172
2257
2244
2176
2038
1964
1952
2026
2146
2303
2492
2583
2570
2455
2318
2185
2100
2124
2230
2400
2546
2629
2636
2562
2435
2298
2184
2149
2204
2283
2401
2499
2534
2534
2444
2276
2087
1990
1974
2018
2099
2199
2270
2251
2185
2084
1984
1926
1904
1931
2033
2109
2174
2183
2164
2139
2096
2061
1999
1959
1991
2054
2112
2148
2131
2051
1955
1888
1863
1874
1912
1959
2008
2072
2103
2063
2006
1944
1934
1965
2023
2057
2088
2130
2169
2186
2196
2211
2225
2224
2143
2051
1982
1974
2006
2054
2132
2167
2150
2098
2009
1968
1948
1940
1956
1993
2030
2045
2070
2048
2027
2019
2006
2025
2084
2127
2127
2107
2055
2038
2057
2133
2198
2233
2225
2193
2146
2112
2127
2186
2270
2359
2397
2377
2346
2287
2255
2291
2368
2491
2583
2652
2668
2634
2563
2521
2521
2549
2619
2695
2767
2769
2762
2703
2632
2593
2595
2607
2666
2707
2760
2791
2796
2769
2729
2700
2718
2755
2774
2794
2782
2749
2697
2628
2544
2492
2460
2468
2527
2597
2639
2617
2545
2448
2352
2293
2292
2324
2360
2385
2399
2372
2321
2249
2185
2154
2161
2201
2240
2264
2252
2248
2226
2218
2175
2168
2175
2200
2263
2293
2312
2342
2366
2364
2344
2353
2383
2410
2406
2412
2447
2495
2523
2565
2589
2576
2519
2493
2449
2449
2468
2497
2528
2555
2542
2503
2450
2421
2433
2467
2510
2552
2561
2537
2486
2430
2352
2319
2305
2294
2323
2348
2369
2353
2312
2274
2221
2188
2165
2195
2190
2201
2187
2164
2127
2070
2008
1962
1971
1999
2031
2076
2104
2103
2078
2032
1982
1945
1950
1967
1995
2003
1990
1953
1906
1873
1853
1836
1849
1870
1915
1981
2008
2004
1952
1900
1865
1844
1854
1894
1963
2017
2041
2012
1965
1887
1808
1776
1781
1793
1811
1830
1812
1807
1756
1667
1617
1608
1611
1602
1609
1611
1602
1575
1537
1506
1496
1478
1488
1497
1503
1490
1452
1403
1360
1316
1302
1288
1260
1246
1238
1225
1202
1159
1130
1103
1078
1065
1055
1057
1058
1060
1078
1081
1092
1082
1085
1064
1055
1040
1044
1043
1039
1038
1044
1052
1087
1092
1093
1079
1099
1105
1107
1126
1112
1103
1090
1066
1049
1047
1067
1109
1154
1199
1219
1231
1206
1172
1144
1130
1148
1180
1238
1260
1269
1295
1324
1304
1272
1237
1204
1223
1259
1311
1383
1453
1508
1536
1536
1642
1466
1400
1374
1404
1496
1567
1634
1651
1594
1507
1443
1414
1437
1470
1504
1557
1561
1536
1438
1323
1238
1250
1344
1473
1612
1714
1758
1745
1679
1604
1539
1544
1598
1669
1729
1777
1807
1797
1758
1708
1662
1649
1676
1713
1737
1784
1765
1752
1703
1693
1718
1714
1751
1743
1713
1668
1607
1556
1589
1675
1824
1980
2064
1964
1745
1487
1384
1394
1552
1755
1933
1977
1930
1791
1612
1445
1319
1290
1404
1622
1842
1908
1834
1651
1479
1383
1379
1447
1535
1628
1689
1709
1667
1571
1458
1371
1357
1396
1464
1528
1563
1575
1523
1465
1408
1409
1447
1532
1576
1617
1653
1685
1735
1766
1793
1823
1823
1773
1719
1661
1608
1643
1710
1943
2024
2052
2048
2103
2130
2163
2220
2263
2316
2411
2535
2620
2656
2673
2672
2683
2735
2831
3009
3223
3439
3590
3665
3659
3618
3595
3603
3688
3764
3840
3887
3869
3809
3722
3683
3699
3791
3931
4088
4094
4095
4094
4094
4093
3971
3878
3836
3803
3809
3771
3694
3580
3470
3336
3190
3079
3126
3037
3028
3019
2986
2908
2790
2627
2456
2291
2175
2097
2091
2115
2115
2054
1933
1911
1870
1799
1788
1812
1788
1782
1772
1746
1695
1632
1572
1498
1444
1417
1401
1415
1432
1456
1494
1542
1578
1610
1650
1728
1830
1957
2123
2259
2262
2273
2283
2296
2328
2388
2473
2576
2683
2768
2849
2950
3038
3086
3119
3135
3148
3171
3217
3289
3387
3452
3458
3442
3369
3319
3281
3299
3328
3354
3380
3372
3332
3273
3162
3054
2979
2937
2939
2919
2880
2812
2748
2686
2655
2648
2657
2644
2635
2638
2634
2642
2660
2677
2655
2631
2617
2587
2553
2509
2465
2430
2392
2377
2400
2432
2480
2556
2631
2655
2634
2574
2514
2448
2447
2439
2448
2424
2397
2363
2287
2241
2194
2175
2187
2224
2273
2302
2317
2324
2316
2273
2240
2225
2208
2192
2131
2065
1982
1878
1811
1762
1686
1628
1587
1524
1488
1452
1392
1321
1263
1196
1141
1088
1017
960
917
877
844
826
805
788
772
747
719
670
628
589
568
547
535
515
511
496
457
447
438
432
474
524
563
601
607
603
599
591
608
659
718
788
846
908
942
947
944
921
925
926
944
966
980
987
988
967
917
890
876
876
904
931
971
981
972
939
901
872
847
826
826
839
837
877
890
920
916
922
905
913
924
902
896
869
862
843
856
872
899
921
927
960
965
983
1013
1037
1062
1081
1097
1106
1106
1122
1139
1159
1199
1217
1244
1248
1243
1270
1308
1333
1358
1396
1451
1489
1506
1519
1516
1550
1578
1627
1685
1747
1815
1859
1890
1913
1932
1964
2015
2069
2127
2178
2228
2261
2285
2308
2322
2339
2346
2349
2371
2369
2386
2405
2412
2409
2396
2394
2383
2376
2343
2339
2322
2317
2288
2276
2268
2263
2244
2265
2275
2283
2279
2283
2299
2295
2267
2268
2276
2266
2282
2284
2289
2276
2270
2273
2267
2286
2297
2305
2324
2348
2344
2371
2390
2403
2415
2433
2464
2489
2509
2531
2569
2581
2589
2609
2609
2635
2674
2703
2749
2791
2817
2844
2860
2891
2939
3000
3074
3132
3173
3208
3230
3228
3238
3245
3271
3320
3361
3397
3417
3411
3408
3415
3453
3491
3515
3542
3578
3604
3621
3630
3619
3598
3590
3615
3624
3633
3611
3579
3556
3539
3530
3536
3533
3525
3510
3481
3430
3367
3288
3223
3193
3200
3190
3206
3208
3174
3117
3054
3001
2980
2947
2939
2936
2967
3005
3022
3003
2960
2901
2883
2903
2938
2987
3032
3068
3071
3064
3062
3049
3036
3049
3096
3149
3200
3227
3211
3206
3204
3211
3235
3264
3306
3328
3347
3332
3302
3267
3215
3191
3151
3117
3101
3075
3051
3032
2980
2922
2871
2824
2778
2760
2727
2677
2667
2636
2599
2511
2449
2374
2317
2265
2232
2197
2158
2140
2105
2061
2025
1975
1921
1884
1868
1879
1920
1953
1952
1944
1912
1869
1846
1821
1830
1822
1864
1911
1923
1926
1920
1917
1919
1927
1952
1959
1990
2024
2052
2060
2068
2061
2025
1992
1971
1981
1984
2029
2042
2041
2022
2016
1969
1942
1916
1894
1883
1844
1821
1787
1758
1701
1642
1606
1572
1533
1507
1462
1429
1391
1340
1304
1267
1215
1170
1139
1118
1060
1030
996
959
929
905
897
892
866
839
820
780
748
736
702
663
631
623
603
576
582
560
553
536
526
521
507
496
510
524
543
567
603
628
644
663
687
718
735
756
783
807
837
859
920
956
1007
1037
1091
1114
1132
1152
1187
1206
1241
1264
1262
1283
1267
1270
1264
1271
1273
1291
1300
1317
1335
1359
1379
1374
1366
1375
1367
1364
1382
1405
1418
1429
1434
1421
1420
1399
1379
1375
1366
1375
1388
1412
1414
1420
1434
1439
1436
1438
1439
1436
1462
1461
1472
1523
1548
1588
1615
1630
1644
1661
1664
1679
1713
1754
1772
1784
1791
1808
1827
1830
1846
1880
1899
1922
1932
1941
1944
1940
1955
1985
2002
2048
2076
2108
2139
2180
2207
2210
2215
2240
2249
2253
2273
2330
2387
2431
2433
2390
2366
2328
2348
2355
2411
2488
2538
2559
2572
2528
2462
2401
2363
2363
2406
2467
2502
2535
2512
2456
2389
2314
2269
2244
2276
2316
2389
2423
2423
2318
2270
2232
2194
2202
2236
2304
2343
2372
2353
2327
2296
2265
2266
2247
2229
2227
2276
2232
2204
2191
2163
2129
2135
2139
2128
2113
2112
2127
2134
2153
2181
2209
2211
2227
2224
2227
2197
2192
2191
2213
2252
2280
2311
2291
2290
2269
2278
2285
2268
2251
2223
2212
2157
2126
2112
2092
2056
2056
2024
2006
1959
1910
1852
1818
1821
1836
1856
1864
1837
1800
1725
1656
1597
1568
1577
1606
1653
1702
1715
1713
1678
1633
1573
1542
1508
1511
1556
1619
1644
1656
1612
1536
1482
1438
1450
1500
1575
1663
1748
1753
1752
1716
1685
1654
1643
1697
1729
1813
1859
1857
1852
1848
1835
1818
1820
1846
1881
1894
1908
1937
1945
1941
1942
1914
1905
1907
1906
1916
1948
1996
2030
2041
2036
2012
1971
1940
1920
1918
1931
1916
1892
1860
1820
1785
1776
1766
1779
1824
1887
1939
1953
1940
1912
1873
1825
1791
1785
1814
1863
1916
1944
1979
1961
1928
1862
1800
1759
1731
1746
1767
1800
1813
1804
1776
1744
1719
1719
1724
1768
1857
1932
2013
2064
2068
2062
2059
2061
2067
2067
2077
2108
2201
2193
2205
2224
2224
2233
2215
2195
2179
2193
2295
2347
2315
2331
2414
2352
2307
2252
2197
2135
2102
2096
2080
2079
2038
1996
1969
1905
1865
1825
1801
1776
1791
1787
1796
1780
1754
1684
1624
1593
1499
1437
1430
1415
1404
1383
1354
1341
1307
1266
1244
1208
1171
1162
1154
1143
1149
1144
1166
1176
1144
1121
1105
1100
1111
1145
1199
1264
1329
1365
1378
1383
1360
1333
1311
1303
1312
1363
1428
1469
1486
1520
1508
1510
1515
1524
1553
1602
1673
1743
1811
1833
1838
1827
1825
1817
1819
1858
1896
1941
1994
2015
2031
2016
1991
1972
1971
2000
2038
2083
2107
2103
2091
2074
2060
2059
2067
2083
2135
2174
2181
2183
2172
2151
2138
2116
2124
2157
2177
2218
2268
2291
2294
2269
2243
2255
2287
2318
2370
2427
2486
2537
2571
2608
2625
2648
2678
2700
2729
2770
2801
2816
2823
2822
2803
2796
2786
2776
2811
2825
2843
2864
2901
2926
2934
2930
2918
2924
2949
2952
2958
2989
3006
3039
3053
3059
3070
3074
3079
3071
3060
3033
3012
3003
2993
2946
2926
2916
2881
2849
2823
2804
2784
2768
2759
2755
2729
2719
2689
2675
2656
2628
2621
2612
2608
2599
2600
2600
2598
2577
2544
2509
2484
2487
2463
2444
2448
2426
2419
2410
2411
2392
2398
2398
2393
2392
2408
2389
2392
2373
2348
2343
2329
2324
2332
2358
2377
2408
2431
2441
2443
2452
2461
2458
2487
2512
2541
2563
2590
2594
2604
2594
2596
2612
2627
2633
2653
2663
2672
2669
2649
2630
2624
2614
2612
2620
2613
2631
2633
2628
2599
2591
2564
2566
2578
2601
2624
2636
2656
2672
2689
2679
2648
2616
2591
2594
2599
2616
2629
2621
2609
2588
2559
2525
2500
2476
2478
2484
2499
2503
2491
2470
2447
2421
2413
2407
2434
2451
2464
2475
2478
2470
2480
2467
2487
2493
2524
2542
2536
2527
2522
2491
2472
2449
2428
2410
2399
2369
2374
2352
2328
2294
2259
2228
2189
2168
2148
2140
2110
2103
2084
2076
2068
2042
2013
2003
2003
2006
1990
1976
1950
1929
1927
1895
1855
1857
1857
1827
1799
1769
1737
1714
1687
1641
1614
1595
1575
1545
1502
1484
1472
1461
1438
1396
1417
1413
1408
1405
1392
1377
1368
1347
1347
1344
1351
1362
1375
1405
1405
1397
1415
1412
1405
1397
1406
1416
1405
1411
1395
1388
1373
1359
1377
1376
1398
1411
1423
1437
1434
1443
1415
1420
1404
1395
1420
1449
1468
1477
1481
1478
1458
1441
1454
1463
1482
1519
1528
1553
1549
1526
1504
1465
1468
1464
1454
1455
1459
1453
1443
1440
1412
1379
1366
1356
1345
1342
1346
1342
1366
1356
1351
1321
1311
1304
1281
1275
1279
1291
1285
1281
1273
1264
1271
1261
1268
1288
1283
1288
1283
1286
1279
1264
1289
1292
1300
1326
1354
1384
1411
1429
1436
1438
1436
1445
1475
1498
1529
1543
1582
1610
1628
1640
1660
1665
1695
1733
1754
1763
1796
1809
1811
1827
1823
1836
1851
1852
1865
1879
1895
1892
1889
1876
1884
1869
1870
1885
1909
1924
1940
1972
1979
1996
2008
2043
2070
2087
2096
2121
2143
2152
2167
2182
2211
2262
2309
2331
2358
2373
2390
2401
2418
2447
2468
2500
2541
2579
2619
2649
2663
2681
2689
2719
2749
2789
2825
2867
2908
2944
2944
2967
2979
2994
2996
2997
3014
3028
3036
3036
3030
3039
3009
2985
2951
2936
2919
2928
2930
2931
2907
2891
2862
2848
2832
2824
2807
2804
2802
2790
2775
2756
2735
2718
2695
2672
2668
2668
2656
2647
2634
2612
2590
2562
2544
2538
2526
2513
2478
2455
2436
2404
2387
2347
2329
2311
2306
2298
2305
2287
2266
2256
2255
2254
2225
2205
2216
2221
2232
2228
2231
2219
2201
2201
2196
2188
2182
2187
2188
2159
2156
2140
2111
2093
2075
2072
2051
2025
2006
1981
1949
1912
1880
1841
1817
1822
1824
1831
1809
1788
1780
1759
1733
1712
1692
1690
1678
1674
1662
1630
1599
1566
1537
1528
1492
1471
1461
1447
1430
1416
1402
1372
1334
1313
1275
1265
1246
1259
1245
1260
1243
1223
1203
1183
1193
1202
1208
1221
1235
1231
1219
1212
1207
1207
1209
1228
1248
1253
1265
1252
1240
1226
1203
1204
1204
1216
1219
1226
1231
1239
1231
1216
1222
1224
1221
1239
1241
1243
1253
1263
1279
1289
1304
1307
1309
1318
1333
1364
1376
1387
1376
1388
1386
1356
1339
1338
1351
1360
1366
1380
1386
1392
1381
1388
1389
1388
1393
1402
1420
1427
1462
1467
1474
1468
1475
1456
1471
1472
1473
1480
1497
1507
1523
1537
1517
1528
1518
1511
1510
1525
1547
1554
1577
1607
1612
1615
1607
1592
1588
1592
1632
1692
1768
1843
1886
1894
1894
1859
1848
1828
1846
1888
1970
2077
2167
2222
2243
2220
2168
2112
2074
2108
2211
2351
2442
2502
2484
2435
2345
2272
2193
2193
2263
2354
2445
2539
2540
2461
2344
2222
2140
2140
2195
2308
2435
2548
2567
2518
2423
2299
2227
2184
2348
2350
2423
2504
2568
2544
2497
2405
2316
2273
2281
2323
2380
2428
2486
2503
2486
2448
2398
2362
2342
2354
2411
2452
2504
2516
2498
2472
2425
2396
2408
2419
2454
2491
2543
2535
2531
2504
2478
2465
2450
2455
2478
2531
2575
2597
2585
2545
2499
2470
2461
2468
2507
2562
2595
2622
2599
2561
2475
2412
2350
2339
2371
2437
2527
2612
2655
2638
2567
2476
2387
2332
2328
2381
2467
2540
2582
2590
2549
2478
2424
2378
2371
2378
2415
2457
2490
2508
2491
2451
2396
2345
2319
2308
2310
2314
2361
2394
2409
2409
2382
2355
2328
2303
2300
2294
2309
2316
2339
2345
2337
2312
2301
2283
2217
2201
2186
2169
2169
2169
2257
2163
2135
2165
2120
2088
2060
2020
1987
1975
1942
1923
1936
1923
1902
1897
1875
1868
1817
1803
1763
1747
1764
1763
1752
1753
1743
1718
1681
1640
1615
1577
1577
1579
1576
1574
1580
1559
1539
1525
1506
1482
1454
1438
1457
1463
1462
1456
1457
1443
1435
1433
1410
1404
1405
1408
1422
1447
1461
1480
1475
1467
1468
1460
1468
1479
1473
1472
1455
1462
1475
1503
1523
1533
1532
1532
1512
1513
1504
1507
1528
1547
1577
1618
1639
1646
1650
1632
1637
1621
1632
1635
1668
1709
1759
1782
1798
1799
1809
1785
1753
1772
1790
1828
1883
1902
1915
1921
1920
1993
1937
1899
1897
1923
1951
1980
2001
1997
1977
1985
1973
1976
1976
2002
2023
2110
2202
2225
2138
2179
2160
2104
2092
2104
2114
2122
2140
2173
2177
2178
2170
2156
2147
2150
2184
2175
2187
2188
2204
2214
2200
2208
2225
2232
2240
2272
2276
2280
2284
2286
2286
2286
2287
2288
2286
2296
2313
2368
2319
2307
2296
2288
2270
2270
2268
2272
2284
2289
2320
2327
2326
2319
2290
2276
2268
2246
2265
2268
2274
2279
2293
2282
2279
2284
2271
2256
2277
2295
2312
2337
2344
2358
2358
2371
2369
2364
2347
2353
2359
2361
2384
2390
2387
2398
2405
2408
2415
2407
2406
2390
2383
2388
2404
2412
2422
2428
2419
2435
2436
2428
2429
2443
2456
2463
2467
2466
2482
2490
2490
2486
2466
2474
2468
2483
2490
2494
2473
2457
2435
2418
2408
2394
2387
2382
2398
2398
2399
2401
2377
2371
2370
2359
2348
2362
2356
2374
2383
2387
2398
2383
2372
2368
2367
2369
2353
2336
2328
2335
2335
2321
2297
2294
2286
2294
2297
2280
2276
2268
2270
2270
2267
2246
2227
2218
2192
2184
2179
2172
2179
2170
2183
2187
2179
2155
2153
2163
2137
2123
2120
2122
2123
2129
2131
2117
2091
2068
2060
2033
2020
2026
2017
2003
2004
2003
1977
1944
1919
1885
1871
1884
1871
1879
1875
1902
1888
1863
1854
1831
1824
1812
1807
1813
1829
1828
1820
1798
1764
1734
1717
1715
1710
1703
1706
1712
1701
1688
1655
1647
1631
1630
1621
1617
1632
1654
1648
1641
1635
1628
1619
1617
1627
1641
1644
1654
1652
1656
1663
1653
1660
1660
1683
1682
1707
1707
1708
1733
1734
1731
1744
1743
1728
1740
1738
1743
1741
1760
1774
1779
1784
1783
1787
1787
1787
1796
1788
1783
1796
1819
1831
1838
1869
1885
1877
1883
1878
1867
1875
1894
1892
1889
1892
1904
1914
1916
1919
1920
1905
1891
1899
1910
1912
1927
1936
1923
1936
1922
1920
1920
1922
1946
1971
1994
2014
2012
1991
2000
1996
2004
1999
2015
2032
2047
2054
2052
2057
2035
2020
2023
2035
2046
2054
2063
2077
2079
2068
2052
2055
2055
2044
2033
2043
2043
2051
2054
2055
2049
2049
2054
2042
2036
2070
2071
2088
2112
2138
2132
2124
2136
2137
2112
2119
2140
2142
2166
2193
2211
2205
2195
2183
2201
2209
2230
2240
2265
2281
2304
2318
2303
2300
2292
2304
2303
2310
2329
2337
2348
2346
2339
2337
2339
2335
2315
2321
2323
2320
2317
2325
2326
2326
2313
2300
2275
2268
2240
2226
2207
2205
2208
2204
2196
2210
2195
2174
2143
2124
2110
2081
2083
2083
2106
2112
2096
2075
2066
2056
2036
2019
2020
2022
2031
2032
2031
2024
2004
1978
1963
1951
1940
1951
1954
1968
1973
1973
1957
1950
1946
1948
1939
1932
1945
1945
1957
1953
1949
1947
1944
1921
1928
1921
1926
1940
1951
1944
1959
1948
1952
1942
1936
1924
1908
1913
1917
1904
1901
1890
1875
1883
1865
1855
1846
1852
1864
1883
1883
1880
1887
1875
1864
1864
1875
1879
1884
1895
1912
1904
1893
1891
1872
1868
1860
1878
1873
1886
1891
1895
1888
1897
1895
1895
1905
1902
1904
1927
1941
1945
1952
1954
1960
1930
1944
1944
1958
1967
1973
1958
1968
1978
1981
1981
1972
1962
1967
1966
1958
1942
1944
1928
1913
1892
1885
1894
1867
1869
1848
1847
1822
1809
1798
1791
1808
1807
1830
1830
1850
1833
1800
1776
1763
1750
1739
1738
1741
1760
1776
1769
1784
1776
1766
1749
1731
1735
1750
1761
1765
1763
1750
1744
1740
1724
1699
1715
1723
1724
1735
1733
1742
1737
1733
1731
1724
1727
1732
1748
1757
1750
1741
1707
1700
1685
1684
1683
1687
1703
1704
1704
1705
1703
1692
1693
1672
1678
1692
1694
1707
1711
1699
1715
1694
1678
1651
1631
1619
1632
1652
1685
1690
1679
1654
1616
1619
1612
1629
1662
1682
1705
1690
1691
1692
1687
1687
1727
1716
1759
1763
1753
1731
1740
1743
1760
1780
1814
1845
1859
1851
1838
1836
1827
1831
1839
1844
1851
1833
1846
1823
1816
1824
1817
1843
1864
1888
1908
1901
1914
1891
1882
1874
1866
1893
1919
1935
1974
1980
1971
1972
1969
1952
1952
1967
1950
1973
1993
1999
2010
2008
2023
1994
1975
1984
2000
2014
2020
2021
2035
2039
2071
2070
2080
2112
2100
2108
2110
2128
2145
2158
2168
2179
2179
2151
2132
2147
2175
2185
2198
2192
2192
2198
2191
2194
2199
2201
2222
2210
2200
2203
2228
2197
2194
2186
2191
2195
2208
2202
2199
2180
2174
2176
2160
2159
2165
2157
2171
2166
2154
2144
2107
2116
2110
2099
2083
2084
2096
2091
2092
2093
2085
2077
2080
2093
2081
2097
2101
2096
2096
2102
2110
2114
2107
2116
2118
2134
2165
2162
2177
2203
2195
2177
2173
2156
2154
2167
2184
2197
2209
2226
2236
2242
2234
2223
2210
2207
2187
2176
2176
2179
2172
2175
2191
2253
2210
2186
2173
2166
2174
2176
2177
2187
2205
2257
2321
2349
2289
2312
2229
2209
2214
2204
2223
2212
2207
2207
2212
2209
2216
2228
2223
2185
2193
2191
2195
2198
2183
2199
2201
2205
2197
2201
2196
2183
2178
2181
2213
2212
2209
2207
2200
2203
2186
2192
2179
2182
2273
2320
2215
2191
2172
2147
2119
2099
2080
2089
2086
2080
2078
2066
2053
2034
2029
2004
2008
1984
1973
1979
1987
1987
1994
1993
1976
1970
1981
1977
1974
1958
1941
1922
1908
1889
1873
1859
1856
1857
1840
1836
1848
1845
1846
1839
1837
1828
1829
1847
1847
1854
1861
1859
1865
1857
1849
1839
1852
1880
1898
1913
1916
1924
1929
1889
1894
1891
1884
1868
1901
1920
1928
1944
1933
1924
1920
1909
1921
1913
1929
1935
1951
1965
1970
1964
1977
1980
1980
2000
2029
2050
2067
2058
2073
2070
2083
2189
2158
2140
2149
2169
2194
2209
2202
2211
2220
2211
2220
2212
2219
2231
2241
2262
2271
2263
2259
2252
2240
2229
2215
2234
2249
2242
2235
2250
2237
2258
2265
2257
2255
2253
2273
2265
2268
2275
2273
2251
2239
2251
2246
2244
2259
2257
2264
2263
2246
2223
2216
2236
2231
2236
2247
2246
2250
2252
2254
2249
2266
2263
2275
2273
2280
2286
2288
2281
2276
2270
2276
2277
2282
2278
2285
2284
2296
2300
2307
2299
2296
2294
2292
2287
2291
2313
2304
2292
2296
2292
2302
2307
2319
2336
2349
2348
2353
2335
2329
2343
2341
2359
2369
2381
2382
2400
2421
2423
2425
2425
2408
2407
2416
2428
2438
2434
2442
2431
2417
2401
2393
2390
2407
2402
2408
2403
2403
2399
2403
2379
2376
2371
2386
2391
2400
2424
2416
2403
2418
2408
2400
2393
2400
2401
2400
2395
2385
2393
2408
2409
2392
2387
2390
2381
2365
2366
2352
2348
2347
2352
2340
2349
2353
2353
2343
2336
2335
2320
2308
2316
2320
2312
2299
2291
2290
2266
2237
2227
2200
2202
2199
2192
2193
2207
2195
2179
2142
2115
2084
2078
2076
2071
2068
2064
2054
2035
2018
1986
1959
1939
1918
1926
1929
1921
1917
1910
1895
1884
1876
1862
1851
1853
1860
1864
1873
1858
1861
1848
1823
1800
1783
1787
1776
1768
1778
1785
1763
1758
1751
1747
1739
1714
1713
1723
1720
1729
1725
1720
1706
1689
1679
1648
1644
1640
1633
1624
1636
1632
1628
1623
1595
1587
1601
1599
1608
1617
1604
1606
1608
1607
1596
1583
1577
1576
1578
1587
1593
1593
1595
1585
1579
1555
1568
1567
1584
1602
1597
1600
1615
1607
1615
1596
1584
1598
1600
1603
1598
1618
1615
1617
1619
1612
1606
1592
1588
1582
1562
1565
1574
1568
1559
1570
1566
1575
1542
1536
1540
1543
1553
1566
1558
1590
1574
1571
1555
1558
1555
1536
1542
1540
1532
1551
1543
1538
1530
1521
1518
1517
1516
1523
1521
1526
1542
1552
1544
1554
1561
1572
1590
1579
1573
1580
1591
1609
1610
1622
1627
1644
1652
1660
1660
1656
1661
1667
1683
1687
1692
1699
1698
1708
1708
1713
1732
1732
1732
1740
1738
1753
1756
1754
1785
1806
1820
1821
1815
1799
1803
1807
1822
1839
1856
1875
1887
1880
1862
1885
1882
1881
1868
1872
1876
1895
1884
1870
1870
1874
1880
1893
1894
1895
1877
1890
1911
1908
1915
1932
1929
1929
1923
1936
1960
1978
1974
1958
1980
1996
1985
2000
2008
2008
1999
1998
1991
1999
2012
2011
2005
2015
2008
2005
2008
2006
2004
2004
2006
2019
2036
2036
2035
2040
2048
2056
2061
2070
2072
2084
2086
2093
2096
2105
2117
2125
2113
2133
2129
2120
2132
2141
2159
2158
2151
2133
2135
2126
2126
2113
2111
2119
2132
2148
2153
2153
2159
2150
2146
2140
2138
2141
2149
2161
2179
2189
2196
2183
2166
2145
2132
2102
2134
2140
2150
2152
2180
2170
2151
2119
2115
2102
2102
2125
2123
2134
2113
2087
2072
2048
2038
2038
2042
2052
2063
2060
2047
2048
2029
2009
1985
1978
1998
2000
2011
2008
2017
2004
1989
1992
1969
1958
1937
1927
1924
1920
1920
1912
1891
1883
1877
1883
1886
1891
1911
1922
1939
1945
1935
1937
1948
1962
1966
1977
1971
1996
1993
2003
1992
1980
1998
2003
2010
2015
2009
2028
2049
2056
2052
2053
2046
2040
2053
2055
2086
2101
2105
2103
2112
2100
2083
2064
2082
2082
2074
2095
2115
2131
2133
2131
2121
2122
2112
2116
2120
2111
2131
2136
2156
2163
2174
2169
2156
2152
2153
2147
2136
2147
2155
2169
2186
2182
2190
2177
2168
2163
2164
2168
2189
2211
2221
2224
2240
2227
2237
2243
2247
2235
2234
2233
2238
2243
2234
2230
2219
2227
2227
2209
2232
2216
2218
2212
2215
2233
2243
2245
2222
2218
2202
2210
2205
2211
2198
2219
2216
2207
2210
2188
2195
2179
2174
2180
2183
2185
2172
2181
2187
2202
2189
2200
2174
2178
2169
2169
2174
2173
2176
2186
2194
2189
2182
2173
2175
2152
2163
2177
2183
2165
2151
2165
2155
2140
2126
2120
2114
2146
2169
2166
2177
2182
2180
2166
2154
2151
2140
2141
2151
2150
2140
2129
2127
2128
2118
2100
2095
2089
2087
2093
2086
2060
2067
2048
2047
2051
2037
2029
2047
2063
2085
2080
2079
2063
2058
2044
2053
2043
2066
2074
2077
2071
2070
2043
2031
2023
2008
1995
2004
2009
2017
1988
1983
1976
1960
1973
1959
1950
1960
1967
1962
1948
1944
1935
1932
1928
