2050
2050
2059
2078
2083
2083
2092
2081
2066
2085
2075
2067
2063
2072
2073
2091
2107
2084
2079
2064
2064
2057
2062
2068
2064
2068
2087
2078
2061
2061
2053
2030
2031
2025
2037
2048
2052
2059
2049
2048
2032
2005
1992
2005
2019
2042
2067
2077
2068
2067
2063
2042
2040
2035
2031
2051
2077
2092
2094
2088
2094
2072
2074
2077
2073
2067
2060
2083
2081
2077
2071
2080
2084
2078
2073
2089
2083
2078
2086
2094
2092
2092
2083
2078
2076
2084
2082
2087
2078
2061
2059
2059
2053
2067
2070
2067
2072
2070
2076
2074
2052
2035
2032
2046
2048
2045
2044
2051
2050
2043
2033
2017
2008
2008
2006
2022
2028
2014
2017
2008
2001
1986
1984
1976
1975
1981
1980
1974
1974
1964
1950
1938
1931
1949
1951
1948
1939
1948
1950
1935
1917
1915
1915
1932
1927
1929
1952
1943
1935
1908
1895
1897
1911
1935
1945
1962
1960
1952
1947
1911
1895
1905
1913
1920
1932
1953
1972
1979
1962
1948
1938
1918
1927
1935
1951
1969
1995
2010
2003
1993
1966
1964
1955
1944
1965
1970
1984
1993
1989
1998
1971
1967
1965
1960
1957
1963
1961
1969
1964
1968
1975
1971
1976
1966
1970
1972
1976
1973
1959
1981
1985
1986
1969
1958
1974
1977
1979
1980
1991
1978
1987
1986
1988
2002
2016
2019
2012
2002
1981
1991
1993
1984
1999
2007
2022
2037
2036
2032
2024
2018
2020
2020
2017
2015
2026
2031
2036
2043
2048
2042
2047
2033
2028
2009
2007
2029
2036
2039
2035
2046
2044
2040
2035
2044
2063
2046
2027
2028
2035
2034
2033
2019
2022
2036
2022
2032
2022
2035
2042
2044
2039
2026
2016
2013
2010
2028
2036
2048
2053
2050
2027
2047
2048
2028
2041
2050
2048
2043
2048
2035
2037
2038
2035
2030
2024
2038
2023
2007
2023
2047
2021
2011
2016
2026
2015
2025
2016
2021
2032
2027
2014
2016
2009
2006
2008
2001
2001
1992
2008
2004
2022
2011
2016
2011
2024
2008
2009
1992
2005
2003
1990
2012
2005
2010
2010
2001
1999
1980
1976
1960
1970
1973
1979
1992
1998
2012
2006
2006
1996
1970
1966
1948
1945
1960
1976
1987
1991
2006
1998
1980
1976
1966
1957
1974
1979
2012
2021
2019
2019
2016
2002
1999
1984
1992
1998
2009
2031
2047
2055
2042
2023
2010
2009
2014
2011
2023
2042
2051
2066
2076
2072
2063
2064
2054
2054
2042
2047
2052
2075
2072
2084
2060
2047
2050
2056
2062
2051
2052
2048
2055
2062
2061
2063
2060
2063
2064
2045
2059
2064
2068
2050
2038
2035
2035
2048
2044
2043
2048
2049
2058
2057
2058
2056
2040
2048
2062
2074
2053
2056
2053
2062
2066
2063
2067
2075
2088
2092
2073
2073
2051
2040
2038
2059
2054
2047
2056
2054
2062
2058
2055
2049
2055
2059
2056
2054
2073
2072
2069
2068
2050
2046
2039
2024
2037
2042
2060
2041
2058
2048
2047
2032
2036
2036
2024
2033
2025
2034
2051
2051
2059
2043
2042
2031
2017
2032
2032
2030
2031
2045
2068
2058
2039
2046
2037
2043
2052
2064
2045
1993
1963
1954
2008
2068
2141
2185
2217
2230
2187
2124
2033
1955
1938
1991
2054
2121
2151
2130
2027
1874
1747
1700
1720
1826
2012
2234
2422
2466
2409
2278
2052
1908
1795
1830
1955
2137
2315
2446
2486
2384
2222
2012
1807
1668
1590
1656
1831
2029
2182
2256
2243
2277
2246
2238
2165
2078
2111
2180
2288
2290
2264
2112
1947
1884
1968
2162
2528
2620
2667
2572
2360
2074
1834
1691
1744
1886
2101
2255
2293
2286
2177
2023
1882
1820
1896
2043
2206
2283
2305
2268
2145
2008
1843
1710
1742
1878
2120
2271
2255
2115
1869
1621
1376
1257
1317
1529
1748
1877
1864
1734
1596
1489
1449
1506
1613
1737
1851
1960
2105
2231
2321
2338
2300
2268
2304
2388
2447
2444
2366
2224
2029
1816
1603
1481
1466
1589
1800
1994
2124
2137
2039
1862
1657
1524
1453
1452
1556
1756
1953
2130
2208
2160
2061
1955
1888
1906
1990
2151
2299
2401
2406
2316
2174
1998
1870
1860
1964
2165
2368
2526
2544
2427
2236
2038
1846
1685
1618
1691
1874
2097
2269
2312
2214
1985
1745
1529
1400
1400
1455
1594
1935
1969
2044
2054
2056
1945
1863
1870
1948
2049
2176
2296
2407
2516
2561
2534
2466
2403
2392
2418
2419
2422
2422
2394
2329
2212
2079
1959
1855
1777
1726
1713
1729
1763
1835
1888
1964
2036
2083
2079
2042
2016
2016
2040
2039
2024
2002
1979
1955
1927
1888
1852
1818
1811
1854
1898
1947
1976
2071
1989
1953
1929
1927
1925
1916
1916
1903
1907
1915
1899
1880
1875
1883
1909
2015
2120
2160
2190
2193
2108
2030
1984
1967
1972
2006
2021
2043
2042
2047
2045
2034
1982
1905
1838
1810
1825
1847
1886
1910
1920
1885
1829
1902
1785
1750
1757
1825
1933
2074
2166
2181
2107
2001
1895
1840
1807
1807
1849
1933
1999
2023
1988
1910
1804
1742
1752
1810
1923
2054
2139
2167
2126
2027
1879
1744
1649
1614
1684
1790
1920
2028
2123
2139
2109
2037
1987
1971
2000
2054
2118
2175
2209
2191
2145
2095
2041
2031
2047
2088
2142
2177
2171
2167
2128
2090
2033
2019
2042
2092
2183
2246
2281
2283
2246
2180
2087
2020
1967
1934
1964
2008
2055
2058
2038
2016
1961
1904
1875
1854
1874
1902
1945
1974
1968
1946
1910
1861
1859
1913
1984
2072
2095
2100
2047
1944
1823
1715
1655
1653
1726
1833
1968
2113
2211
2229
2185
2139
2071
2053
2074
2131
2198
2236
2265
2211
2127
2012
1964
1913
1918
1963
2007
2048
2067
2045
1997
1913
1834
1802
1833
1901
2001
2110
2177
2188
2157
2137
2067
2035
2038
2066
2118
2184
2231
2261
2255
2211
2136
2057
1999
1976
1978
2012
2047
2071
2079
2078
2041
1999
1964
1929
1943
1988
2047
2112
2131
2115
2078
2006
1941
1902
1912
1947
1997
2028
2060
2083
2097
2068
2003
1963
1943
1980
2017
2068
2100
2093
2090
2054
2020
1981
1948
1923
1918
1920
1947
1951
1920
1891
1854
1831
1801
1791
1827
1880
1956
2005
2032
2049
2051
2013
1978
1969
1961
1995
2036
2069
2075
2041
1989
1916
1859
1831
1804
1802
1826
1855
1907
1925
1912
1901
1869
1855
1843
1878
1957
2033
2110
2144
2151
2131
2106
2053
2020
2002
2004
2017
2040
2050
2055
2080
2062
2050
2030
2020
2034
2049
2057
2055
2034
2003
1984
1951
1898
1867
1867
1873
1916
1941
1987
2025
2042
2051
2064
2061
2040
2071
2112
2156
2190
2228
2250
2252
2247
2211
2191
2186
2188
2209
2228
2243
2259
2255
2213
2168
2129
2088
2032
2009
1978
1972
1974
1971
1976
1972
1962
1966
1971
2002
2027
2048
2057
2087
2111
2127
2137
2122
2116
2112
2115
2100
2087
2099
2099
2097
2103
2104
2096
2096
2096
2063
2030
1988
1966
1956
1933
1905
1882
1879
1869
1871
1856
1852
1864
1854
1849
1835
1838
1860
1884
1898
1936
1978
2030
2076
2099
2119
2128
2113
2111
2098
2124
2140
2136
2120
2092
2060
2006
1967
1944
1923
1914
1918
1917
1914
1897
1873
1846
1841
1851
1867
1915
1968
2024
2060
2073
2081
2071
2046
2004
1990
1987
2016
2069
2082
2106
2119
2113
2104
2086
2056
2043
2042
2077
2107
2130
2140
2130
2109
2090
2064
2055
2063
2071
2106
2131
2145
2148
2149
2132
2118
2117
2108
2113
2127
2147
2171
2146
2117
2078
2038
2024
1979
1955
1960
1936
1936
1917
1879
1871
1885
1868
1894
1901
1921
1947
1984
2016
2045
2075
2094
2120
2135
2136
2140
2147
2140
2111
2097
2088
2058
2047
2025
2022
2015
1976
1951
1924
1919
1907
1902
1928
1968
1993
1991
1999
2002
2012
2027
2052
2070
2096
2115
2142
2167
2186
2179
2172
2175
2172
2185
2206
2232
2241
2238
2228
2182
2144
2108
2076
2068
2071
2082
2087
2063
2051
2060
2041
2011
1988
1988
2009
2014
2034
2040
2053
2051
2038
2022
2008
1992
1984
1988
2000
2003
2015
2026
2009
2012
2011
1979
1972
1972
1974
1991
1978
1999
2000
2000
1988
1985
1991
2007
2001
1998
2028
2054
2082
2077
2091
2108
2107
2092
2084
2062
2063
2063
2063
2062
2084
2089
2081
2072
2056
2044
2022
2021
2031
2044
2047
2070
2056
2048
2035
2036
1996
1991
1998
2004
2017
2016
2031
2025
2016
2003
1998
1997
2006
2018
2033
2056
2066
2054
2043
2032
2025
2010
1999
1999
1990
2012
2025
2033
2030
2016
2008
2019
2026
2031
2012
2010
2025
2027
2000
1984
1963
1946
1920
1905
1895
1904
1919
1912
1928
1918
1916
1894
1871
1852
1856
1889
1895
1926
1927
1936
1934
1930
1912
1891
1886
1866
1857
1878
1893
1894
1899
1891
1892
1896
1889
1884
1890
1886
1904
1903
1883
1864
1847
1825
1815
1815
1830
1838
1859
1870
1870
1868
1877
1883
1901
1909
1944
1969
2000
1995
1986
1979
1982
1953
1950
1962
1962
1983
1991
2000
2001
1976
1975
1980
2001
2033
2046
2059
2074
2078
2067
2052
2036
2004
1985
1967
1987
2016
2037
2044
2058
2071
2061
2052
2032
2028
2032
2032
2048
2054
2083
2068
2053
2044
2046
2033
2030
2034
2032
2035
2028
2028
2022
2031
2036
2047
2052
2049
2051
2049
2050
2045
2050
2047
2079
2091
2094
2096
2078
2062
2054
2048
2017
2004
2019
2026
2020
2032
2011
1993
1971
1960
1973
1975
1995
2006
2038
2072
2068
2063
2071
2075
2090
2106
2134
2136
2164
2160
2155
2126
2114
2100
2087
2087
2084
2094
2096
2124
2059
2031
2008
2003
1992
2001
2032
2041
2132
2178
2158
2104
2124
2039
2025
2028
2054
2065
2066
2060
2055
2037
2028
2035
2047
2072
2103
2109
2117
2110
2100
2099
2081
2097
2096
2082
2105
2148
2104
2063
2062
2064
2043
2046
2051
2060
2057
2054
2062
2051
2065
2061
2043
2036
2036
2029
2017
2026
2013
2003
1996
1984
1984
1994
2003
2024
2024
2016
2003
1992
1969
1987
1995
2003
2012
2020
2038
2053
2030
2028
1998
1976
1977
1995
2019
2048
2065
2062
2067
2059
2061
2056
2037
2048
2052
2053
2041
2067
2065
2068
2054
2035
2038
2025
2034
2039
2044
2054
2026
2018
2012
1985
1979
1951
1948
1945
1956
1964
1986
1992
1977
1974
1950
1946
1952
1953
1970
1996
2004
2011
2012
1996
1991
1976
1977
1963
1961
1948
1959
1968
1963
1954
1949
1939
1939
1950
1952
1963
1988
1998
1981
1974
1964
1956
1954
1948
1944
1967
1964
1958
1966
1958
1956
1941
1932
1927
1932
1938
1941
1960
1965
1980
1971
1970
1968
1955
1941
1958
1956
1938
1941
1939
1930
1918
1922
1911
1922
1918
1934
1954
1937
1932
1919
1916
1882
1892
1900
1921
1940
1942
1969
1968
1983
1969
1956
1958
1955
1956
1962
1993
2009
2019
2028
2022
2003
1999
2000
2001
1994
2029
2057
2067
2057
2057
2062
2064
2070
2060
2052
2067
2059
2070
2084
2081
2080
2088
2083
2071
2082
2079
2086
2110
2119
2129
2128
2135
2148
2142
2150
2162
2157
2155
2144
2122
2112
2110
2111
2117
2122
2114
2099
2110
2106
2113
2111
2121
2116
2121
2121
2118
2117
2136
2155
2127
2126
2115
2089
2086
2098
2078
2064
2046
2025
2002
1999
1971
1960
1972
1987
1965
1980
1991
1995
1986
1978
1981
1993
1999
2021
2030
2027
2026
2035
2045
2043
2032
2038
2049
2048
2069
2067
2060
2067
2072
2072
2053
2046
2044
2043
2070
2061
2054
2047
2046
2039
2034
2056
2052
2062
2072
2092
2070
2072
2075
2068
2080
2080
2090
2099
2104
2101
2100
2105
2112
2120
2113
2113
2128
2132
2144
2132
2128
2127
2112
2110
2111
2119
2121
2114
2123
2106
2075
2050
2030
2025
2024
2035
2077
2111
2140
2122
2112
2102
2071
2054
2044
2054
2079
2092
2094
2081
2074
2044
2010
1961
1950
1956
1978
2012
2040
2039
2029
1999
1953
1917
1899
1900
1919
1971
2008
2031
2022
1991
1961
1935
1925
1921
1943
1980
2013
2009
1986
1968
1951
1944
1944
1965
1970
2004
2028
2044
2029
2008
1984
1984
1979
2004
2026
2054
2063
2063
2068
2057
2048
2023
2014
2007
2012
2007
1985
1990
1985
1969
1952
1930
1899
1907
1924
1932
1940
1947
1945
1927
1915
1906
1908
1915
1921
1918
1926
1931
1930
1910
1881
1840
1812
1799
1804
1807
1820
1844
1856
1849
1837
1822
1788
1767
1778
1787
1821
1856
1898
1927
1913
1895
1855
1828
1817
1818
1839
1873
1904
1912
1926
1915
1891
1876
1839
1828
1838
1856
1887
1907
1922
1913
1907
1880
1858
1851
1848
1855
1880
1892
1914
1918
1911
1900
1905
1901
1910
1905
1909
1927
1926
1934
1931
1944
1952
1958
1943
1932
1936
1951
1939
1952
1953
1974
1958
1955
1962
1983
1992
1997
1989
1992
1993
2011
2025
2033
2048
2072
2095
2093
2093
2096
2080
2074
2092
2105
2118
2135
2131
2113
2127
2105
2097
2098
2085
2097
2091
2092
2096
2087
2103
2114
2115
2104
2107
2116
2132
2127
2128
2146
2144
2142
2114
2113
2115
2108
2114
2118
2127
2119
2101
2077
2055
2035
2051
2070
2064
2070
2067
2057
2036
2039
2015
2001
1982
1992
2020
2037
2039
2057
2050
2035
2023
2008
1983
1976
1984
1999
2019
2030
2003
1981
1957
1941
1940
1948
1934
1941
1953
1971
1969
1976
1972
1959
1963
1964
1991
2011
2041
2040
2040
2048
2032
2015
2022
2023
2023
2034
2050
2055
2063
2061
2060
2055
2059
2060
2067
2062
2065
2079
2087
2074
2070
2053
2029
2037
2032
2054
2064
2076
2078
2075
2078
2063
2058
2056
2069
2079
2089
2106
2112
2118
2108
2091
2072
2067
2070
2081
2092
2096
2094
2088
2096
2092
2076
2065
2048
2047
2058
2066
2064
2077
2084
2068
2067
2044
2023
2011
2020
2032
2052
2062
2073
2071
2075
2067
2060
2079
2079
2099
2133
2118
2130
2115
2103
2099
2090
2077
2058
2049
2045
2048
2061
2072
2074
2060
2052
2036
2022
2046
2053
2055
2075
2068
2087
2105
2099
2087
2060
2046
2053
2054
2062
2083
2094
2105
2105
2087
2092
2055
2040
2050
2053
2055
2064
2072
2084
2080
2051
2036
2028
2035
2040
2038
2063
2061
2063
2050
2046
2032
2031
2008
2025
2024
2022
2010
2016
2010
2009
2027
2015
2013
2008
2007
2011
2010
2032
2021
2036
2047
2053
2028
2033
2043
2033
2016
2008
2003
1982
1968
1983
1990
2013
1992
2004
2004
1981
1979
1985
2000
2006
2016
2024
2024
2028
2026
2011
1991
1988
1991
2007
2012
2029
2023
2023
2018
2045
2100
2043
2017
2009
1996
2000
2001
1999
2015
2023
2029
2023
2025
2043
2049
2038
2041
2025
2032
2020
2008
2013
2016
2021
2021
2031
2023
2034
2041
2033
2014
2026
2023
2014
2028
2024
2044
2043
2042
2036
2035
2030
2025
2026
2039
2050
2057
2067
2067
2049
2028
2009
2016
2009
2005
2022
2032
2047
2052
2046
2042
2043
2047
2042
2046
2074
2084
2086
2079
2084
2071
2062
2061
2055
2043
2044
2032
2030
2030
2022
2026
2023
2038
2053
2047
2047
2023
2031
2027
2008
2006
2009
2008
2019
2045
2043
2028
1999
1989
1960
1934
1947
1945
1944
1951
1960
1964
1961
1930
1931
1923
1939
1943
1925
1932
1947
1938
1935
1963
2015
1944
1912
1933
1940
1937
1951
1963
1963
1953
1945
1947
1952
1948
1948
1971
1993
2011
2023
2036
2033
2035
2031
2031
2032
2035
2051
2071
2076
2068
2062
2068
2070
2066
2054
2064
2071
2057
2072
2052
2041
2023
2029
2027
2028
2014
2035
2022
2009
2004
1991
1991
1986
1974
1958
1968
1945
1945
1948
1937
1923
1936
1915
1921
1918
1902
1907
1907
1902
1892
1919
1895
1909
1907
1905
1932
1927
1945
1934
1960
2051
1986
1984
1990
2008
2009
2021
2039
2059
2061
2071
2039
2028
2033
2025
2035
2060
2148
2187
2126
2126
2159
2089
2058
2056
2055
2052
2044
2073
2093
2088
2085
2081
2080
2078
2080
2092
2103
2090
2105
2115
2104
2119
2125
2131
2137
2133
2128
2129
2104
2086
2083
2083
2067
2067
2063
2049
2028
2034
2005
2022
2036
2043
2042
2044
2044
2036
2031
2025
2025
2015
2003
2003
1987
1984
1982
1984
1974
1969
1957
1935
1935
1915
1896
1917
1894
1893
1891
1885
1878
1864
1860
1864
1872
1843
1849
1843
1844
1847
1842
1849
1848
1859
1871
1874
1873
1885
1877
1880
1879
1878
1893
1929
1906
1868
1860
1845
1867
1845
1848
1843
1859
1878
1908
1910
1936
1953
1978
1994
1988
2004
2011
2031
2033
2035
2040
2053
2049
2053
2056
2047
2051
2037
2055
2053
2056
2075
2086
2088
2104
2118
2118
2133
2147
2123
2102
2079
2063
2074
2083
2088
2095
2113
2115
2132
2136
2140
2129
2149
2161
2146
2163
2165
2180
2182
2190
2195
2179
2172
2175
2168
2156
2161
2174
2195
2207
2188
2199
2183
2167
2163
2159
2146
2153
2152
2141
2136
2133
2126
2118
2119
2114
2100
2097
2075
2062
2079
2067
2052
2038
2025
1998
1987
1973
1976
1982
1998
2024
2027
2018
2019
2028
2035
2035
2027
2001
1990
1992
1991
1999
1987
1987
1991
1991
1994
1998
2004
1978
1971
1966
1984
1999
1991
2012
2003
1978
1984
1978
1959
1957
1959
1942
1927
1937
1928
1913
1902
1897
1890
1893
1911
1915
1911
1915
1906
1900
1888
1868
1870
1878
1870
1855
1842
1854
1871
1875
1871
1859
1850
1830
1794
1806
1800
1780
1779
1772
1763
1777
1775
1791
1801
1811
1820
1811
1817
1819
1838
1883
1907
1912
1907
1905
1915
1911
1902
1890
1882
1870
1860
1847
1863
1871
1871
1879
1894
1902
1914
1910
1898
1907
1902
1911
1903
1909
1940
1968
2012
2036
2032
2052
2046
2025
2036
2043
2038
2025
2019
2017
1985
1987
1985
1972
1977
1965
1943
1925
1918
1932
1953
1968
1988
1992
1980
1968
1999
2027
2043
2027
2032
2015
2002
1990
2043
2080
2079
2046
2016
2000
2026
2077
2144
2231
2280
2282
2207
2087
1965
1847
1831
1827
1831
1804
1784
1792
1810
1820
1822
1834
1847
1859
1895
1941
1980
2024
2091
2156
2203
2222
2202
2169
2137
2093
2063
2023
1983
1952
1959
2000
2069
2123
2136
2126
2096
2066
2049
2064
2115
2162
2260
2345
2462
2528
2535
2484
2369
2220
2090
2023
1995
2019
2130
2200
2251
2279
2282
2270
2214
2165
2146
2155
2171
2203
2255
2290
2317
2332
2343
2343
2306
2274
2235
2183
2148
2106
2084
2089
2112
2148
2208
2291
2325
2310
2246
2166
2079
2056
2079
2131
2158
2163
2153
2144
2103
2051
2032
2019
2015
2015
2034
2075
2124
2167
2186
2187
2155
2105
2071
2055
2093
2147
2208
2260
2280
2267
2234
2201
2166
2108
2127
2174
2276
2403
2480
2508
2451
2360
2278
2165
2098
2061
2076
2096
2147
2200
2232
2207
2148
2087
2023
1987
1976
1974
1966
1963
1944
1932
1945
1975
2005
2017
2045
2057
2026
1989
1951
1908
1879
1870
1889
1940
1994
2011
2009
1967
1915
1868
1855
1858
1899
1955
2026
2064
2056
2020
1940
1848
1804
1817
1888
1992
2144
2243
2291
2260
2175
2043
1921
1830
1808
1843
1929
2032
2155
2226
2241
2209
2161
2086
2020
1999
2004
2028
2082
2119
2158
2208
2222
2238
2250
2253
2262
2279
2278
2270
2251
2242
2252
2255
2272
2281
2258
2220
2183
2170
2161
2164
2182
2213
2235
2212
2150
2075
1980
1909
1845
1793
1786
1817
1869
1923
1964
1952
1912
1856
1791
1730
1680
1682
1717
1761
1797
1852
1883
1895
1892
1850
1804
1750
1723
1748
1791
1839
1879
1896
1915
1911
1875
1832
1799
1793
1815
1875
1896
1908
1897
1879
1845
1823
1783
1752
1757
1782
1823
1880
1934
1962
1965
1930
1889
1836
1759
1724
1695
1696
1735
1787
1859
1905
1923
1944
1928
1884
1838
1807
1795
1830
1884
1937
1961
1984
1976
1950
1907
1863
1821
1764
1747
1750
1721
1703
1717
1721
1699
1686
1673
1669
1690
1714
1755
1763
1752
1752
1737
1736
1744
1773
1790
1792
1820
1821
1814
1825
1846
1891
1920
1932
1912
1896
1895
1896
1903
1932
1953
1945
1951
1966
1960
1978
1988
2015
2080
2119
2134
2112
2109
2076
2059
2061
2041
2033
2031
2080
2132
2151
2127
2083
2042
1992
1956
1933
1932
1955
1999
2051
2056
2028
1987
1914
1863
1852
1882
1953
2019
2078
2112
2072
2015
1942
1919
1903
1916
1987
2078
2145
2196
2182
2119
2036
1968
1938
1948
2004
2061
2113
2183
2235
2235
2204
2124
2031
1986
1974
2040
2140
2215
2270
2259
2246
2204
2131
2080
2058
2094
2157
2251
2305
2327
2312
2258
2198
2124
2086
2070
2120
2187
2254
2249
2203
2101
2003
1936
1915
1940
1979
2012
2043
2014
1957
1860
1798
1735
1705
1707
1750
1808
1850
1848
1788
1694
1589
1516
1505
1572
1684
1796
1888
1889
1824
1724
1545
1540
1592
1687
1851
1991
2084
2100
2003
1879
1754
1706
1742
1856
2053
2243
2383
2450
2427
2319
2157
2023
1965
2040
2208
2393
2570
2631
2578
2438
2259
2121
2051
2103
2258
2412
2521
2535
2451
2331
2207
2110
2040
2029
2065
2146
2226
2254
2218
2140
2024
1901
1809
1779
1803
2046
2000
1990
1967
1880
1796
1717
1647
1626
1622
1648
1680
1733
1728
1669
1582
1536
1532
1549
1571
1607
1629
1615
1610
1555
1544
1569
1611
1620
1605
1627
1640
1673
1718
1763
1779
1750
1751
1751
1790
1768
1745
1757
1847
1980
2112
2215
2228
2173
2089
1972
1801
1757
1835
1997
2195
2317
2356
2273
2132
2066
2029
2043
2063
2127
2186
2230
2253
2248
2240
2224
2226
2234
2265
2255
2196
2197
2236
2289
2368
2384
2337
2263
2150
2047
2001
2032
2111
2207
2280
2298
2280
2199
2082
1951
1884
1873
1862
1951
2062
2175
2218
2178
2037
1841
1699
1660
1764
1907
2070
2235
2350
2375
2282
2142
1975
1897
1924
2049
2237
2362
2415
2367
2268
2200
2081
1985
2023
2195
2340
2487
2509
2441
2316
2196
2079
2058
2111
2259
2420
2544
2579
2570
2492
2340
2200
2107
2113
2214
2329
2422
2415
2309
2139
2008
1925
1902
1915
1966
2062
2123
2119
2055
1950
1862
1822
1840
1897
1968
2001
2016
1986
1933
1888
1871
1870
1939
2018
2067
2103
2094
2038
2012
2020
2059
2100
2183
2247
2339
2392
2381
2355
2302
2246
2240
2270
2323
2408
2479
2523
2551
2544
2553
2543
2552
2583
2613
2640
2646
2630
2598
2557
2531
2531
2583
2653
2708
2735
2699
2633
2572
2528
2503
2527
2596
2697
2771
2803
2738
2620
2493
2357
2249
2263
2342
2483
2600
2668
2639
2504
2320
2160
2082
2104
2204
2332
2496
2577
2533
2457
2408
2243
2187
2200
2293
2425
2554
2616
2583
2499
2400
2302
2247
2254
2300
2460
2587
2655
2579
2548
2551
2410
2340
2324
2347
2443
2556
2649
2700
2675
2601
2511
2459
2417
2403
2429
2479
2536
2554
2544
2526
2475
2428
2387
2371
2364
2375
2415
2448
2448
2425
2389
2328
2279
2264
2268
2296
2263
2278
2313
2315
2304
2268
2208
2155
2148
2166
2206
2260
2284
2300
2279
2210
2156
2099
2076
2087
2122
2183
2251
2278
2255
2174
2090
2030
1992
2002
2032
2065
2083
2087
2087
2028
1983
1943
1934
1953
1984
2035
2076
2104
2084
2055
2013
1948
1908
1901
1910
1934
1956
1945
1916
1889
1860
1826
1825
1820
1830
1835
1844
1844
1811
1776
1717
1668
1617
1572
1568
1580
1575
1554
1550
1500
1439
1386
1337
1311
1319
1324
1342
1328
1292
1249
1219
1203
1200
1230
1245
1282
1305
1318
1298
1253
1199
1151
1117
1134
1181
1232
1262
1269
1251
1216
1168
1121
1107
1111
1145
1187
1233
1262
1243
1190
1141
1091
1082
1115
1163
1246
1303
1293
1238
1155
1095
1054
1057
1088
1150
1223
1259
1294
1285
1246
1183
1091
1038
1008
1015
1107
1252
1411
1477
1397
1222
1009
852
810
904
1053
1249
1425
1532
1526
1379
1212
1076
1044
1107
1243
1362
1431
1488
1514
1496
1403
1288
1187
1146
1174
1253
1399
1570
1696
1740
1662
1483
1283
1176
1235
1411
1622
1795
1867
1788
1647
1485
1323
1281
1323
1457
1647
1822
1893
1890
1833
1720
1573
1458
1350
1374
1464
1582
1696
1701
1636
1492
1279
1120
1054
1199
1430
1710
1846
1798
1576
1304
1151
1115
1231
1443
1720
1906
1983
1944
1788
1603
1396
1267
1275
1444
1684
1884
1982
1952
1827
1654
1502
1408
1391
1484
1609
1761
1825
1788
1687
1567
1463
1411
1413
1435
1485
1527
1539
1551
1518
1498
1491
1476
1403
1344
1312
1362
1458
1533
1602
1603
1546
1462
1358
1262
1283
1393
1554
1672
1721
1715
1674
1690
1754
1830
1935
2025
2107
2186
2253
2283
2286
2305
2341
2416
2531
2699
2912
3161
3376
3518
3532
3460
3402
3403
3486
3620
3780
3898
3999
4022
3937
3843
3756
3753
3884
4092
4094
4094
4094
4094
4094
4094
4094
4094
4095
4094
4095
4094
4093
3937
3729
3541
3376
3245
3158
3158
3175
3175
3144
3022
2853
2654
2433
2252
2124
2062
2038
2016
1959
1840
1715
1631
1584
1574
1586
1601
1620
1611
1590
1566
1514
1459
1414
1371
1358
1378
1419
1433
1468
1497
1555
1607
1647
1712
1796
1912
2037
2173
2259
2291
2299
2306
2334
2387
2450
2529
2642
2745
2835
2885
2937
2972
2990
3025
3081
3128
3180
3236
3264
3264
3248
3222
3187
3145
3142
3167
3207
3261
3277
3268
3258
3205
3149
3088
3024
2960
2912
2889
2866
2840
2766
2669
2564
2510
2497
2515
2526
2530
2539
2546
2585
2611
2638
2664
2688
2710
2730
2728
2718
2678
2644
2617
2584
2562
2556
2599
2663
2728
2781
2787
2767
2706
2651
2612
2614
2639
2653
2654
2622
2574
2507
2413
2341
2307
2295
2350
2430
2486
2515
2510
2457
2372
2296
2237
2200
2175
2142
2107
2082
2052
1993
1907
1808
1702
1617
1539
1480
1423
1388
1345
1308
1265
1214
1148
1076
984
937
897
886
877
880
919
937
945
916
895
848
809
789
783
777
755
740
720
704
697
680
701
740
781
814
854
883
896
896
899
912
918
947
972
996
1018
1019
996
982
960
962
942
936
927
915
894
866
843
828
805
797
785
774
752
723
698
643
575
532
515
523
545
573
611
623
638
663
698
716
719
725
760
789
802
819
833
839
830
846
862
888
927
957
1011
1055
1093
1132
1151
1174
1216
1223
1223
1241
1254
1277
1306
1345
1385
1412
1439
1459
1464
1481
1517
1540
1564
1595
1608
1620
1614
1618
1615
1625
1668
1708
1745
1765
1777
1768
1791
1836
1872
1923
1977
2026
2052
2099
2111
2126
2141
2152
2168
2198
2230
2281
2315
2356
2364
2367
2381
2365
2340
2319
2335
2345
2367
2352
2349
2360
2325
2328
2323
2324
2332
2348
2384
2400
2420
2437
2440
2443
2451
2428
2400
2400
2387
2385
2379
2370
2346
2325
2310
2308
2307
2325
2374
2404
2423
2456
2480
2499
2504
2542
2572
2613
2659
2692
2704
2715
2695
2674
2684
2692
2704
2739
2768
2790
2822
2859
2894
2916
2941
2969
3047
3045
3075
3114
3162
3209
3239
3275
3264
3265
3272
3297
3330
3382
3433
3478
3498
3489
3500
3484
3500
3509
3519
3542
3587
3622
3639
3644
3643
3627
3591
3601
3620
3651
3674
3663
3668
3628
3580
3516
3454
3396
3395
3392
3424
3443
3427
3372
3311
3254
3171
3135
3136
3251
3176
3172
3172
3171
3143
3095
3042
2992
2985
3109
3192
3221
3200
3247
3181
3123
3072
3034
3028
3063
3122
3158
3190
3182
3161
3148
3151
3148
3160
3183
3184
3206
3215
3211
3206
3164
3126
3055
3008
2950
2908
2904
2898
2877
2835
2800
2757
2684
2648
2594
2551
2515
2499
2460
2423
2367
2298
2296
2186
2127
2084
2047
2020
2001
1988
1971
1929
1878
1848
1835
1841
1868
1887
1904
1890
1856
1832
1807
1799
1817
1848
1899
1923
1955
1980
1967
1956
1951
1939
1962
1985
2007
2057
2072
2078
2059
2012
1984
1951
1947
1975
2034
2073
2088
2068
2032
1999
1958
1941
1932
1930
1922
1895
1875
1830
1766
1724
1670
1629
1596
1553
1504
1492
1465
1439
1408
1361
1318
1285
1247
1219
1202
1179
1162
1145
1116
1079
1057
1033
1008
984
976
966
940
924
915
903
848
792
757
745
735
725
726
742
719
696
648
612
560
537
512
533
569
596
637
639
652
647
627
608
620
639
692
755
793
832
877
900
884
880
862
864
894
944
988
1012
1037
1030
1034
1016
1000
993
1003
1035
1061
1112
1159
1188
1204
1199
1187
1176
1170
1187
1228
1252
1294
1315
1337
1345
1339
1328
1340
1340
1368
1374
1398
1423
1447
1439
1452
1451
1439
1430
1438
1436
1451
1473
1484
1500
1506
1518
1514
1508
1508
1509
1523
1582
1605
1618
1651
1665
1676
1695
1712
1713
1731
1732
1743
1755
1775
1795
1814
1838
1870
1870
1875
1885
1888
1910
1920
1937
1978
2034
2072
2104
2124
2151
2165
2168
2182
2202
2238
2282
2343
2415
2481
2512
2512
2484
2450
2444
2460
2493
2538
2584
2620
2629
2627
2590
2531
2470
2428
2417
2484
2550
2595
2612
2603
2546
2453
2364
2320
2302
2311
2363
2416
2451
2449
2398
2319
2245
2180
2166
2211
2272
2326
2357
2368
2337
2280
2220
2162
2125
2112
2119
2135
2145
2167
2187
2213
2213
2162
2094
2061
2066
2092
2136
2222
2271
2284
2300
2294
2256
2223
2207
2207
2243
2272
2337
2375
2388
2391
2373
2334
2301
2283
2263
2246
2230
2207
2167
2134
2080
2027
1995
1972
1945
1912
1892
1882
1860
1832
1804
1800
1783
1792
1780
1747
1716
1676
1644
1627
1624
1625
1653
1660
1695
1725
1703
1715
1660
1636
1609
1592
1606
1657
1702
1719
1703
1656
1587
1556
1559
1633
1709
1784
1833
1855
1841
1840
1820
1807
1824
1838
1895
1955
1998
2042
2064
2031
1969
1933
1897
1916
1960
2029
2072
2078
2052
1996
1942
1890
1872
1885
1925
1993
2071
2118
2110
2039
1965
1897
1869
1888
1918
1941
1920
1883
1821
1752
1710
1668
1656
1672
1732
1810
1855
1868
1842
1784
1711
1649
1630
1663
1741
1823
1894
1917
1907
1890
1857
1824
1763
1740
1724
1716
1739
1776
1811
1848
1858
1821
1780
1753
1748
1784
1854
1928
2002
2063
2095
2121
2123
2100
2055
2057
2067
2092
2137
2192
2220
2267
2260
2229
2187
2147
2136
2144
2178
2224
2268
2273
2255
2222
2159
2095
2073
2078
2092
2097
2078
2022
1987
1915
1856
1847
1847
1856
1859
1888
1866
1841
1790
1735
1691
1650
1606
1580
1573
1575
1544
1495
1444
1409
1355
1344
1343
1363
1363
1374
1369
1309
1249
1194
1132
1131
1135
1167
1198
1219
1211
1222
1226
1259
1287
1347
1409
1467
1507
1518
1516
1459
1410
1371
1348
1364
1401
1430
1480
1516
1522
1523
1503
1486
1504
1533
1567
1623
1673
1707
1717
1711
1704
1698
1684
1708
1733
1776
1815
1855
1869
1858
1840
1835
1842
1860
1888
1919
1946
1952
1948
1942
1929
1929
1918
1947
1969
1977
2004
2046
2072
2087
2094
2100
2109
2136
2142
2192
2199
2224
2224
2240
2253
2279
2305
2368
2417
2465
2511
2548
2599
2617
2643
2660
2693
2689
2716
2736
2762
2783
2790
2811
2801
2781
2793
2791
2816
2827
2853
2876
2868
2873
2865
2858
2865
2887
2899
2926
2944
2967
2973
2988
2990
3008
3027
3040
3049
3052
3063
3051
3004
2975
2947
2926
2916
2910
2913
2902
2892
2866
2832
2796
2782
2780
2781
2780
2778
2773
2764
2744
2706
2693
2673
2652
2640
2644
2656
2667
2649
2633
2602
2594
2566
2526
2512
2511
2513
2524
2531
2526
2516
2503
2504
2508
2502
2496
2505
2520
2518
2502
2492
2483
2485
2505
2520
2516
2533
2553
2555
2555
2552
2577
2593
2602
2614
2630
2638
2668
2673
2691
2696
2706
2694
2680
2679
2675
2663
2650
2638
2617
2596
2585
2576
2571
2572
2576
2574
2564
2545
2550
2542
2526
2524
2538
2538
2551
2569
2567
2557
2547
2528
2487
2480
2477
2477
2496
2522
2518
2520
2488
2485
2469
2449
2431
2411
2419
2411
2421
2411
2403
2384
2360
2359
2363
2370
2379
2401
2408
2408
2402
2396
2397
2399
2412
2408
2424
2431
2414
2401
2382
2358
2334
2335
2312
2310
2296
2291
2283
2244
2208
2179
2131
2104
2079
2064
2038
2026
2016
1995
1978
1972
1954
1958
1960
1960
1974
1955
1946
1935
1917
1895
1877
1863
1857
1845
1830
1793
1824
1841
1752
1704
1662
1645
1625
1600
1571
1550
1548
1512
1503
1498
1484
1478
1475
1474
1472
1488
1483
1462
1439
1415
1396
1396
1398
1448
1443
1454
1448
1435
1409
1388
1373
1381
1373
1392
1384
1383
1387
1375
1361
1364
1353
1366
1367
1384
1410
1414
1409
1416
1404
1382
1370
1369
1383
1391
1414
1447
1465
1490
1513
1520
1530
1541
1535
1539
1571
1582
1580
1568
1588
1572
1536
1537
1519
1514
1499
1502
1491
1488
1473
1466
1448
1453
1424
1439
1431
1422
1432
1428
1442
1434
1424
1420
1400
1399
1404
1406
1403
1372
1369
1354
1350
1363
1347
1334
1333
1329
1329
1323
1316
1326
1335
1359
1383
1389
1454
1540
1494
1488
1496
1535
1550
1543
1552
1572
1586
1601
1645
1648
1655
1679
1704
1711
1744
1766
1768
1771
1789
1786
1803
1830
1858
1887
1886
1898
1903
1919
1914
1920
1947
1956
1963
1975
2003
2003
2016
2035
2039
2040
2058
2091
2134
2177
2208
2246
2259
2272
2301
2319
2338
2351
2399
2421
2439
2473
2492
2529
2550
2563
2565
2580
2599
2608
2634
2645
2676
2710
2742
2766
2782
2810
2827
2842
2858
2871
2890
2921
2952
2973
2978
2990
2964
2951
2937
2953
2962
2958
2943
2956
2936
2926
2898
2885
2855
2840
2832
2817
2811
2806
2784
2795
2776
2772
2775
2777
2766
2760
2763
2753
2736
2732
2720
2715
2706
2788
2711
2688
2656
2645
2620
2585
2555
2534
2521
2476
2468
2455
2438
2435
2517
2551
2532
2405
2451
2361
2312
2296
2284
2295
2283
2262
2267
2259
2253
2249
2226
2237
2234
2229
2244
2244
2235
2219
2202
2168
2148
2112
2098
2092
2084
2084
2060
2041
2022
1999
1972
1964
1948
1923
1924
1897
1888
1893
1876
1859
1833
1809
1777
1749
1735
1731
1717
1712
1690
1685
1657
1609
1588
1550
1505
1491
1467
1444
1416
1408
1395
1368
1318
1306
1279
1267
1255
1243
1242
1209
1207
1203
1186
1185
1173
1159
1156
1151
1180
1178
1167
1178
1156
1139
1148
1142
1135
1140
1142
1136
1114
1236
1150
1116
1108
1084
1077
1071
1072
1077
1070
1077
1105
1092
1092
1107
1120
1124
1128
1136
1160
1171
1169
1165
1160
1183
1186
1197
1209
1224
1241
1223
1226
1232
1212
1216
1212
1219
1232
1238
1239
1253
1261
1278
1271
1259
1255
1254
1273
1286
1309
1336
1365
1376
1389
1396
1385
1385
1378
1406
1417
1419
1461
1465
1503
1508
1496
1491
1467
1460
1459
1464
1504
1550
1579
1601
1622
1604
1591
1584
1586
1616
1658
1729
1823
1907
1969
1985
1979
1959
1934
1912
1931
1969
2053
2142
2232
2292
2307
2288
2230
2182
2150
2156
2210
2281
2385
2458
2501
2495
2425
2360
2267
2214
2219
2287
2388
2491
2540
2537
2485
2371
2268
2216
2226
2314
2416
2517
2569
2566
2500
2404
2315
2264
2263
2310
2393
2504
2555
2572
2534
2462
2380
2343
2328
2335
2400
2459
2508
2528
2539
2503
2459
2409
2372
2393
2432
2489
2525
2531
2487
2460
2404
2365
2342
2354
2390
2433
2486
2512
2528
2496
2471
2427
2391
2381
2408
2450
2498
2537
2551
2544
2494
2440
2407
2375
2370
2400
2463
2507
2532
2534
2494
2416
2344
2275
2256
2296
2375
2495
2580
2602
2566
2495
2395
2323
2284
2296
2352
2440
2504
2540
2512
2478
2418
2358
2326
2301
2350
2380
2393
2407
2422
2398
2352
2298
2274
2264
2270
2300
2349
2366
2377
2368
2328
2304
2280
2267
2254
2276
2275
2305
2316
2299
2288
2267
2230
2188
2182
2162
2169
2169
2164
2158
2137
2104
2090
2089
2085
2077
2075
2067
2047
2030
2008
1971
1949
1935
1934
1929
1916
1902
1879
1887
1848
1819
1812
1803
1795
1807
1770
1745
1724
1713
1677
1610
1593
1588
1591
1591
1590
1584
1576
1560
1523
1500
1480
1464
1479
1489
1519
1502
1505
1481
1464
1470
1455
1447
1439
1445
1459
1475
1494
1508
1504
1491
1487
1481
1476
1479
1491
1488
1474
1479
1486
1498
1523
1548
1558
1553
1564
1570
1569
1567
1565
1548
1569
1599
1639
1675
1672
1671
1698
1678
1663
1667
1689
1709
1753
1799
1818
1828
1852
1841
1836
1825
1857
1879
1906
1948
1971
1972
1948
1935
1932
1920
1916
1932
1955
1984
1999
2018
2014
2004
1984
1991
1997
1994
2016
2041
2068
2105
2118
2105
2103
2102
2089
2087
2078
2102
2145
2152
2168
2153
2137
2127
2113
2109
2096
2108
2136
2152
2149
2142
2123
2124
2120
2136
2175
2198
2211
2231
2239
2233
2227
2197
2187
2188
2195
2195
2222
2255
2279
2300
2271
2248
2250
2238
2227
2211
2211
2217
2238
2232
2257
2259
2240
2223
2208
2205
2197
2223
2223
2240
2243
2252
2262
2275
2273
2252
2255
2277
2276
2292
2308
2313
2335
2346
2348
2361
2371
2379
2382
2402
2412
2413
2417
2436
2468
2480
2476
2486
2484
2473
2476
2465
2475
2470
2476
2489
2507
2503
2522
2524
2524
2536
2529
2527
2547
2550
2562
2556
2552
2572
2580
2563
2574
2566
2569
2575
2582
2571
2542
2540
2532
2523
2508
2498
2510
2525
2535
2515
2492
2486
2470
2478
2478
2471
2473
2475
2498
2493
2480
2483
2470
2473
2480
2472
2470
2462
2461
2466
2450
2446
2428
2424
2417
2399
2396
2388
2382
2371
2366
2345
2324
2313
2299
2290
2276
2271
2275
2276
2270
2259
2247
2254
2263
2257
2264
2273
2253
2255
2255
2250
2259
2246
2246
2232
2233
2220
2215
2191
2175
2140
2126
2121
2089
2088
2082
2062
2038
2014
2002
1980
1953
1934
1948
1924
1940
1926
1926
1895
1894
1877
1859
1840
1828
1827
1827
1821
1811
1800
1767
1737
1709
1701
1679
1656
1655
1648
1644
1633
1637
1628
1603
1592
1587
1583
1585
1580
1575
1576
1566
1562
1551
1552
1563
1554
1552
1565
1564
1576
1585
1593
1603
1616
1618
1628
1634
1625
1622
1641
1620
1628
1633
1655
1642
1647
1657
1670
1683
1680
1673
1670
1668
1664
1666
1700
1706
1708
1710
1701
1708
1696
1691
1713
1712
1740
1761
1784
1785
1785
1774
1772
1772
1781
1789
1798
1814
1822
1811
1817
1816
1807
1818
1817
1841
1857
1882
1895
1895
1915
1935
1939
1923
1930
1945
1970
1985
2028
2023
2023
2023
2014
2014
2036
2051
2059
2076
2072
2096
2095
2100
2094
2087
2106
2095
2095
2110
2120
2116
2108
2104
2104
2089
2092
2107
2116
2124
2131
2146
2151
2154
2147
2151
2155
2152
2163
2188
2189
2198
2189
2190
2195
2187
2188
2191
2211
2218
2216
2223
2243
2339
2293
2260
2255
2274
2272
2272
2282
2287
2288
2361
2409
2392
2321
2382
2332
2326
2329
2313
2312
2290
2284
2276
2278
2289
2282
2281
2285
2277
2260
2244
2233
2217
2201
2186
2184
2175
2175
2167
2155
2132
2122
2124
2108
2102
2091
2100
2106
2113
2156
2092
2070
2043
2038
2039
2046
2031
2024
2022
2015
2001
1993
1982
1952
1946
1940
1949
1945
1940
1929
1920
1935
1914
1918
1915
1916
1903
1910
1913
1920
1930
1929
1935
1932
1944
1928
1927
1936
1929
1954
1937
1950
1947
1943
1945
1933
1945
1940
1948
1946
1946
1944
1953
1942
1936
1943
1930
1939
1935
1932
1936
1937
1931
1919
1929
1941
1954
1963
1961
1958
1951
1945
1928
1935
1949
1949
1934
1955
1945
1939
1940
1941
1939
1938
1942
1947
1935
1951
1955
1952
1957
1954
1937
1934
1942
1947
1964
1971
1966
1968
1958
1951
1956
1955
1948
1957
1960
1972
1957
1967
1940
1927
1912
1899
1906
1896
1880
1884
1874
1854
1859
1843
1828
1810
1811
1774
1762
1753
1744
1723
1731
1724
1708
1693
1681
1663
1676
1687
1698
1704
1700
1681
1664
1641
1614
1612
1617
1607
1632
1651
1676
1694
1693
1686
1675
1678
1659
1649
1652
1657
1662
1669
1683
1689
1692
1678
1654
1644
1632
1652
1661
1674
1703
1732
1751
1742
1738
1723
1689
1658
1663
1656
1656
1673
1678
1687
1700
1701
1692
1671
1665
1658
1664
1679
1693
1702
1722
1739
1744
1742
1727
1694
1646
1610
1604
1623
1660
1706
1728
1727
1708
1658
1619
1607
1603
1629
1695
1710
1706
1698
1685
1693
1684
1673
1678
1703
1740
1753
1775
1766
1754
1752
1743
1758
1782
1791
1787
1777
1789
1794
1797
1802
1811
1807
1795
1820
1820
1823
1830
1828
1841
1843
1872
1861
1892
1906
1902
1919
1932
1915
1942
1935
1944
1946
1959
1969
1977
1972
2000
2017
2009
2035
2032
2026
2019
2043
2051
2054
2078
2085
2092
2088
2088
2083
2094
2087
2079
2113
2155
2196
2220
2221
2239
2220
2206
2190
2185
2199
2218
2253
2272
2274
2284
2288
2267
2280
2267
2281
2280
2291
2297
2296
2308
2295
2309
2299
2296
2291
2272
2248
2240
2242
2251
2256
2263
2268
2270
2251
2251
2244
2221
2246
2227
2232
2240
2241
2236
2214
2204
2177
2159
2152
2149
2148
2148
2161
2171
2184
2171
2147
2135
2127
2111
2110
2107
2115
2124
2137
2153
2160
2164
2166
2179
2170
2176
2193
2203
2207
2217
2207
2196
2205
2207
2207
2190
2214
2227
2223
2224
2234
2240
2254
2257
2250
2251
2256
2243
2223
2210
2198
2198
2197
2195
2213
2200
2189
2181
2169
2151
2148
2157
2153
2163
2168
2181
2188
2188
2187
2179
2152
2145
2159
2181
2199
2196
2193
2195
2163
2157
2131
2115
2111
2096
2100
2118
2112
2124
2120
2103
2087
2083
2081
2081
2106
2109
2122
2124
2127
2128
2139
2130
2131
2131
2123
2111
2099
2092
2083
2076
2066
2073
2048
2048
2044
2020
2018
2006
1995
1991
1966
1942
1952
1959
1947
1933
1923
1926
1908
1899
1902
1922
1932
1926
1938
1942
1942
1923
1908
1880
1848
1840
1817
1834
1835
1822
1836
1831
1820
1804
1791
1777
1788
1802
1820
1832
1848
1851
1842
1828
1818
1800
1813
1824
1829
1848
1873
1881
1886
1891
1902
1905
1905
1911
1940
1956
1961
1959
1975
1971
1949
1939
1933
1953
1967
1964
1998
1993
2008
2012
1995
2009
2014
2030
2051
2060
2060
2068
2092
2096
2111
2120
2132
2134
2163
2182
2200
2200
2210
2204
2210
2203
2230
2222
2230
2210
2219
2222
2221
2224
2211
2206
2196
2199
2177
2174
2185
2199
2208
2203
2212
2214
2220
2226
2226
2222
2206
2210
2208
2213
2211
2224
2226
2249
2236
2237
2252
2265
2279
2262
2247
2241
2236
2223
2240
2232
2225
2237
2246
2252
2253
2257
2258
2249
2242
2254
2252
2256
2264
2274
2259
2268
2283
2302
2316
2326
2334
2332
2329
2323
2342
2316
2299
2291
2297
2313
2315
2334
2333
2345
2341
2326
2303
2303
2315
2322
2324
2335
2342
2373
2377
2396
2400
2422
2419
2427
2428
2446
2458
2464
2460
2471
2467
2467
2475
2474
2462
2453
2474
2471
2487
2496
2487
2479
2468
2450
2433
2419
2410
2406
2397
2414
2419
2425
2434
2416
2412
2407
2422
2423
2417
2424
2426
2429
2428
2421
2405
2393
2399
2397
2393
2394
2388
2383
2391
2398
2394
2387
2368
2360
2350
2351
2349
2339
2337
2307
2307
2300
2281
2259
2274
2265
2262
2259
2257
2259
2262
2263
2243
2232
2235
2216
2199
2185
2160
2167
2155
2152
2131
2114
2105
2097
2072
2076
2088
2071
2069
2040
2028
1999
1972
1950
1939
1927
1933
1919
1918
1909
1901
1897
1873
1859
1871
1858
1872
1876
1881
1881
1875
1873
1870
1855
1844
1816
1799
1790
1777
1790
1804
1818
1815
1799
1782
1781
1763
1762
1761
1750
1743
1747
1736
1725
1705
1700
1705
1683
1664
1656
1637
1626
1626
1628
1635
1642
1633
1632
1620
1626
1625
1622
1603
1602
1604
1591
1588
1588
1575
1566
1567
1554
1567
1551
1538
1553
1554
1553
1555
1550
1561
1560
1555
1554
1567
1581
1584
1587
1602
1609
1603
1592
1587
1604
1594
1585
1567
1572
1584
1578
1591
1588
1604
1583
1584
1573
1550
1532
1542
1561
1567
1589
1745
1664
1619
1583
1573
1569
1555
1573
1595
1596
1604
1622
1615
1623
1623
1603
1569
1560
1549
1566
1563
1583
1596
1592
1576
1566
1554
1553
1564
1572
1580
1587
1607
1591
1574
1559
1555
1555
1555
1559
1578
1599
1624
1646
1654
1655
1647
1648
1655
1657
1657
1670
1683
1689
1684
1684
1684
1688
1706
1723
1723
1722
1750
1767
1767
1765
1769
1770
1780
1784
1793
1822
1840
1850
1944
1946
1895
1888
1902
1905
1884
1907
1917
1920
1923
1940
1940
1935
1926
1915
1915
1898
1909
1913
1934
1961
1969
1955
1959
1954
1956
1953
1946
1980
1975
2003
2034
2029
2031
2019
2012
2019
2028
2008
2012
2029
2032
2036
2038
2036
2030
2031
2024
2008
2002
2019
2032
2024
2028
2048
2057
2171
2096
2065
2047
2028
2012
2047
2052
2066
2065
2042
2053
2047
2043
2032
2033
2133
2176
2114
2149
2151
2109
2127
2103
2099
2095
2090
2092
2079
2084
2112
2125
2134
2140
2158
2147
2158
2154
2145
2157
2151
2170
2184
2189
2201
2203
2187
2175
2143
2137
2136
2158
2188
2208
2338
2236
2212
2176
2163
2138
2140
2140
2142
2131
2140
2142
2118
2095
2071
2059
2022
2033
2046
2063
2062
2064
2059
2045
2028
2017
2003
2006
2001
2008
2008
2010
2004
1992
1991
1977
1982
1984
1985
1996
1987
1998
1995
1978
1974
1965
1932
1939
1947
1968
1984
2012
2012
2025
2015
2012
2008
1992
2005
2011
2034
2048
2067
2081
2059
2036
2024
2000
1993
1994
2019
2024
2055
2073
2063
2057
2042
2035
2033
2049
2074
2108
2140
2141
2127
2105
2090
2079
2052
2051
2066
2088
2096
2123
2121
2143
2156
2150
2136
2127
2139
2139
2164
2163
2152
2147
2146
2151
2142
2143
2145
2162
2173
2203
2205
2215
2193
2194
2199
2181
2181
2179
2197
2181
2188
2186
2189
2199
2215
2217
2224
2224
2214
2220
2206
2214
2193
2191
2188
2185
2191
2194
2194
2184
2174
2160
2171
2155
2155
2167
2176
2183
2188
2186
2177
2164
2152
2145
2167
2172
2171
2169
2172
2166
2156
2133
2126
2127
2116
2120
2140
2140
2149
2136
2120
2112
2107
2097
2097
2111
2122
2121
2131
2115
2119
2101
2111
2104
2107
2113
2131
2124
2113
2141
2146
2126
2123
2119
2115
2112
2131
2136
2139
2151
2124
2122
2112
2124
2134
2136
2138
2136
2146
2142
2135
2127
2123
2104
2092
2099
2116
2115
2116
2124
2122
2113
2101
2080
2070
2053
2044
2048
2060
2058
2064
2055
2051
2052
2047
2042
2031
2030
2039
2021
2022
2016
1999
1997
1990
1984
1963
1954
1954
1936
1932
1922
1920
1926
1924
1932
1934
1954
1939
1922
1912
1905
1891
1870
1864
1869
1881
1892
1884
1891
1885
1868
1871
1877
1865
1873
1886
1882
1887
1886
1891
1875
1886
1885
1891
1919
1939
1944
1964
1971
1958
1978
1969
1968
1954
1978
1984
1982
1985
1993
1993
2005
2003
1987
1997
1990
1975
1993
2001
2008
2009
2021
2009
2009
2006
2012
2016
2001
2006
2008
2009
2019
2016
2012
2026
2022
2028
2035
2029
2037
2049
2055
2072
2071
2050
2052
2058
2060
2057
2043
2051
2065
2073
2055
2063
2076
2084
2078
2072
2058
2062
2071
2084
2096
2114
2127
2132
2124
2131
2124
2118
2112
2108
2131
2145
2167
2166
2166
2172
2158
2155
2151
2156
2182
2172
2172
2179
2203
2203
2187
2182
2167
2172
2171
2184
2189
2204
2215
2212
2214
2210
2185
2187
2209
2212
2236
2239
2252
2236
2230
2227
2204
2186
2174
2192
2188
2215
2232
2232
2222
2217
2215
2193
2184
2174
2184
2195
2207
2209
2204
2190
2181
2166
2164
2156
2154
2164
2172
2186
2211
2224
2220
2219
2220
2188
2198
2200
2206
2218
2228
2237
2233
2203
2200
2188
2189
2181
2196
2201
2215
2214
2200
2214
2220
2215
2210
2206
2224
2221
2221
2230
2232
2232
2236
2232
2233
2238
2248
2252
2264
2258
2267
2251
2244
2231
2225
2225
2214
2220
2228
2222
2220
2217
2211
2215
2217
2196
2204
2185
2184
2193
2180
2172
2176
2177
2168
2171
2163
2157
2160
2134
2120
2119
2113
2117
2110
2100
2113
2120
2120
2108
2107
2103
2091
2103
2092
2103
2079
2049
2064
2071
2057
2031
2016
2005
2014
2019
2001
2010
2008
2006
1999
2000
1998
1974
1962
1959
1965
1978
1988
1985
1969
1966
1956
1961
1945
1919
1902
1907
1915
1917
1897
1894
1888
1867
1857
1865
1855
1865
1864
1854
1846
1846
1832
1820
1815
1815
1787
1788
1795
1803
1807
1815
1804
1793
1780
1770
1762
1748
1749
1748
1748
1742
1738
1726
1714
1705
1679
1675
1686
1684
1687
1677
1680
1675
1670
1675
1671
1673
1662
1657
1646
1652
1648
1647
1649
1646
1657
1655
1656
1650
1656
1651
1652
1649
1655
1656
1670
1656
1647
1650
1649
1650
1638
1629
1631
1638
1648
1652
1647
1632
1634
1633
1638
1632
1621
1627
1639
1638
1635
1639
1630
1644
1651
1656
1651
1649
1649
1665
1679
1678
1676
1684
1687
1688
1676
1674
1677
1680
1699
1688
1674
1683
1705
1692
1674
1681
1697
1710
1715
1731
1747
1750
1754
1748
1760
1750
1739
1755
1771
1772
1790
1803
1800
1782
1793
1803
1818
1810
1831
1836
1852
1865
1865
1872
1871
1876
1879
1881
1887
1898
1916
1929
1944
1934
1918
1921
1921
1922
1919
1928
1949
1949
1953
1963
1956
1967
1961
1961
1976
1973
1977
1984
1973
1976
1984
1976
1974
1968
1984
1983
1992
2001
2006
2019
2028
2017
2024
2021
2020
2035
2052
2045
2053
2075
2071
2072
2079
2080
2078
2093
2121
2131
2149
2156
2156
2164
2150
2167
2134
2133
2131
2136
2161
2168
2184
2200
2205
2198
2185
2200
2207
2198
2204
2205
2222
2242
2264
2250
2247
2240
2248
2233
2236
2231
2228
2227
2241
2252
2279
2284
2257
2227
2235
2226
2221
2227
2236
2230
2231
2234
2219
2196
2194
2176
2164
2168
2172
2172
2170
2168
2169
2172
2169
2174
2164
2147
2143
2153
2132
2123
2118
2126
2127
2136
2147
2139
2161
2161
2147
2127
2125
2128
2116
2266
2176
2151
2140
2140
2132
2119
2106
2116
2105
2124
2127
2136
2141
2129
2127
2123
2118
2099
2076
2075
2084
2086
2099
2102
2104
2083
2070
2071
2051
2048
2052
2036
2028
2034
2040
2030
2032
2028
2023
2027
2029
2016
2001
1988
1966
1953
1945
1964
1967
1951
1950
1947
1937
1906
1896
1897
1914
1909
1909
1919
1923
1915
1899
1900
1881
1865
1862
1863
1872
1867
1866
1885
1886
1884
1868
1862
1849
1849
1870
1877
1895
1908
1916
1910
1910
1922
1935
2023
1935
1928
1961
1951
1958
1957
1957
1964
1965
1976
1968
1972
1998
2022
2018
2001
2023
2031
2016
2024
2020
2012
1998
2007
2023
2041
2053
2057
2060
2071
2076
2068
2079
2081
2079
2086
2093
2086
2080
2096
2088
2088
2075
2084
2078
2090
2096
2096
2096
2087
2090
2073
2068
2067
2065
2064
2166
2101
2088
2064
2048
2072
2056
2064
2068
2063
2077
2079
2083
2089
2078
2082
2151
2201
2213
2114
2169
2111
2084
2070
2063
2054
2062
2067
2057
2065
2064
2061
2073
2076
2069
2063
2060
2045
2037
2031
2029
2023
2041
2032
2032
2027
2026
2035
2044
2033
2031
2023
2017
2007
2010
2033
2112
2035
2020
2017
2026
2012
2015
2011
1998
1989
2005
2038
2044
2049
2044
2045
2031
2007
2003
1998
1996
2011
2026
2027
2056
2047
2026
2039
2023
2026
2028
2032
2039
2025
2027
2023
2017
2004
2003
2014
2009
2004
2006
1995
1990
1996
1991
1967
1961
1954
1962
1960
1968
1969
1971
1952
1951
1952
1955
1961
1957
1951
1955
1960
1960
1957
1949
1949
1952
1944
1936
1944
1943
1960
1967
1961
1937
1929
1905
1902
1901
1910
1915
1931
1929
1929
1927
1926
1914
1910
1930
1924
1941
1948
1945
1945
1959
1963
1958
1968
1973
1976
1970
1961
1964
1951
1968
1979
1990
1999
2003
2012
2021
2031
2021
2021
2019
2048
2055
2053
2064
2074
2072
2071
2065
2073
2059
2059
2050
2072
2079
2088
2096
2097
2108
2102
2093
2102
2082
2099
2104
2115
2119
2092
2091
2086
2088
2099
2112
2125
2124
2135
2141
2150
2152
2147
2148
2145
2160
2159
2159
2179
2173
2186
2184
2169
2191
2195
2202
2227
2224
2235
2235
2230
2222
2217
2238
2263
2272
2288
2306
2307
2300
2301
2296
2282
2279
2283
2300
2320
2340
2346
2347
2334
2328
2345
2360
2357
2353
2343
2348
2346
2339
2335
2344
2336
2342
2360
2371
2367
2374
2347
2323
2328
2327
2311
2312
2316
2310
2296
2306
2295
2280
2268
2268
2279
2289
2294
2307
2295
2275
2267
2240
2219
2208
2205
2214
2223
2227
2236
2222
2216
2204
2181
2160
2144
2132
2142
2158
2176
2177
2176
2178
2142
2146
2141
2142
2145
2145
2160
2164
2147
2153
2152
2140
2139
2141
2137
2129
2121
2123
2123
2112
2087
2074
2090
2101
2116
2128
2136
2137
2130
2107
2098
2074
2072
2078
2096
2109
2105
2107
2079
2056
2047
2038
2024
2037
2046
2040
2059
2040
2048
2016
1999
1978
1991
1998
1993
2016
2033
2030
2015
2000
1992
1977
1969
1969
1968
1991
1996
2000
1988
1980
1967
1943
1934
1931
1941
1945
1956
1950
1920
1920
1908
1895
1893
1888
1894
1907
1891
1886
1871
1847
1843
1850
1848
1847
1853
1863
1862
1867
1868
1838
1821
1816
1788
1801
1818
1833
1827
1830
1837
1827
1801
1787
1767
1774
1783
1811
1817
1808
1811
1822
1809
1798
1791
1780
1801
1823
1831
1818
1826
1827
1823
1825
1822
1805
1810
1810
1811
1817
1824
1814
1807
1819
1799
1820
1796
1813
1822
1814
1820
1808
1809
1823
1822
1814
1815
1812
1827
1811
1799
1790
1784
1780
1780
1772
1776
1788
1788
1777
1763
1756
1760
1748
1755
1760
1759
1763
1767
1772
1771
1775
1762
1744
1746
1736
1745
1751
1779
1769
1780
1775
1768
1779
1769
1763
1765
1776
1779
1796
1783
1770
1759
1760
1766
1782
1782
1799
1815
1819
1820
1813
1812
1803
1804
1820
1825
1855
1860
1861
1862
1856
1831
1828
1822
1845
1863
1867
1885
1911
1884
1879
1865
1851
1854
1855
1864
1906
1908
1912
1915
1904
1888
1893
1896
1910
1914
1922
1927
1935
1950
1941
1945
1921
1921
1916
1915
1943
1961
1976
1983
1991
1991
1963
1947
1943
1953
1969
1976
1986
1989
1980
1979
1969
1965
1967
1984
1988
1981
1988
1973
1977
1985
1989
1979
1974
1984
2008
2017
2039
2022
2000
2001
1983
1962
1964
1991
2015
2026
2032
2039
2040
2025
2011
2013
2029
2045
2060
2077
2067
2047
2049
2049
2044
2047
2062
2064
2074
2079
2109
2111
2118
2113
2112
2108
2112
2116
2126
2121
2122
2116
2136
2132
2142
2142
2156
2167
2177
2175
2172
2176
2141
2123
2133
2127
2150
2166
2176
2188
2199
2173
2150
2128
2117
2131
2129
2138
2152
2156
2158
2153
2156
2124
2112
2107
2138
2148
2160
2158
2148
2135
2119
2096
2088
2081
2079
2091
2097
2097
2089
2084
2063
2054
2035
2026
2022
2032
2037
2020
2036
2012
2011
1982
1955
1961
1962
1959
1952
1966
1969
1967
1943
1945
1925
1919
1922
1928
1928
1923
1913
1907
1889
1881
1877
1892
1907
1902
1894
1906
1911
1918
1928
1923
1917
1897
1893
1896
1901
1894
1896
1916
1900
1907
1887
1892
1883
1896
1887
1886
1878
1889
1884
1874
1899
1910
1917
1915
1932
1923
1927
1934
1937
1939
1939
1950
1935
1957
1963
1977
1971
1969
1961
1960
1941
1948
1974
1967
1975
1980
1980
1984
1977
1977
1986
1996
2015
2016
2020
2020
2031
2020
2015
2030
2024
2020
2025
2029
2040
2039
2042
2039
2045
2028
2019
2034
2035
2057
2062
2076
2063
2063
2068
2062
2062
2048
2057
2063
2073
2075
2088
2076
2069
2068
2067
2084
2083
2100
2099
2110
2101
2092
2080
2079
2068
2066
2072
2084
2102
2099
2099
2104
2103
2095
2094
2100
2090
2110
2119
2119
2118
2119
2115
2113
2099
2106
2108
2124
2121
2106
2107
2113
2113
2110
