2059
2076
2072
2060
2058
2069
2079
2094
2108
2102
2104
2092
2079
2079
2083
2083
2084
2104
2108
2118
2136
2139
2136
2119
2111
2119
2106
2084
2077
2078
2064
2067
2081
2082
2087
2072
2074
2055
2046
2051
2036
2036
2036
2053
2060
2049
2038
2036
2029
2020
2010
2019
2016
2003
2020
2001
2003
1996
2007
1987
1979
1978
1968
1984
1996
1999
2024
2024
2032
2018
2026
2026
2012
2025
2025
2038
2060
2073
2067
2050
2039
2030
2019
2025
2023
2024
2026
2038
2032
2027
2020
2008
1991
1996
2007
2010
2011
2017
2022
2029
2022
2032
2017
2006
1995
1995
1987
1957
1950
1946
1943
1949
1958
1953
1974
1975
1975
1973
1972
1968
1978
1984
2007
2006
2018
1997
1987
2004
2005
2006
2008
2011
2003
2000
1982
1973
1970
1980
1982
1980
1993
1986
2012
2020
2004
2003
2004
1989
1984
1982
1984
2003
2019
2027
2017
2032
2039
2018
2009
2007
2001
2002
2017
2019
2010
2033
2017
2004
1987
2000
1987
2008
2028
2058
2070
2083
2074
2071
2080
2075
2079
2070
2078
2086
2096
2100
2091
2089
2075
2058
2056
2051
2040
2041
2055
2067
2069
2069
2067
2067
2086
2096
2119
2126
2108
2120
2114
2116
2121
2119
2136
2147
2134
2134
2126
2118
2103
2108
2113
2097
2082
2062
2048
2028
2027
2009
2002
1986
1976
2001
1989
1974
1970
1983
1975
1975
1982
1987
1976
1987
1991
2001
2006
1985
1984
1990
1984
1976
1983
1980
1978
1986
1973
1984
2002
2021
2023
2035
2035
2040
2054
2051
2050
2035
2031
2034
2041
2053
2062
2080
2096
2099
2105
2117
2111
2108
2109
2124
2121
2127
2143
2139
2121
2110
2092
2100
2079
2078
2079
2077
2081
2074
2049
2016
1984
1954
1942
1939
1958
1946
1939
1943
1944
1908
1899
1885
1855
1857
1851
1863
1852
1852
1836
1825
1835
1836
1840
1827
1816
1816
1813
1803
1801
1791
1778
1763
1776
1787
1795
1800
1821
1835
1845
1843
1841
1832
1852
1854
1885
1897
1909
1928
1926
1921
1938
1939
1955
1975
1987
2016
2031
2055
2060
2073
2056
2040
2053
2062
2062
2070
2092
2105
2098
2113
2132
2118
2110
2105
2095
2104
2111
2135
2142
2141
2134
2143
2138
2150
2127
2123
2112
2103
2107
2103
2111
2091
2108
2088
2087
2067
2081
2086
2075
2087
2083
2067
2070
2072
2077
2063
2031
2016
2003
2001
2005
2015
2020
2032
2039
2024
2032
2036
2014
2012
2019
2026
2033
2040
2045
2043
2040
2035
2016
2015
2016
2015
2026
2031
2056
2055
2046
2029
2023
2021
2028
2033
2033
2041
2054
2053
2057
2048
2033
2029
2016
2012
2020
2013
2035
2040
2031
2030
2008
2003
1988
1988
2017
2023
2008
2021
2012
2023
2003
1982
1977
1972
1981
2002
2003
2016
2016
2031
1999
1984
1964
1963
1951
1963
1959
1971
1972
1975
1967
1951
1945
1948
1958
1958
1968
1977
1970
1968
1956
1945
1938
1943
1952
1947
1943
1954
1959
1964
1961
1975
1982
1979
1988
1987
1985
1996
1991
1997
1994
2006
1999
1991
1968
1980
1977
1985
1989
1977
1969
1960
1956
1955
1950
1934
1937
1955
1960
1967
1942
1935
1934
1940
1940
1927
1939
1942
1943
1950
1943
1941
1942
1948
1957
1934
1938
1941
1943
1942
1943
1948
1954
1973
1983
1971
1972
1992
2008
1999
1999
1990
2023
1996
2005
2016
2016
2030
2031
2042
2077
2059
2064
2064
2071
2083
2094
2096
2096
2118
2126
2136
2131
2139
2126
2139
2159
2153
2148
2143
2146
2137
2120
2123
2119
2105
2112
2121
2125
2130
2125
2119
2105
2103
2104
2091
2087
2070
2068
2062
2055
2061
2062
2057
2054
2045
2035
2027
2003
1991
1995
2001
1993
1979
1982
1974
1961
1968
1960
1960
1952
1944
1950
1950
1941
1942
1934
1937
1936
1930
1934
1943
1964
1980
1987
2120
2040
2014
2008
2016
2016
2019
2027
2032
2107
2182
2216
2126
2118
2189
2104
2072
2061
2050
2061
2059
2063
2055
2054
2051
2042
2050
2054
2071
2055
2068
2049
2041
2022
2012
2015
2030
2026
2020
2136
2047
2021
1995
1988
1954
1941
1920
1916
1918
1914
1920
1923
1920
1912
1884
1878
1873
1855
1867
1856
1871
1890
1888
1885
1874
1871
1878
1892
1902
1903
1925
1930
1936
1929
1945
1932
1920
1932
1947
1967
1979
1982
2000
1994
1983
1981
1977
1976
2004
2015
2034
2040
2047
2052
2058
2040
2058
2068
2075
2083
2077
2082
2078
2073
2072
2072
2055
2054
2083
2084
2108
2100
2100
2098
2084
2068
2065
2056
2076
2074
2081
2101
2074
2067
2056
2046
2039
2044
2048
2026
2033
2049
2053
2034
2023
2036
2023
2027
2032
2041
2063
2076
2073
2073
2046
2055
2072
2061
2072
2098
2105
2096
2096
2117
2111
2101
2094
2109
2108
2112
2118
2124
2115
2108
2115
2139
2133
2141
2152
2160
2182
2172
2174
2178
2157
2129
2124
2126
2135
2150
2144
2156
2171
2140
2131
2136
2115
2118
2112
2111
2112
2088
2070
2059
2054
2036
2023
2040
2020
2015
2032
2016
2014
2017
1997
1987
1976
1973
1967
1964
1955
1955
1970
1967
1951
1950
1941
1926
1924
1925
1921
1927
1936
1938
1932
1954
1946
1937
1934
1932
1949
1953
1958
1954
1951
1969
1961
1959
1964
1978
1974
1984
1991
1996
1999
1995
1999
1995
1997
2001
1993
2015
2020
2020
2018
2031
2020
2022
2033
2042
2045
2050
2053
2054
2060
2057
2060
2069
2063
2062
2078
2075
2064
2064
2054
2060
2064
2061
2060
2074
2076
2080
2117
2376
2390
2158
2096
2079
2078
2086
2071
2069
2049
2047
2028
2030
2032
2036
2028
2012
2018
2019
2026
2023
2023
2031
2022
2024
2031
2040
2041
2025
2035
2023
2010
1998
2008
2030
2028
2035
2048
2048
2049
2048
2044
2043
2051
2057
2049
2054
2049
2056
2055
2048
2060
2053
2055
2054
2069
2075
2066
2056
2044
2031
2030
2041
2044
2058
2063
2063
2063
2064
2047
2030
2020
2012
2014
2017
2007
1997
2012
2008
2016
2008
2004
2009
1994
2003
2003
2011
2016
1994
1988
1992
1990
1995
1988
1986
1993
2010
1998
1977
1983
1992
1981
1985
1987
1980
1974
1984
1975
1976
1984
1987
1969
1993
2006
2008
2016
1999
2006
2013
1992
1977
1991
1999
2000
1998
1997
2011
2006
2006
2001
2006
1993
1987
1978
1987
1994
1979
1986
1977
1981
1986
1979
1967
1960
1955
1957
1949
1956
1951
1951
1953
1960
1944
1933
1924
1917
1913
1915
1922
1920
1917
1908
1889
1883
1888
1880
1868
1881
1886
1892
1914
1927
1935
1933
1935
1917
1902
1913
1908
1914
1925
1940
1953
1951
1964
1967
1964
1961
1969
1983
1988
2005
2012
2013
2035
2042
2056
2047
2048
2039
2056
2062
2059
2052
2068
2090
2092
2089
2091
2092
2091
2080
2078
2082
2077
2091
2086
2079
2097
2088
2088
2103
2092
2096
2087
2085
2072
2063
2062
2055
2057
2067
2070
2053
2053
2040
2036
2029
2031
2012
2008
1994
1987
1976
1989
1988
1996
1995
1990
1991
1996
2003
2019
2016
2020
2020
2018
2027
2015
2027
2037
2019
2027
2038
2032
2034
2045
2065
2048
2055
2053
2053
2041
2044
2051
2055
2060
2068
2090
2106
2096
2087
2073
2059
2061
2051
2079
2090
2105
2111
2116
2111
2112
2104
2100
2087
2084
2092
2099
2104
2098
2090
2087
2094
2072
2070
2067
2083
2079
2067
2076
2068
2059
2054
2045
2041
2043
2042
2014
2011
2013
2014
2003
1998
1993
2000
2006
1988
1993
1984
1960
1959
1949
1944
1944
1946
1944
1965
1958
1942
1945
1916
1912
1899
1901
1898
1912
1908
1926
1912
1916
1923
1942
1927
1935
1923
1914
1911
1917
1930
1940
1940
1946
1952
1954
1937
1923
1925
1930
1943
1945
1973
1974
1955
1966
1964
1943
1935
1924
1932
1951
1962
1977
1986
1984
1980
1965
1966
1971
1971
1977
1999
1999
2006
1989
1998
1983
1986
1982
1978
1980
1980
1994
2004
1986
1984
1980
1975
1976
1992
1992
1986
1992
1998
1994
1978
1952
1960
1962
1963
1989
1988
1999
2009
2007
1997
1999
1990
1984
1980
1980
1997
1993
2003
1991
1986
1989
1981
1972
1972
1985
1999
2000
2018
2027
2021
2013
2014
2010
2010
2019
2015
2023
2020
2022
2016
2030
2016
1993
2001
2002
2001
2008
2018
2015
2032
2033
2032
2033
2030
2032
2026
2011
2012
2009
2001
2020
2017
2006
2006
2006
2015
2001
2012
2009
1992
1996
2021
2017
2033
2035
2033
2040
2044
2024
2028
2030
2031
2020
2040
2041
2029
2034
2024
2026
2032
2024
2032
2039
2055
2051
2035
2031
2019
2016
2023
2021
2026
2038
2055
2056
2071
2057
2040
2037
2042
2035
2040
2042
2062
2071
2065
2063
2040
2045
2011
2025
2031
2027
2040
2033
2032
2031
2024
2022
2015
2012
2024
2039
2049
2054
2060
2040
2023
2016
1996
1996
1991
1995
2004
2023
2035
2044
2037
2030
2011
1991
2004
2012
2019
2032
2019
2008
2004
1991
1986
1996
2005
2000
2016
2023
2017
2018
2021
2009
2010
2016
2028
2038
2055
2052
2072
2064
2060
2065
2048
2037
2037
2051
2063
2093
2092
2097
2088
2101
2084
2087
2102
2108
2083
2086
2064
2059
2050
2067
2060
2059
2057
2058
2067
2069
2072
2052
2055
2062
2059
2053
2039
2041
2032
2035
2039
2043
2045
2049
2041
2035
2039
2022
2028
2031
2006
2005
2027
2010
2000
2012
2019
2026
2036
2024
2016
2024
2024
2016
2027
2021
2028
2033
2075
2007
1970
1936
1919
1954
2008
2097
2148
2176
2185
2159
2104
2003
1913
1876
1912
1980
2067
2108
2116
2044
1900
1769
1676
1672
1726
1903
2104
2298
2418
2391
2313
2112
1924
1776
1749
1872
2037
2216
2361
2422
2408
2257
2004
1697
1443
1331
1424
1660
1971
2247
2389
2446
2390
2289
2149
1996
1892
1848
1951
2128
2281
2279
2108
2004
1940
1963
2036
2178
2350
2441
2452
2329
2141
1923
1786
1774
1995
2062
2080
2079
2047
1985
1875
1793
1793
1964
2160
2204
2203
2139
1997
1931
1879
1811
1781
1858
2031
2188
2234
2107
1891
1646
1459
1342
1291
1394
1588
1796
1894
1860
1728
1598
1491
1438
1494
1628
1749
1893
2047
2214
2332
2375
2304
2291
2175
2183
2259
2327
2337
2281
2175
2049
1892
1720
1555
1490
1524
1687
1889
2060
2120
2087
1944
1744
1537
1397
1406
1511
1735
1997
2215
2312
2320
2261
2185
2123
2087
2108
2151
2222
2316
2357
2349
2275
2189
2093
2063
2117
2264
2421
2503
2471
2340
2144
1941
1793
1731
1731
1843
2017
2203
2318
2321
2183
1966
1771
1667
1649
1705
1769
1872
1997
2126
2207
2201
2153
2082
2056
2083
2178
2298
2421
2506
2560
2591
2561
2511
2465
2468
2499
2531
2539
2527
2496
2459
2355
2232
2074
1944
1843
1814
1826
1860
1900
1971
2041
2095
2124
2136
2137
2124
2109
2112
2128
2180
2203
2182
2143
2084
2039
2004
1957
1912
1892
1904
1976
2070
2127
2126
2088
2021
1959
1931
1938
1962
2003
2047
2072
2104
2105
2073
2045
2002
1961
1953
1957
2022
2108
2207
2252
2242
2189
2100
2034
2016
2034
2058
2111
2144
2179
2185
2147
2094
1985
1903
1852
1845
1868
1915
1985
1988
1992
1999
1969
1923
1875
1847
1882
1971
2088
2187
2219
2169
2083
1988
1910
1864
1850
1871
1920
1983
2024
2008
1954
1888
1847
1857
1912
1987
2064
2114
2110
2073
1978
1869
1760
1683
1678
1724
1832
1946
2062
2118
2127
2079
2012
1935
1929
1951
2024
2113
2183
2203
2178
2100
2041
1976
1956
1968
1999
2034
2088
2099
2104
2055
2006
1955
1957
1982
2045
2124
2205
2241
2242
2199
2137
2040
1967
1905
1864
1880
1915
1942
1951
1931
1889
1847
1852
2059
2077
1870
1825
1823
1834
1837
1821
1804
1814
1814
1851
1891
1931
1936
1939
1891
1816
1755
1700
1678
1703
1782
1876
1979
2074
2124
2141
2104
2085
2057
2044
2032
2063
2096
2135
2115
2073
2018
1959
1900
1883
1880
1913
1939
1969
1984
1968
1920
1843
1781
1769
1814
1908
1988
2065
2112
2125
2084
2050
2018
1980
1966
1995
2052
2131
2202
2214
2205
2139
2069
1979
1948
1931
1935
1985
2023
2065
2072
2031
1975
1906
1883
1880
1904
1982
2036
2095
2112
2099
2037
1960
1926
1901
1897
1940
2000
2054
2105
2114
2077
2037
1990
1956
1944
1952
2008
2056
2103
2086
2079
2039
2003
1955
1925
1913
1907
1921
1944
1953
1931
1916
1883
1862
1844
1859
1887
1924
1979
2025
2054
2052
2054
2032
2004
1990
1976
2008
2041
2044
2044
2007
1935
1863
1818
1793
1788
1816
1844
1872
1873
1849
1832
1810
1808
1808
1855
1888
1942
1984
2026
2040
2041
2023
1995
1979
1957
1932
1918
1920
1924
1925
1932
1948
1976
1963
1975
1963
1974
1976
1948
1922
1899
1888
1880
1886
1879
1853
1831
1845
1855
1863
1900
1932
1976
2021
2057
2070
2067
2074
2084
2084
2102
2132
2156
2188
2194
2188
2181
2172
2147
2124
2100
2092
2106
2128
2131
2099
2057
2015
1970
1945
1917
1893
1886
1912
1928
1944
1956
1943
1940
1937
1966
1986
2025
2075
2097
2115
2114
2095
2083
2040
2040
2023
2030
2055
2072
2081
2095
2096
2108
2069
2047
2024
2010
2000
1959
1968
1964
1954
1936
1921
1904
1884
1881
1882
1897
1929
1943
1952
1958
1954
1981
2009
2044
2089
2124
2168
2199
2234
2225
2219
2211
2204
2191
2189
2173
2151
2136
2100
2066
2033
2014
1991
1970
1948
1946
1934
1920
1914
1921
1920
1928
1956
2015
2074
2116
2128
2123
2134
2099
2093
2081
2080
2087
2112
2121
2155
2161
2163
2154
2120
2102
2102
2099
2119
2129
2132
2127
2132
2130
2100
2091
2073
2069
2083
2095
2112
2127
2148
2153
2144
2148
2136
2122
2127
2149
2169
2173
2158
2130
2110
2070
2040
2005
1991
1978
1962
1960
1947
1920
1912
1882
1876
1864
1856
1892
1916
1946
1985
2048
2068
2101
2121
2148
2139
2136
2140
2137
2121
2095
2086
2076
2076
2057
2046
2015
2008
1979
1955
1929
1896
1881
1897
1918
1943
1964
2000
2028
2038
2041
2064
2075
2081
2113
2143
2172
2200
2213
2210
2193
2204
2192
2191
2196
2215
2232
2226
2207
2181
2145
2099
2069
2041
2032
2037
2051
2061
2085
2083
2069
2043
2037
2012
2020
2030
2048
2074
2085
2076
2063
2049
2058
2047
2039
2052
2071
2079
2072
2048
2035
2020
1992
1984
1987
1987
2005
2013
2024
2012
2010
2001
1976
1980
1980
1998
2015
2031
2043
2054
2080
2073
2069
2086
2072
2076
2079
2080
2070
2064
2049
2041
2032
2048
2048
2048
2040
2024
2032
2050
2050
2059
2066
2060
2062
2036
2019
2003
1994
1985
1978
2013
2013
2038
2048
2054
2057
2039
2016
2010
2007
2019
2034
2046
2070
2082
2082
2076
2056
2017
1997
2003
2019
2032
2056
2077
2075
2045
2024
2009
1999
2025
2025
2043
2044
2031
2001
1972
1924
1895
1872
1885
1892
1914
1937
1948
1952
1952
1929
1912
1877
1884
1903
1933
1974
1983
2001
1998
1980
1951
1927
1920
1908
1908
1922
1934
1940
1921
1923
1921
1911
1903
1927
1940
1942
1977
1980
1976
1940
1910
1891
1875
1871
1894
1912
1940
1962
1966
1973
1973
1952
1968
1976
1988
2016
2039
2053
2050
2040
2027
1996
1995
2003
2012
2026
2054
2062
2068
2065
2024
2016
2014
2023
2054
2083
2119
2124
2131
2124
2093
2074
2051
2051
2076
2079
2096
2123
2137
2140
2137
2113
2112
2115
2122
2130
2142
2134
2131
2108
2122
2110
2096
2112
2125
2112
2094
2084
2079
2069
2069
2073
2073
2099
2127
2117
2132
2119
2102
2086
2063
2067
2068
2087
2108
2117
2117
2102
2060
2040
2027
1999
1999
2002
2017
2024
2011
2003
1975
1959
1956
1948
1952
1960
1976
2013
2032
2037
2026
2025
2027
2025
2032
2059
2077
2090
2085
2073
2043
2036
2023
2000
1987
1987
1989
1967
1952
1943
1929
1913
1928
1926
1937
1945
1944
1948
1944
1930
1928
1916
1911
1928
1949
1962
1983
1996
1992
1989
1974
2079
2012
2009
2010
2032
2033
2046
2048
2052
2125
2120
2034
2039
2104
2047
2032
2046
2110
2034
2004
1982
1960
1957
1961
1985
1984
1983
1972
1947
1939
1931
1929
1945
1932
1927
1930
1920
1912
1902
1890
1894
1900
1905
1894
1892
1910
1903
1899
1920
1936
1894
1885
1886
1894
1912
1922
1932
1944
1941
1933
1929
1918
1928
1945
1929
1930
1959
1971
1962
1940
1954
1974
1984
2003
2003
2013
2003
2014
2001
1984
1960
1933
1950
1938
1944
1946
1946
1954
1956
1939
1936
1916
1900
1887
1906
1917
1926
1920
1934
1944
1947
1971
1964
1952
1964
1963
1967
1984
1984
1981
1976
1976
1975
1981
1983
1993
1988
1990
1969
1969
1958
1958
1935
1927
1952
1950
1959
1970
1960
1961
1962
1945
1967
1972
1955
1945
1943
1936
1921
1901
1891
1890
1891
1920
1924
1934
1942
1919
1929
1916
1901
1888
1886
1907
1902
1906
1929
1951
1953
1955
1937
1915
1895
1894
1905
1909
1928
1939
1953
1952
1938
1934
1927
1919
1941
1976
1990
1999
2015
2023
1995
2001
2002
1993
1993
2017
2035
2056
2067
2075
2083
2072
2058
2046
2030
2059
2057
2064
2088
2092
2113
2115
2100
2104
2128
2120
2109
2104
2121
2107
2104
2112
2121
2133
2142
2160
2152
2164
2172
2176
2178
2181
2180
2191
2197
2209
2216
2232
2230
2206
2193
2169
2164
2190
2200
2218
2222
2222
2207
2199
2196
2201
2195
2195
2208
2232
2252
2245
2260
2261
2240
2224
2218
2209
2195
2202
2219
2204
2183
2178
2140
2128
2102
2086
2087
2102
2112
2110
2110
2101
2112
2116
2124
2120
2126
2136
2155
2164
2168
2153
2142
2134
2117
2123
2121
2123
2118
2140
2135
2113
2103
2082
2062
2053
2050
2052
2042
2051
2039
2045
2034
2029
2022
2005
2008
2018
2031
2041
2039
2035
2047
2068
2313
2361
2151
2087
2051
2040
2039
2035
2038
2056
2071
2059
2070
2070
2071
2064
2044
2034
2014
2011
2016
2000
2008
2009
2012
2009
1995
1977
1950
1951
1950
1976
1996
2013
2023
2022
1993
1966
1963
1946
1943
1950
1979
2008
2029
2030
2032
1988
1944
1903
1883
1890
1906
1944
1977
1992
1991
1961
1909
1872
1854
1867
1870
1920
1945
1976
1988
1968
1926
1911
1900
1904
1928
1937
1969
1972
1957
1932
1918
1908
1924
1944
1956
1962
1986
2002
2008
1994
1984
1976
1980
1997
2028
2052
2040
2029
1998
1986
1962
1965
1974
1997
2013
2018
2005
1992
1951
1951
1922
1927
1939
1936
1943
1967
1986
1972
1959
1952
1921
1912
1914
1928
1963
1982
1998
1991
1983
1931
1923
1896
1867
1857
1860
1886
1921
1944
1949
1932
1912
1874
1834
1820
1833
1866
1904
1938
1964
1958
1971
1945
1907
1873
1872
1882
1898
1933
1939
1955
1960
1938
1912
1891
1867
1856
1873
1910
1921
1940
1946
1928
1913
1908
1885
1883
1877
1884
1907
1923
1936
1950
1950
1944
1927
1937
1925
1926
1953
1955
1976
1978
1990
1984
1980
1989
1989
1988
1980
1986
1985
1967
1974
1973
1979
1968
1980
2014
2020
2035
2052
2072
2062
2048
2054
2065
2086
2103
2111
2112
2092
2096
2091
2079
2069
2079
2108
2132
2139
2117
2132
2136
2133
2128
2100
2091
2095
2102
2096
2112
2111
2095
2096
2108
2099
2102
2114
2131
2125
2133
2142
2134
2130
2126
2134
2123
2104
2124
2128
2119
2092
2090
2084
2067
2052
2063
2071
2090
2093
2081
2066
2035
2029
2012
2004
2012
2032
2039
2036
2027
2019
2004
1974
1962
1971
1968
1977
1996
2005
2010
1991
1971
1937
1912
1900
1886
1900
1927
1940
1957
1940
1941
1942
1927
1904
1924
1932
1964
1999
2012
2012
2004
1997
1985
1982
1986
1976
1984
1989
1997
2003
1988
1997
1992
1995
2000
1986
1999
1998
2008
2009
2000
1998
1988
1991
1993
2008
2011
2014
2020
2019
2003
2005
1979
1994
2009
2044
2037
2046
2048
2044
2050
2049
2044
2024
2035
2063
2084
2078
2073
2075
2063
2055
2032
2019
2008
2017
2041
2054
2051
2051
2054
2049
2036
2027
2023
2027
2009
1999
2019
2033
2031
2047
2032
2022
2001
2002
2005
2013
2025
2026
2027
2045
2075
2068
2049
2040
2018
2012
2032
2017
2011
2025
2011
2020
2024
2020
2016
2002
2008
2013
2020
2028
2049
2067
2067
2060
2051
2033
2017
2019
2011
2040
2038
2064
2066
2064
2058
2051
2045
2040
2042
2046
2076
2092
2092
2080
2072
2058
2040
2022
2016
2015
2007
2013
2039
2034
2025
1999
1996
1984
1980
1993
1996
1988
2014
2006
1999
2003
1988
1964
1966
1952
1956
1975
1985
1996
1990
1999
2007
2002
2001
1993
1991
1984
1984
1989
1993
2000
1991
1980
1966
1949
1960
1969
1986
1979
1993
1976
1972
1962
1973
1982
2004
1998
1989
1994
1997
1988
2003
2004
2024
2028
2032
2031
2031
2032
2020
2031
2050
2047
2060
2069
2057
2069
2066
2077
2076
2076
2083
2106
2110
2118
2115
2100
2091
2094
2093
2100
2110
2119
2140
2141
2135
2136
2133
2136
2150
2153
2150
2162
2157
2164
2142
2131
2138
2139
2134
2131
2116
2115
2123
2126
2121
2133
2144
2135
2134
2119
2103
2100
2093
2097
2095
2099
2110
2110
2117
2118
2129
2124
2108
2103
2103
2124
2130
2153
2143
2135
2106
2088
2057
2043
2050
2056
2072
2087
2083
2084
2086
2083
2077
2074
2073
2101
2076
2071
2068
2064
2041
2045
2022
2020
2023
2018
2021
2019
2001
1991
1995
1975
1965
1947
1955
1943
1949
1959
1947
1951
1933
1931
1923
1913
1899
1899
1897
1904
1877
1876
1868
1884
1891
1896
1902
1895
1920
1928
1917
1912
1919
1902
1889
1902
1965
1935
1944
1975
1968
1987
1976
1988
1997
1980
1990
1987
2011
2031
2029
2021
2016
2020
2035
2041
2027
2039
2029
2033
2032
2020
2018
2024
2021
2019
1999
1995
1995
1996
1994
1979
1948
1948
1935
1926
1938
1940
1946
1946
1927
1923
1907
1907
1903
1892
1896
1900
1906
1929
1927
1929
1920
1924
1929
1927
1927
1955
1961
2104
2040
2035
2029
2031
2025
2020
2013
2023
2037
2166
2224
2199
2141
2172
2190
2141
2127
2123
2115
2121
2138
2146
2168
2161
2157
2154
2153
2140
2130
2136
2142
2163
2176
2180
2186
2197
2201
2182
2202
2249
2191
2177
2168
2176
2172
2183
2181
2166
2162
2147
2132
2132
2126
2113
2090
2081
2082
2067
2050
2035
2036
2039
2040
2042
2034
2026
2034
2029
2019
1992
1991
1995
1998
2006
1996
1982
1976
1976
1961
1932
1917
1902
1905
1886
1883
1886
1880
1866
1867
1849
1837
1832
1848
1851
1848
1869
1875
1882
1882
1877
1863
1861
1863
1874
1871
1862
1873
1874
1888
1876
1862
1841
1846
1848
1849
1836
1836
1845
1855
1844
1852
1854
1880
1899
1896
1909
1929
1943
1942
1950
1955
1948
1963
1983
1985
1993
1986
2002
1990
1969
1980
1989
1998
1984
1992
2004
2003
2013
2017
2020
2038
2037
2063
2066
2057
2035
2047
2032
2038
2050
2068
2095
2117
2107
2098
2088
2094
2093
2112
2125
2124
2129
2158
2153
2158
2159
2170
2186
2203
2185
2182
2174
2182
2183
2177
2180
2179
2192
2189
2182
2186
2163
2161
2150
2152
2152
2148
2142
2139
2136
2127
2103
2092
2080
2083
2080
2063
2043
2038
2016
2010
2002
2001
1989
1988
1996
1991
2012
2014
2021
2034
2048
2031
2000
1999
1975
1961
1952
1947
1941
1936
1929
1939
1944
1925
1897
1902
1904
1937
1961
1982
1998
1997
1966
1943
1921
1905
1916
1918
1933
1947
1942
1941
1942
1931
1909
1890
1908
1904
1916
1959
1964
1968
1959
1941
1925
1893
1884
1878
1864
1866
1886
1896
1906
1901
1899
1892
1867
1857
1831
1832
1836
1829
1851
1865
1882
1880
1836
1789
1788
1805
1814
1826
1852
1899
1928
1946
1949
1932
1919
1912
1903
1887
1864
1875
1880
1902
1912
1908
1872
1848
1830
1840
1864
1904
1947
1959
1956
1935
1910
1904
1916
1940
1980
1992
2012
2026
2026
2029
2033
2029
2017
2115
2268
2226
2075
2050
2030
2017
1971
1944
1918
1907
1895
1909
1920
1925
1925
1908
1896
1900
1936
1956
1972
1966
1953
1955
1951
1978
1996
2019
2033
2017
2008
2001
2009
2041
2090
2140
2181
2163
2104
2040
1948
1873
1829
1836
1860
1840
1827
1785
1753
1728
1721
1736
1766
1823
1873
1928
1959
1958
1963
1977
2009
2062
2104
2108
2087
2038
1983
1953
1952
1945
1969
1987
2014
2062
2115
2135
2094
2060
2035
2009
2028
2060
2125
2224
2320
2402
2432
2396
2332
2223
2124
2076
2027
2035
2063
2110
2144
2168
2196
2192
2159
2127
2098
2123
2142
2145
2184
2177
2184
2190
2230
2278
2326
2329
2287
2233
2150
2072
1982
1971
2014
2082
2144
2248
2319
2324
2279
2180
2085
2022
2007
2042
2106
2189
2236
2246
2216
2134
2051
1987
1951
1971
2020
2094
2176
2236
2243
2241
2214
2177
2130
2142
2154
2195
2270
2344
2395
2395
2359
2291
2243
2205
2193
2252
2351
2482
2576
2609
2572
2498
2405
2284
2182
2119
2119
2146
2181
2215
2238
2228
2179
2125
2076
2043
2046
2049
2068
2060
2028
1969
1939
1938
1968
2006
2046
2058
2046
2015
1977
1917
1866
1843
1868
1910
1970
2011
2016
1985
1945
1894
1853
1847
1889
1933
2009
2089
2102
2072
2016
1922
1856
1832
1865
1967
2120
2254
2337
2337
2263
2148
2013
1910
1875
1878
1939
2033
2145
2238
2279
2270
2210
2144
2079
2055
2070
2105
2143
2167
2178
2178
2182
2204
2214
2233
2252
2276
2278
2275
2260
2236
2219
2193
2190
2195
2182
2171
2164
2144
2163
2167
2174
2177
2188
2155
2121
2081
2024
1968
1908
1857
1840
1843
1875
1910
1955
1955
1920
1866
1811
1756
1708
1687
1693
1715
1772
1818
1867
1912
1935
1927
1891
1837
1798
1779
1789
1814
1863
1888
1911
1914
1889
1878
1857
1843
1852
1863
1868
1891
1916
1920
1899
1852
1806
1778
1783
1809
1831
1880
1952
1995
2001
1989
1937
1884
1821
1800
1763
1758
1772
1801
1854
1914
1949
1978
1983
1968
1935
1911
1865
1849
1870
1896
1956
1988
1996
1978
1969
1918
1876
1837
1804
1759
1760
1760
1757
1756
1751
1718
1710
1718
1699
1728
1743
1768
1804
1809
1784
1753
1712
1710
1711
1728
1766
1819
1836
1872
1921
1894
1905
1892
1872
1858
1871
1907
1933
1972
2004
2000
1985
1969
1958
1927
1947
1992
2026
2105
2163
2144
2105
2050
2001
1989
1971
1987
2014
2062
2089
2124
2127
2100
2041
1978
1940
1929
1951
1943
1949
1948
1975
1988
1956
1925
1898
1873
1874
1923
1960
1992
2019
2008
1962
1934
1919
1920
1970
2031
2076
2105
2126
2100
2076
2024
1998
1983
2022
2073
2121
2127
2116
2103
2116
2112
2101
2083
2088
2060
2070
2079
2108
2132
2108
2100
2118
2103
2093
2071
2069
2105
2151
2173
2165
2164
2148
2115
2080
2069
2094
2097
2090
2114
2124
2102
2067
2007
1943
1922
1893
1904
1921
1932
1919
1872
1828
1802
1802
1795
1760
1776
1804
1810
1800
1780
1719
1666
1616
1631
1664
1728
1756
1814
1823
1795
1760
1723
1688
1701
1723
1752
1840
1914
1985
2016
1985
1928
1878
1898
1948
2006
2106
2207
2281
2309
2298
2254
2190
2138
2119
2163
2243
2356
2419
2448
2422
2360
2293
2234
2188
2179
2236
2299
2351
2358
2339
2287
2207
2167
2129
2094
2104
2121
2137
2157
2144
2103
2065
2008
1973
1932
1930
1967
1993
1996
1949
1900
1837
1821
1804
1816
1809
1772
1748
1732
1706
1686
1643
1625
1640
1671
1692
1705
1689
1648
1595
1564
1545
1556
1619
1662
1706
1742
1722
1727
1735
1759
1758
1740
1701
1681
1681
1718
1742
1795
1862
1942
2028
2080
2103
2042
2023
1956
1856
1814
1853
1936
1978
2047
2086
2151
2153
2123
2096
2028
2017
2024
2113
2201
2268
2308
2303
2257
2197
2128
2138
2200
2267
2323
2347
2302
2216
2140
2074
2051
2119
2228
2289
2304
2299
2264
2221
2183
2137
2105
2087
2086
2077
2060
2060
2035
2008
2011
2027
1995
1957
1932
1889
1879
1878
1923
1944
1999
2060
2163
2139
2126
2108
2104
2096
2106
2117
2171
2245
2294
2179
2214
2177
2153
2204
2240
2256
2244
2207
2155
2141
2149
2175
2223
2276
2324
2369
2401
2393
2358
2305
2278
2295
2345
2399
2417
2400
2361
2308
2222
2157
2083
2031
2003
1988
2023
2081
2151
2124
2073
2019
1995
1955
1935
1944
1970
2004
2032
2014
1951
1884
1819
1796
1830
1891
2005
2121
2188
2208
2174
2111
2055
2022
2027
2041
2066
2121
2196
2244
2266
2254
2213
2188
2183
2225
2271
2339
2441
2555
2621
2639
2597
2528
2454
2425
2445
2505
2582
2667
2707
2702
2642
2570
2516
2486
2503
2537
2592
2660
2700
2715
2668
2588
2507
2462
2425
2454
2530
2575
2593
2562
2504
2435
2349
2331
2352
2406
2471
2508
2493
2428
2319
2212
2146
2161
2243
2323
2369
2436
2476
2461
2409
2325
2263
2257
2332
2418
2519
2575
2574
2502
2433
2343
2303
2283
2336
2436
2540
2611
2634
2619
2549
2457
2394
2392
2473
2564
2647
2692
2680
2622
2529
2431
2387
2400
2436
2475
2526
2558
2536
2504
2480
2481
2502
2507
2508
2498
2470
2454
2416
2362
2317
2297
2288
2303
2317
2325
2285
2244
2176
2144
2153
2200
2232
2265
2269
2233
2183
2143
2102
2086
2079
2106
2150
2186
2191
2163
2118
2055
2017
2019
2048
2068
2097
2107
2086
2051
2021
1985
1959
1944
1960
1976
1995
1996
1987
1989
1993
2024
2061
2078
2060
2025
1961
1879
1809
1762
1774
1814
1865
1929
1945
1916
1867
1788
1732
1712
1725
1745
1767
1757
1723
1695
1654
1595
1547
1498
1478
1482
1478
1496
1488
1456
1430
1409
1379
1367
1363
1374
1396
1389
1394
1384
1372
1358
1326
1294
1302
1286
1286
1264
1250
1280
1284
1311
1294
1284
1287
1275
1259
1233
1214
1202
1209
1227
1216
1202
1190
1186
1169
1149
1158
1191
1235
1287
1299
1271
1179
1107
1075
1076
1080
1140
1252
1351
1387
1354
1261
1196
1161
1147
1150
1154
1185
1268
1373
1482
1504
1397
1268
1118
1027
1009
1074
1222
1390
1537
1569
1516
1394
1240
1169
1146
1206
1316
1479
1621
1691
1692
1562
1398
1226
1133
1164
1263
1442
1631
1790
1838
1758
1548
1275
1095
1105
1302
1631
1921
2025
1906
1641
1359
1135
1042
1122
1348
1636
1870
1953
1895
1762
1592
1507
1423
1424
1442
1532
1671
1745
1758
1645
1497
1310
1130
1049
1080
1275
1537
1803
1926
1843
1584
1266
1081
1044
1146
1372
1673
1929
2074
2056
1897
1660
1407
1248
1255
1444
1708
1951
2068
2045
1910
1724
1514
1367
1308
1343
1517
1744
1936
2000
1905
1724
1531
1403
1333
1328
1399
1551
1696
1764
1730
1600
1445
1320
1228
1173
1218
1356
1521
1655
1679
1628
1475
1296
1165
1118
1185
1362
1555
1720
1778
1735
1634
1558
1559
1620
1746
1908
2060
2189
2287
2329
2303
2255
2231
2258
2375
2559
2812
3091
3348
3489
3504
3399
3288
3227
3271
3417
3618
3800
3919
3942
3874
3756
3670
3687
3815
4003
4094
4094
4094
4094
4094
4094
4019
3924
3930
3990
4032
4033
3935
3814
3670
3474
3330
3233
3197
3189
3196
3148
3079
2937
2744
2548
2368
2226
2133
2076
2060
2035
1968
1832
1691
1566
1517
1529
1572
1622
1629
1635
1829
1804
1548
1422
1344
1317
1308
1349
1383
1439
1452
1467
1491
1500
1541
1596
1713
1845
1984
2107
2181
2197
2187
2169
2201
2277
2371
2474
2585
2672
2742
2793
2815
2835
2862
2904
2970
3052
3143
3204
3217
3187
3133
3090
3053
3060
3080
3133
3203
3265
3305
3305
3243
3169
3079
3022
2980
2978
2979
2958
2935
2870
2764
2664
2595
2572
2603
2659
2669
2668
2649
2616
2587
2583
2599
2612
2649
2708
2762
2776
2782
2752
2696
2643
2601
2576
2573
2604
2662
2744
2797
2816
2793
2727
2643
2595
2566
2573
2607
2606
2612
2581
2524
2445
2373
2305
2271
2289
2319
2372
2418
2444
2428
2399
2347
2280
2206
2153
2103
2083
2064
2041
2018
1983
1915
1821
1718
1624
1548
1468
1403
1356
1323
1297
1268
1226
1145
1061
988
938
902
887
920
956
991
1016
1014
976
938
888
863
833
817
822
812
803
777
737
727
708
729
780
812
850
890
891
894
900
904
942
960
974
1009
1026
1047
1049
1043
1008
1000
974
968
974
976
967
944
943
904
866
817
809
803
823
827
817
791
731
660
614
604
606
617
667
711
748
775
799
796
815
799
805
855
946
973
991
982
959
942
907
923
952
1018
1072
1158
1176
1227
1241
1251
1256
1252
1243
1250
1296
1362
1403
1455
1499
1508
1503
1475
1478
1487
1524
1555
1603
1643
1660
1654
1637
1636
1676
1720
1756
1791
1831
1854
1888
1902
1927
1934
1968
2027
2059
2116
2161
2187
2193
2202
2203
2188
2213
2253
2293
2333
2372
2392
2418
2390
2360
2330
2310
2336
2340
2371
2387
2383
2359
2341
2312
2300
2301
2326
2334
2341
2350
2358
2364
2369
2379
2371
2364
2340
2320
2312
2279
2256
2256
2256
2262
2265
2263
2274
2270
2262
2252
2262
2269
2278
2303
2340
2385
2412
2446
2459
2483
2496
2517
2538
2579
2606
2627
2660
2681
2704
2722
2708
2713
2723
2765
2816
2875
2933
2963
2990
3016
3034
3028
3065
3097
3137
3192
3261
3286
3307
3313
3335
3337
3368
3387
3413
3440
3484
3520
3532
3536
3534
3545
3566
3610
3636
3639
3644
3647
3617
3577
3575
3561
3558
3546
3532
3514
3488
3437
3375
3339
3321
3304
3289
3298
3297
3270
3236
3199
3180
3147
3110
3084
3053
3027
3051
3054
3060
3033
2997
2960
2926
2918
2936
2976
3008
3044
3064
3069
3049
3037
3021
3032
3060
3091
3112
3116
3109
3104
3121
3150
3165
3191
3215
3235
3223
3209
3182
3152
3094
3050
2998
2955
2920
2905
2910
2875
2846
2782
2725
2675
2632
2604
2584
2574
2551
2513
2452
2369
2282
2211
2127
2086
2075
2050
2051
2032
2001
2046
1939
1873
1816
1805
1811
1841
1895
1938
1995
2025
2009
1885
1849
1903
1843
1875
1922
1978
2004
1991
1984
1981
1961
1979
1994
2030
2043
2072
2108
2114
2089
2048
2022
2001
2014
2028
2063
2130
2179
2134
2095
2066
2036
2019
1985
1981
1949
1927
1882
1839
1791
1734
1683
1638
1603
1565
1562
1534
1522
1482
1424
1398
1339
1311
1275
1243
1245
1241
1222
1176
1143
1114
1067
1040
1023
1003
988
963
939
915
885
853
806
759
747
735
724
726
723
699
661
615
584
564
551
549
578
611
637
652
667
657
657
675
660
671
709
753
783
818
852
872
880
899
892
910
928
967
988
1032
1062
1069
1078
1076
1079
1080
1107
1116
1140
1188
1213
1227
1242
1228
1213
1228
1221
1228
1259
1295
1324
1334
1359
1365
1367
1353
1341
1342
1330
1340
1373
1406
1436
1428
1431
1392
1383
1353
1382
1400
1410
1432
1437
1447
1429
1411
1407
1401
1423
1432
1473
1512
1537
1555
1565
1559
1571
1575
1594
1636
1648
1677
1696
1706
1732
1735
1750
1769
1799
1810
1817
1826
1841
1833
1852
1877
1919
1955
1999
2041
2074
2118
2141
2176
2207
2237
2254
2266
2299
2338
2366
2414
2439
2458
2453
2409
2389
2383
2406
2437
2479
2510
2533
2540
2496
2440
2375
2353
2353
2383
2444
2488
2481
2440
2360
2276
2219
2190
2187
2216
2266
2288
2291
2260
2191
2122
2068
2060
2070
2124
2174
2224
2243
2226
2170
2100
2065
2041
2042
2051
2074
2108
2105
2083
2093
2082
2087
2080
2098
2093
2073
2093
2147
2183
2226
2236
2257
2250
2264
2254
2236
2238
2249
2291
2348
2386
2428
2419
2416
2401
2368
2342
2316
2294
2264
2245
2213
2186
2133
2085
2043
2010
1975
1955
1927
1919
1895
1911
1885
1872
1850
1811
1771
1737
1720
1711
1684
1673
1674
1682
1706
1722
1736
1752
1747
1723
1676
1662
1643
1646
1665
1701
1742
1759
1735
1674
1630
1615
1646
1711
1824
1892
1933
1943
1914
1897
1863
1857
1876
1938
2003
2044
2099
2127
2124
2079
2034
1994
1989
2023
2065
2133
2166
2157
2127
2099
2060
2030
2018
2031
2065
2127
2211
2460
2474
2201
2073
1992
1953
1971
1985
2008
1992
1950
1887
1828
1764
1719
1710
1741
1794
1859
1916
1938
1918
1848
1776
1723
1695
1733
1796
1886
1952
1979
1966
1918
1883
1841
1790
1761
1753
1757
1779
1818
1842
1869
1857
1824
1787
1758
1758
1809
1891
1995
2074
2116
2147
2142
2138
2110
2065
2063
2079
2130
2175
2230
2271
2297
2300
2284
2254
2218
2187
2193
2225
2270
2307
2324
2315
2269
2216
2156
2132
2132
2136
2151
2144
2091
2036
1976
1916
1899
1915
1916
1933
1931
1923
1894
1855
1812
1748
1689
1630
1578
1551
1536
1523
1513
1481
1457
1438
1424
1413
1387
1384
1372
1336
1278
1251
1226
1204
1203
1207
1218
1223
1223
1216
1222
1248
1251
1290
1332
1389
1428
1452
1447
1451
1422
1392
1368
1353
1358
1372
1406
1451
1462
1487
1466
1471
1467
1484
1508
1517
1557
1588
1606
1608
1616
1604
1638
1646
1656
1682
1720
1762
1782
1796
1807
1804
1797
1812
1816
1853
1879
1893
1901
1907
1911
1902
1912
1911
1936
1958
2003
2037
2069
2092
2105
2113
2105
2095
2117
2131
2174
2207
2224
2240
2259
2258
2272
2304
2351
2392
2432
2480
2521
2562
2585
2604
2617
2625
2646
2679
2696
2705
2726
2745
2750
2758
2747
2746
2748
2760
2781
2799
2836
2855
2858
2862
2851
2856
2861
2876
2897
2927
2969
2988
3015
3020
3009
3006
3009
3014
3022
3019
3001
2974
2952
2928
2910
2893
2872
2878
2854
2823
2812
2793
2779
2761
2744
2722
2702
2698
2674
2661
2653
2647
2644
2617
2598
2576
2571
2570
2557
2535
2503
2486
2472
2438
2416
2408
2416
2415
2395
2380
2389
2399
2398
2398
2407
2388
2397
2404
2411
2393
2393
2398
2391
2404
2416
2433
2454
2458
2454
2463
2463
2490
2503
2514
2535
2579
2582
2598
2611
2588
2580
2583
2600
2609
2628
2643
2653
2629
2599
2575
2571
2553
2556
2552
2535
2553
2547
2537
2507
2504
2490
2492
2489
2486
2485
2504
2501
2507
2499
2478
2477
2480
2453
2448
2449
2463
2473
2476
2476
2475
2462
2441
2435
2419
2415
2415
2407
2412
2421
2414
2409
2411
2398
2400
2397
2412
2399
2408
2414
2403
2425
2431
2459
2476
2472
2483
2485
2457
2447
2432
2419
2429
2418
2424
2405
2400
2368
2347
2315
2279
2255
2228
2224
2205
2184
2150
2129
2090
2069
2048
2028
2023
2023
2025
2020
2029
2008
1987
1963
1968
1953
1936
1929
1920
1894
1882
1858
1828
1794
1761
1737
1704
1672
1645
1619
1594
1585
1566
1562
1547
1520
1518
1480
1459
1447
1445
1447
1445
1445
1430
1436
1438
1431
1424
1427
1432
1432
1440
1456
1459
1460
1448
1436
1432
1425
1408
1400
1392
1391
1401
1416
1416
1424
1420
1414
1428
1443
1456
1470
1488
1484
1476
1476
1473
1460
1464
1481
1507
1520
1534
1558
1579
1596
1603
1615
1615
1627
1627
1624
1628
1625
1621
1607
1590
1584
1574
1546
1544
1525
1510
1508
1516
1504
1508
1498
1486
1468
1454
1449
1448
1452
1447
1451
1447
1430
1416
1402
1383
1380
1383
1394
1409
1400
1424
1422
1395
1388
1379
1368
1361
1392
1402
1430
1449
1464
1447
1480
1474
1476
1500
1524
1548
1574
1588
1603
1612
1633
1644
1651
1659
1673
1700
1719
1742
1784
1787
1790
1797
1796
1807
1819
1829
1839
1852
1868
1877
1895
1884
1881
1863
1894
1891
1894
1910
1927
1952
1969
1980
1971
1997
2011
2022
2063
2113
2144
2174
2185
2187
2195
2201
2210
2262
2286
2313
2329
2339
2369
2387
2387
2424
2428
2453
2495
2541
2570
2604
2643
2645
2682
2711
2725
2752
2774
2802
2841
2872
2888
2920
2944
2974
2995
2976
2990
3003
2992
3003
2993
2995
2986
2969
2969
2950
2937
2920
2903
2880
2870
2867
2866
2844
2840
2830
2840
2819
2808
2803
2808
2798
2782
2791
2796
2782
2760
2734
2729
2711
2690
2684
2665
2657
2651
2639
2611
2588
2560
2535
2519
2485
2460
2452
2446
2446
2435
2396
2369
2326
2313
2295
2302
2305
2331
2313
2320
2304
2284
2255
2264
2249
2234
2241
2245
2236
2229
2213
2209
2174
2147
2136
2104
2101
2081
2061
2038
2031
2006
1981
1939
1926
1899
1883
1867
1864
1851
1832
1828
1805
1766
1756
1738
1741
1721
1705
1684
1672
1633
1595
1572
1548
1509
1473
1449
1406
1379
1357
1326
1300
1270
1249
1224
1214
1180
1163
1159
1143
1200
1140
1119
1113
1094
1095
1079
1091
1071
1072
1158
1218
1169
1116
1113
1108
1105
1092
1095
1100
1111
1116
1117
1133
1125
1117
1110
1104
1107
1105
1100
1097
1122
1128
1133
1147
1146
1155
1147
1146
1161
1184
1199
1198
1216
1223
1233
1258
1251
1255
1265
1260
1247
1247
1262
1268
1269
1277
1284
1298
1286
1283
1304
1303
1294
1302
1287
1282
1284
1305
1313
1337
1373
1394
1413
1413
1421
1437
1451
1452
1454
1477
1504
1559
1652
1593
1577
1565
1571
1562
1557
1533
1548
1566
1595
1634
1661
1679
1671
1670
1660
1664
1675
1697
1754
1823
1887
1943
1984
2007
2007
1987
1964
1963
1987
2044
2116
2213
2296
2343
2353
2313
2258
2195
2152
2137
2207
2319
2528
2564
2584
2556
2484
2368
2265
2203
2211
2283
2403
2523
2599
2574
2502
2364
2235
2171
2164
2258
2377
2508
2579
2587
2526
2396
2278
2204
2192
2216
2312
2436
2526
2574
2550
2475
2361
2256
2207
2209
2275
2340
2419
2471
2485
2450
2395
2331
2272
2259
2280
2347
2423
2448
2456
2414
2373
2328
2311
2325
2349
2390
2448
2489
2490
2485
2448
2403
2354
2336
2367
2389
2437
2492
2513
2510
2487
2424
2365
2323
2323
2371
2432
2494
2523
2518
2475
2387
2310
2240
2212
2243
2312
2426
2516
2554
2516
2435
2355
2275
2240
2259
2328
2407
2481
2512
2506
2441
2377
2293
2240
2236
2266
2321
2383
2410
2429
2389
2329
2272
2236
2199
2210
2233
2284
2308
2352
2364
2343
2302
2251
2207
2210
2220
2241
2262
2273
2280
2273
2227
2206
2175
2159
2152
2149
2164
2154
2134
2112
2087
2070
2059
2050
2041
2035
2025
2016
2008
1984
1969
1927
1921
1911
1909
1917
2000
2158
2095
1873
1790
1748
1734
1731
1751
1752
1741
1712
1670
1627
1578
1553
1567
1567
1563
1567
1580
1582
1557
1519
1468
1443
1396
1393
1416
1425
1455
1480
1487
1497
1475
1461
1432
1423
1431
1443
1465
1481
1499
1504
1503
1495
1493
1495
1497
1494
1515
1527
1532
1524
1537
1547
1560
1556
1575
1574
1574
1573
1561
1552
1571
1591
1619
1632
1662
1674
1691
1690
1693
1679
1683
1692
1731
1767
1803
1832
1864
1860
1874
1850
1847
1849
1859
1900
1948
1999
2023
2011
1999
1992
1969
1976
1983
1984
2012
2058
2078
2102
2083
2067
2053
2041
2040
2063
2078
2114
2141
2149
2144
2138
2135
2119
2113
2126
2151
2175
2187
2191
2193
2179
2169
2158
2151
2161
2183
2175
2165
2178
2183
2163
2168
2157
2173
2186
2196
2220
2236
2235
2232
2202
2199
2199
2187
2211
2224
2254
2279
2301
2298
2282
2260
2242
2216
2204
2195
2214
2233
2259
2262
2271
2263
2228
2219
2196
2179
2181
2205
2214
2255
2286
2299
2297
2283
2246
2230
2247
2259
2280
2315
2347
2354
2362
2381
2371
2362
2375
2375
2400
2421
2432
2454
2458
2476
2471
2486
2491
2496
2500
2498
2525
2539
2545
2524
2539
2550
2565
2566
2577
2597
2609
2607
2619
2623
2624
2631
2618
2621
2619
2626
2641
2643
2656
2638
2635
2621
2588
2571
2563
2568
2563
2571
2562
2565
2559
2542
2524
2516
2514
2510
2509
2509
2512
2503
2511
2489
2485
2479
2470
2485
2483
2484
2475
2465
2468
2460
2465
2445
2439
2437
2430
2424
2415
2403
2392
2384
2371
2353
2341
2317
2321
2300
2301
2296
2282
2285
2279
2273
2276
2273
2268
2259
2258
2246
2240
2241
2230
2224
2211
2197
2200
2190
2186
2172
2154
2136
2142
2111
2101
2080
2062
2074
2058
2036
2006
1977
1950
1948
1933
1896
1888
1891
1891
1877
1874
1865
1839
1840
1831
1817
1819
1809
1804
1790
1783
1773
1761
1731
1710
1680
1651
1639
1623
1613
1632
1618
1615
1601
1607
1580
1563
1559
1550
1564
1551
1561
1580
1594
1592
1588
1584
1586
1592
1573
1575
1574
1597
1606
1612
1602
1612
1612
1618
1623
1620
1620
1650
1682
1687
1688
1700
1706
1707
1711
1727
1740
1757
1785
1789
1788
1770
1776
1780
1769
1775
1782
1788
1787
1800
1818
1831
1833
1843
1842
1848
1851
1880
1878
1890
1894
1891
1887
1896
1888
1889
1899
1905
1911
1918
1928
1931
1943
1956
1960
1939
1951
1949
1940
1967
1973
1991
2026
2012
2025
2020
2010
2033
2035
2023
2042
2057
2064
2069
2072
2085
2098
2100
2095
2097
2108
2103
2121
2131
2126
2134
2132
2130
2131
2125
2119
2118
2107
2133
2134
2156
2145
2143
2143
2153
2144
2152
2139
2147
2154
2157
2156
2167
2163
2170
2155
2141
2162
2190
2192
2214
2207
2202
2211
2210
2223
2227
2232
2244
2268
2298
2295
2285
2285
2275
2274
2272
2279
2285
2292
2291
2303
2296
2289
2268
2259
2247
2251
2247
2243
2240
2252
2257
2237
2217
2207
2179
2170
2147
2134
2127
2119
2113
2131
2118
2092
2083
2072
2057
2056
2046
2036
2015
2007
2000
2034
1987
1984
1971
1971
1959
1943
1926
1896
1891
1880
1871
1880
1880
1876
1882
1887
1892
1882
1871
1854
1861
1859
1856
1862
1878
1883
1886
1877
1873
1874
1869
1884
1893
1891
1892
1911
1887
1867
1868
1858
1859
1868
1884
1900
1900
1895
1904
1894
1888
1883
1871
1868
1873
1865
1880
1882
1880
1891
1899
1908
1911
1913
1905
1904
1897
1897
1890
1888
1887
1889
1897
1884
1882
1894
1879
1882
1881
1887
1867
1883
1876
1874
1886
1893
1895
1904
1892
1895
1897
1902
1900
1910
1916
1906
1926
1939
1937
1919
1919
1921
1920
1935
1962
2008
1954
1946
1939
1930
1936
1932
1952
2007
2014
1923
1891
1975
1881
1856
1857
1841
1835
1828
1812
1796
1775
1754
1760
1748
1740
1741
1740
1745
1745
1735
1734
1720
1711
1716
1719
1728
1838
1739
1684
1683
1669
1663
1663
1652
1666
1677
1685
1689
1702
1706
1699
1664
1648
1656
1652
1678
1681
1691
1699
1703
1676
1661
1638
1617
1618
1623
1655
1678
1710
1724
1715
1696
1665
1623
1623
1593
1601
1625
1638
1649
1648
1651
1628
1632
1619
1615
1607
1616
1620
1634
1656
1678
1679
1684
1659
1647
1622
1583
1572
1572
1621
1641
1678
1692
1690
1648
1612
1579
1581
1596
1641
1669
1662
1670
1682
1679
1684
1695
1692
1722
1727
1747
1766
1765
1770
1761
1767
1786
1799
1808
1810
1807
1822
1832
1856
1883
1891
1889
1866
1880
1876
1861
1859
1871
1872
1889
1912
1918
1940
1966
1977
1984
1993
1979
1979
1978
1987
1989
2014
2021
2030
2046
2051
2067
2064
2080
2084
2085
2091
2113
2140
2155
2158
2155
2151
2161
2161
2170
2177
2179
2180
2195
2220
2246
2291
2306
2296
2279
2255
2246
2258
2263
2292
2311
2332
2333
2315
2324
2318
2323
2320
2324
2347
2386
2391
2385
2368
2362
2365
2377
2377
2371
2350
2334
2328
2315
2328
2315
2302
2307
2303
2307
2305
2294
2294
2273
2259
2249
2259
2264
2247
2247
2246
2223
2227
2230
2216
2217
2190
2191
2207
2204
2197
2181
2168
2166
2175
2135
2142
2129
2133
2128
2147
2140
2161
2149
2155
2158
2160
2156
2157
2156
2147
2143
2144
2160
2176
2170
2158
2164
2165
2155
2151
2139
2147
2143
2173
2173
2190
2176
2178
2144
2132
2117
2116
2120
2136
2137
2139
2144
2133
2131
2122
2096
2094
2110
2125
2128
2133
2149
2161
2150
2147
2137
2128
2148
2141
2144
2157
2166
2177
2182
2164
2148
2141
2135
2126
2099
2108
2104
2102
2103
2092
2086
2070
2090
2077
2072
2072
2086
2102
2104
2105
2100
2086
2089
2078
2065
2062
2063
2069
2072
2066
2053
2049
2038
2035
2019
2016
2012
1999
1987
1976
1966
1948
1932
1916
1923
1923
1921
1905
1913
1909
1900
1891
1891
1882
1878
1881
1878
1879
1863
1866
1856
1838
1832
1819
1835
1827
1840
1838
1827
1825
1812
1790
1804
1809
1836
1877
1867
1875
1878
1848
1826
1815
1814
1826
1866
1880
1891
1926
1931
1931
1913
1926
1925
1945
1952
1965
1991
2009
2001
1991
1966
1964
1960
1959
1985
2016
2044
2079
2074
2059
2042
2033
2025
2032
2055
2077
2100
2126
2136
2147
2140
2143
2149
2172
2202
2201
2217
2239
2234
2248
2236
2227
2218
2225
2240
2246
2252
2264
2264
2249
2238
2216
2191
2182
2190
2200
2233
2250
2265
2238
2228
2218
2203
2203
2213
2218
2235
2225
2213
2204
2194
2190
2187
2177
2197
2206
2230
2224
2240
2235
2213
2186
2182
2188
2196
2223
2221
2217
2220
2208
2207
2204
2197
2207
2202
2213
2234
2245
2239
2242
2248
2254
2248
2275
2297
2296
2301
2306
2318
2291
2290
2282
2297
2296
2315
2322
2351
2357
2368
2366
2368
2339
2346
2335
2346
2352
2360
2382
2400
2398
2408
2413
2430
2426
2428
2448
2459
2480
2487
2497
2480
2486
2491
2486
2479
2476
2474
2477
2467
2467
2464
2451
2447
2441
2459
2445
2443
2446
2430
2415
2417
2412
2421
2423
2432
2422
2421
2426
2405
2414
2408
2408
2414
2419
2435
2455
2455
2447
2430
2418
2403
2398
2400
2396
2415
2430
2428
2434
2420
2411
2404
2396
2406
2417
2424
2418
2405
2404
2388
2371
2357
2366
2360
2341
2345
2352
2334
2333
2324
2316
2302
2291
2289
2272
2270
2273
2254
2252
2208
2185
2157
2141
2137
2131
2120
2134
2118
2088
2067
2036
2016
1989
1972
1974
1984
1982
1955
1942
1925
1888
1871
1867
1867
1848
1852
1855
1849
1849
1843
1820
1818
1788
1785
1780
1783
1778
1782
1788
1761
1740
1708
1725
1697
1679
1678
1703
1685
1673
1676
1673
1663
1646
1638
1625
1645
1648
1619
1615
1609
1587
1570
1549
1565
1561
1555
1564
1583
1586
1570
1556
1542
1529
1518
1508
1516
1526
1526
1485
1464
1456
1446
1446
1460
1472
1493
1504
1505
1503
1493
1507
1519
1520
1529
1538
1551
1548
1532
1531
1517
1528
1529
1507
1500
1512
1522
1514
1517
1521
1524
1540
1547
1575
1553
1537
1544
1530
1537
1527
1514
1509
1503
1520
1520
1531
1540
1549
1542
1550
1526
1527
1528
1544
1545
1558
1556
1571
1553
1547
1541
1533
1540
1551
1571
1584
1582
1589
1595
1595
1587
1602
1610
1639
1642
1648
1652
1651
1648
1651
1651
1681
1675
1695
1713
1762
1807
1774
1774
1774
1784
1781
1800
1810
1827
1874
1951
1961
1879
1912
1851
1818
1805
1810
1826
1836
1861
1862
1858
1869
1860
1866
1871
1887
1902
1926
1927
1937
1937
1928
1907
1921
1934
1950
1998
2057
1992
1980
1966
1959
1942
1926
1921
1898
1922
1934
1943
1952
1955
1944
1937
1932
1929
1946
1963
1969
1980
1987
2005
1997
1992
1990
1991
1990
1994
1997
2006
1984
1983
1982
1991
1971
1971
1970
1985
1994
2018
2006
2026
2024
2020
2015
2027
2055
2080
2102
2104
2102
2103
2095
2081
2086
2079
2088
2119
2134
2137
2138
2129
2115
2122
2108
2104
2108
2130
2140
2145
2139
2143
2124
2108
2100
2113
2124
2143
2151
2166
2181
2164
2150
2133
2129
2112
2113
2137
2161
2154
2172
2176
2161
2144
2147
2135
2112
2129
2159
2171
2178
2159
2150
2127
2098
2084
2083
2086
2089
2100
2084
2053
2030
1998
1998
1990
1989
1995
2010
2024
2022
2020
1996
1965
1944
1946
1936
1932
1921
1944
1948
1947
1936
1917
1893
1876
1868
1883
1889
1896
1908
1910
1895
1879
1865
1879
1886
1903
1904
1922
1942
1967
1964
1973
1971
1978
1979
1988
1993
2016
2036
2036
2030
2040
2046
2033
2036
2035
2040
2047
2048
2051
2036
2036
2001
2004
2013
2024
2059
2075
2072
2087
2084
2072
2048
2031
2038
2034
2047
2052
2080
2084
2086
2079
2068
2067
2070
2072
2082
2104
2116
2151
2146
2130
2118
2113
2107
2119
2118
2137
2138
2160
2163
2163
2180
2171
2172
2175
2174
2189
2184
2183
2189
2195
2192
2203
2201
2208
2211
2214
2220
2215
2214
2215
2210
2200
2209
2204
2230
2240
2220
2220
2183
2180
2199
2191
2189
2179
2200
2213
2193
2200
2188
2187
2193
2183
2167
2168
2183
2215
2220
2227
2219
2215
2204
2193
2185
2192
2198
2200
2192
2201
2198
2193
2194
2195
2190
2179
2183
2177
2183
2187
2183
2180
2182
2172
2154
2166
2153
2151
2153
2161
2153
2158
2144
2144
2144
2158
2160
2156
2131
2144
2143
2134
2117
2124
2135
2141
2140
2130
2131
2112
2089
2079
2063
2046
2044
2062
2046
2060
2052
2057
2063
2042
2060
2054
2051
2039
2025
2032
2035
2041
2062
2063
2074
2049
2038
2024
2029
2016
2011
2025
2030
2023
2040
2031
2036
2020
2000
1991
1988
1992
1987
1980
1985
1984
1999
1992
1974
1977
1968
1958
1969
1992
1986
1982
1982
1971
1976
1979
1955
1936
1937
1934
1919
1927
1921
1926
1934
1936
1939
1934
1927
1930
1944
1938
1935
1924
1941
1958
1945
1964
1958
1963
1969
1971
1952
1948
1947
1959
1973
1979
1976
1979
1995
2004
1991
1985
1987
1990
1986
1990
1990
2004
2008
2002
2008
1995
2000
1999
1993
2003
2013
2028
2043
2037
2034
2036
2029
2023
2020
2016
2035
2059
2068
2066
2067
2069
2063
2063
2074
2064
2078
2077
2088
2086
2070
2071
2054
2048
2057
2057
2049
2057
2034
2043
2040
2030
2044
2040
2050
2038
2051
2041
2044
2047
2031
2038
2039
2035
2026
2029
2024
2011
2025
2028
2032
2041
2021
2031
2055
2057
2054
2062
2063
2056
2054
2041
2063
2073
2072
2068
2065
2065
2057
2044
2054
2068
2075
2088
2091
2105
2100
2113
2100
2096
2073
2078
2089
2109
2125
2127
2139
2136
2131
2126
2115
2124
2132
2138
2146
2151
2148
2164
2160
2154
2153
2158
2160
2153
2168
2173
2172
2189
2189
2221
2219
2217
2230
2240
2251
2247
2254
2262
2270
2257
2266
2261
2253
2240
2249
2243
2252
2247
2248
2258
2252
2237
2241
2234
2249
2258
2264
2248
2246
2225
2227
2220
2210
2206
2215
2228
2223
2224
2223
2225
2232
2227
2231
2207
2211
2232
2233
2230
2240
2241
2242
2238
2227
2239
2242
2231
2244
2249
2247
2236
2240
2237
2229
2234
2228
2230
2240
2236
2234
2232
2232
2225
2222
2222
2220
2209
2200
2216
2210
2197
2196
2196
2202
2202
2200
2200
2200
2195
2200
2169
2150
2147
2144
2140
2134
2140
2152
2137
2138
2129
2128
2120
2120
2117
2091
2089
2063
2066
2067
2077
2068
2045
2033
2025
2008
2014
2011
2008
2008
2010
1998
1996
1989
1975
1979
1966
1947
1935
1920
1926
1915
1909
1889
1887
1884
1871
1851
1856
1836
1833
1823
1811
1815
1809
1812
1811
1798
1780
1782
1772
1761
1751
1740
1749
1757
1760
1736
1735
1724
1717
1703
1688
1688
1694
1695
1704
1694
1693
1664
1669
1666
1667
1673
1671
1685
1687
1684
1668
1681
1684
1671
1661
1663
1665
1664
1673
1672
1675
1667
1671
1665
1671
1662
1653
1657
1655
1633
1644
1633
1647
1626
1615
1624
1630
1633
1638
1635
1612
1624
1620
1628
1636
1641
1623
1633
1636
1655
1639
1636
1630
1637
1632
1654
1632
1647
1654
1660
1662
1655
1658
1663
1675
1676
1674
1673
1662
1669
1697
1710
1719
1730
1736
1722
1712
1717
1722
1719
1737
1743
1754
1758
1778
1798
1798
1791
1799
1804
1799
1799
1822
1852
1850
1845
1874
1890
1977
1903
1869
1875
1865
1865
1875
1892
1903
1911
1900
1916
1908
1896
1914
1920
1924
1939
1947
1948
1944
1953
1941
1948
1967
1967
1963
1964
1965
1968
1968
1975
1978
1987
2003
2009
1995
1999
2008
2019
2012
2021
2040
2061
2068
2085
2079
2078
2056
2044
2039
2050
2067
2079
2080
2087
2080
2071
2069
2075
2069
2071
2069
2084
2099
2125
2136
2133
2125
2119
2119
2117
2135
2149
2173
2189
2190
2172
2167
2159
2141
2144
2150
2166
2163
2181
2180
2170
2160
2164
2147
2147
2165
2163
2160
2160
2163
2170
2172
2160
2176
2184
2197
2196
2196
2195
2174
2170
2164
2172
2168
2180
2191
2195
2192
2194
2205
2187
2172
2170
2171
2172
2180
2184
2164
2339
2223
2183
2199
2184
2185
2164
2170
2176
2179
2160
2166
2142
2126
2131
2146
2144
2135
2136
2138
2130
2123
2126
2124
2123
2111
2104
2104
2097
2100
2074
2057
2043
2056
2062
2058
2057
2050
2039
2043
2026
2006
1992
1990
1996
1996
2017
2016
2008
2012
1996
1996
1986
1981
1968
1984
1993
2001
2056
2049
2021
1972
1964
1947
1946
1945
1951
1955
1984
1960
1948
1948
1944
1948
2004
2045
2039
1973
2036
1999
1959
1950
1932
1912
1914
1914
1932
1931
1943
1952
1943
1936
1944
1958
1960
1965
1975
1976
1964
1975
1963
1947
1953
1959
1969
1975
1995
1978
1988
1977
1964
1973
1968
2084
2033
2022
2040
2043
2042
2035
2017
2002
1992
1984
2006
2025
2034
2054
2032
2031
2007
1998
2002
2001
1993
2012
2012
2022
2021
2018
2012
2006
2001
2007
2011
2028
2038
2020
2032
2040
2047
2033
2033
2039
2043
2046
2056
2076
2059
2066
2053
2055
2047
2051
2076
2064
2068
2072
2068
2050
2038
2023
2027
2038
2035
2051
2076
2090
2079
2069
2060
2036
2012
1998
2008
2025
2025
2046
2050
2043
2030
2016
2004
1996
1985
1976
1986
1995
1989
1978
1971
1963
1968
1948
1971
1959
1972
1989
1969
1956
1956
1955
1959
1949
1953
1956
1955
1972
1968
1956
1952
1945
1950
1972
1974
1969
1964
1974
1968
1979
1979
1963
1979
2001
1995
2001
2008
2016
2018
2026
2007
2000
1987
1998
2000
2023
2035
2044
2038
2035
2028
2028
2025
2006
2019
2044
2050
2052
2062
2072
2058
2045
2038
2022
2015
2033
2034
2050
2054
2076
2059
2054
2058
2060
2065
2047
2066
2071
2081
2069
2052
2064
2047
2051
2052
2051
2055
2054
2057
2055
2036
2019
2013
2012
1999
2011
2031
2032
2024
2017
2004
1987
1980
1971
1973
1966
1974
1999
2004
1991
1997
1976
1971
1951
1943
1951
1965
1980
1997
2006
2015
1993
1969
1959
1961
1954
1970
1985
2014
2025
2043
2038
2026
2023
2013
2026
2037
2064
2084
2093
2083
2074
2073
2051
2059
2063
2066
2091
2095
2104
2108
2112
2102
2097
2103
2107
2117
2126
2127
2125
2128
2132
2141
2140
2145
2150
2159
2163
2177
2180
2187
2181
2175
2180
2181
2201
2210
2217
2224
2226
2230
2208
2208
2212
2214
2220
2243
2267
2264
2264
2261
2264
2254
2262
2272
2280
2282
2291
2307
2304
2301
2305
2276
2288
2293
2298
2300
2304
2312
2320
2315
2307
2287
2287
2295
2300
2318
2318
2333
2328
2323
2316
2312
2302
2307
2304
2311
2315
2320
2309
2323
2301
2303
2296
2295
2286
2289
2288
2286
2298
2295
2292
2288
2278
2271
2272
2288
2280
2279
2271
2262
2253
2242
2257
2257
2257
2257
2268
2275
2275
2274
2249
2240
2228
2211
2224
2227
2204
2199
2185
2182
2171
2163
2167
2180
2188
2203
2198
2204
2190
2179
2157
2152
2140
2128
2128
2127
2140
2136
2118
2109
2101
2086
2089
2093
2092
2092
2100
2104
2090
2060
2059
2051
2062
2060
2051
2066
2072
2056
2049
2054
2032
2014
2004
1994
1999
2015
2024
2030
2016
2010
1995
1976
1979
1968
1955
1969
1952
1964
1944
1961
1948
1938
1936
1931
1941
1946
1939
1936
1932
1924
1907
1896
1891
1889
1892
1886
1901
1892
1901
1886
1858
1850
1826
1824
1826
1826
1836
1841
1842
1837
1836
1828
1815
1808
1792
1779
1786
1785
1775
1762
1757
1767
1770
1758
1757
1766
1751
1740
1751
1755
1749
1746
1738
1735
1738
1715
1708
1699
1729
1730
1734
1728
1741
1743
1750
1743
1749
1754
1767
1750
1732
1739
1747
1761
1761
1783
1794
1786
1780
1776
1748
1746
1739
1732
1731
1750
1753
1767
1775
1768
1750
1733
1740
1725
1734
1756
1742
1758
1772
1756
1744
1723
1709
1722
1711
1723
1723
1732
1743
1750
1750
1754
1762
1764
1768
1764
1763
1751
1761
1754
1768
1774
1766
1768
1779
1789
1788
1779
1787
1769
1778
1801
1807
1811
1808
1816
1800
1795
1794
1798
1811
1825
1831
1836
1844
1838
1856
1852
1854
1838
1840
1827
1815
1822
1832
1857
1865
1880
1877
1880
1873
1862
1857
1846
1847
1868
1860
1873
1888
1892
1905
1892
1900
1907
1889
1895
1906
1890
1892
1890
1907
1907
1918
1937
1936
1940
1944
1944
1951
1941
1943
1953
1952
1951
1960
1974
1981
1981
1964
1968
1961
1959
1987
1987
2012
2023
2012
2010
1993
1994
1984
1992
1994
1996
1995
2007
2007
2017
2021
2002
2000
2006
2018
2019
2024
2033
2008
2021
2029
2028
2056
2041
2047
2052
2060
2060
2057
2063
2042
2051
2060
2069
2057
2079
2075
2073
2095
2076
2071
2081
2073
2083
2103
2086
2087
2076
2074
2088
2097
2100
2122
2121
2120
2137
2144
2129
2146
2139
2134
2125
2124
2125
2158
2169
2184
2190
2205
2203
2182
2186
2163
2163
2144
2143
2156
2187
2206
2209
2196
2189
2183
2169
2175
2175
2190
2187
2181
2168
2166
2166
2147
2136
2146
2149
2155
2149
2160
2141
2136
2147
2142
2123
2129
2127
2102
2094
2085
2085
2085
2092
2079
2072
2083
2067
2056
2053
2038
2034
2036
2015
2006
2013
2009
2001
2012
2006
1989
1984
1996
1989
1982
1970
1967
1964
1964
1955
1946
1950
1951
1948
1961
1949
1950
1947
1950
1949
1944
1933
1917
1917
1910
1923
1934
1937
1932
1936
1932
1932
1925
1929
1906
1903
1911
1924
1935
1937
1927
1944
1944
1948
1946
1941
1944
1932
1940
2106
2027
1992
1982
1965
1963
1955
1959
1975
1956
1964
1978
1966
1965
1964
1974
1984
1980
1974
1971
1990
1996
2006
2007
2012
1990
1996
1992
1988
1992
