2072
2072
2070
2059
2040
2032
2019
2036
2041
2038
2034
2044
2012
2006
1984
1971
1980
1984
1990
1991
1979
1975
1966
1943
1933
1920
1920
1917
1918
1935
1930
1936
1943
1935
1924
1919
1933
1926
1935
1918
1916
1920
1923
1948
1953
1938
1932
1932
1951
1952
1974
1969
1978
1971
1962
1974
1966
1970
1977
1980
1993
2014
2008
2008
2000
2010
1999
1995
1991
1981
1984
2009
2004
2012
2014
2018
2014
2022
2020
2021
2029
2046
2048
2052
2063
2049
2053
2052
2049
2055
2047
2051
2063
2071
2080
2067
2069
2091
2100
2087
2084
2073
2071
2051
2064
2072
2059
2081
2087
2083
2073
2078
2065
2060
2070
2075
2085
2095
2092
2111
2110
2101
2113
2096
2096
2073
2051
2072
2080
2096
2102
2113
2104
2097
2080
2076
2076
2083
2087
2104
2117
2121
2118
2114
2119
2100
2082
2088
2097
2112
2113
2120
2127
2127
2124
2113
2094
2080
2097
2100
2100
2104
2092
2104
2100
2093
2099
2091
2083
2089
2076
2074
2063
2052
2047
2050
2044
2041
2033
2031
2039
2029
2016
2006
2025
2032
2028
2027
2026
2029
2024
2010
1996
2092
2019
1994
1984
1999
2016
2032
2044
2021
2021
2092
2135
2108
2024
2016
2018
2096
2041
2017
1991
1984
1987
1988
1990
2010
2014
2021
2037
2008
2000
1977
1985
1992
1999
1999
2029
2027
2035
2032
2016
2011
1997
1991
2003
1987
1992
2002
2017
2014
2012
2029
2064
2006
1989
1982
1969
1964
1979
1993
1989
1979
1972
1964
1950
1951
1962
1964
1974
1984
1983
1978
1958
1933
1937
1924
1921
1930
1940
1947
1948
1939
1943
1953
1941
1928
1929
1944
1967
1969
1980
1978
1980
1984
1998
2003
1998
1980
2000
2003
2020
2004
2029
2023
2028
2014
2017
2034
2051
2066
2054
2059
2053
2051
2044
2065
2060
2066
2086
2069
2079
2098
2085
2081
2088
2088
2093
2100
2093
2101
2085
2075
2072
2068
2057
2053
2058
2059
2063
2076
2070
2077
2062
2044
2039
2039
2026
2039
2040
2039
2033
2041
2023
2007
1992
2000
2007
2003
2019
2012
2013
2022
2011
2020
2020
2019
2018
2024
2040
2047
2039
2038
2025
2028
2033
2041
2041
2039
2034
2036
2036
2033
2040
2047
2042
2043
2045
2055
2068
2056
2059
2060
2053
2047
2055
2078
2097
2091
2088
2079
2073
2073
2078
2081
2097
2108
2108
2119
2111
2100
2096
2103
2060
2050
2073
2070
2082
2079
2080
2084
2081
2077
2062
2060
2053
2044
2047
2051
2071
2073
2041
2045
2022
2017
2013
2026
2024
2023
2027
2029
2012
1988
1971
1969
1959
1958
1969
1978
1980
1982
1992
1972
1958
1960
1952
1958
1976
1991
1984
2002
1988
1972
1963
1961
1960
1959
1958
1950
1964
1965
1966
1935
1939
1921
1932
1953
1969
1967
1980
1984
1972
1971
1964
1959
1942
1940
1948
1961
1984
1985
1988
1982
1980
1972
1956
1957
1980
1969
1972
1983
1995
1995
1999
2007
1986
1982
1981
1973
1987
1991
1980
1994
1996
1996
1968
1982
1988
1995
2003
1991
1990
1986
1974
1988
2003
2007
2011
2008
2016
1990
1968
1960
1958
1954
1971
1976
1994
1995
1993
1989
1964
1967
1956
1958
1968
1963
1981
1991
1999
1992
2000
1998
1988
1990
1994
1993
1987
2002
2001
2016
2001
1999
1991
1991
2005
2014
2025
2022
2019
2016
2022
2006
1991
1990
1999
2011
2019
1997
1999
2006
1999
2011
2013
1998
2012
2012
2031
2020
2021
2008
2003
1993
1987
1995
2015
2024
2030
2026
2045
2012
2007
2006
1990
1987
1992
2017
2029
2031
2038
2050
2051
2040
2034
2051
2058
2057
2052
2052
2063
2068
2046
2041
2042
2031
2033
2059
2075
2092
2084
2080
2052
2038
2024
2009
2027
2033
2042
2061
2066
2046
2054
2033
2025
2017
2027
2040
2039
2052
2055
2051
2045
2049
2030
2025
2015
2031
2039
2036
2025
2033
2023
2007
1991
1981
1976
1987
1986
2006
2022
2015
1989
1988
1996
1997
1981
1975
1957
1945
1942
1941
1958
1954
1964
1980
1968
1944
1952
1964
1961
1950
1942
1932
1936
1955
1966
1958
1968
1968
1954
1946
1936
1939
1941
1950
1963
1976
1986
2000
1988
1992
1990
1997
1993
1991
1986
2012
2021
2029
2042
2016
2022
2003
2001
2007
2003
2017
2023
2024
2044
2042
2049
2030
2021
2003
2010
2003
2021
2019
2035
2041
2032
2007
2001
1992
1992
2005
2000
2009
2025
2052
2050
2019
2016
2011
1995
1999
1999
2012
2013
2031
2024
2021
2021
2008
2010
1987
1996
2008
2020
2026
2032
2023
2015
2007
1993
2004
2022
2025
2040
2027
2027
2037
2010
2009
2004
2012
2002
2020
2033
2045
2042
2034
2035
2009
2020
2005
1984
1959
1968
1999
2056
2118
2134
2160
2149
2140
2089
2015
1953
1935
1964
2025
2083
2107
2079
2013
1884
1777
1671
1640
1716
1888
2076
2284
2385
2362
2290
2075
1918
1745
1713
1796
1949
2147
2319
2411
2357
2255
2061
1875
1693
1628
1679
1821
1999
2078
2071
2032
2010
1996
1999
1995
2006
2023
2115
2272
2372
2368
2279
2152
1976
1783
1718
1891
2243
2579
2738
2654
2376
2021
1746
1703
1791
1890
1975
2033
2161
2305
2419
2425
2260
2030
1813
1767
1885
2106
2329
2464
2480
2346
2093
1840
1687
1705
1825
1972
2120
2161
2126
1981
1722
1562
1489
1529
1551
1529
1491
1462
1496
1559
1680
1806
1861
1864
1818
1790
1821
1941
2067
2240
2396
2503
2524
2507
2522
2511
2444
2289
2038
1769
1537
1499
1611
1808
1982
2051
2040
1941
1855
1758
1697
1665
1686
1711
1754
1827
1932
2038
2116
2148
2134
2083
2003
1971
2032
2158
2336
2487
2556
2546
2412
2222
2055
1983
1995
2108
2295
2471
2579
2605
2567
2459
2287
2093
1918
1841
1867
2007
2171
2315
2386
2305
2124
1876
1669
1555
1544
1631
1752
1894
2009
2093
2093
2040
2001
1990
2003
2076
2127
2215
2329
2428
2524
2567
2545
2493
2444
2439
2490
2487
2431
2336
2209
2087
2006
1943
1885
1846
1806
1768
1737
1768
1820
1945
2098
2200
2252
2227
2156
2076
2027
1994
1987
1980
2000
2012
2034
2022
2018
1980
1939
1880
1847
1856
1901
1966
2015
2062
2077
2082
2042
1989
1954
2034
1945
1905
1924
1934
1971
2025
2085
2141
2172
2184
2172
2145
2103
2089
2078
2082
2081
2082
2078
2048
2021
2017
2017
2016
1999
1986
1972
1971
1969
1981
2003
2000
1998
1944
1888
1811
1750
1745
1795
1885
1996
2103
2153
2147
2088
2001
1888
1798
1761
1792
1852
1939
2014
2032
2031
1951
1829
1734
1687
1708
1829
1976
2121
2205
2175
2057
1873
1710
1615
1590
1656
1764
1879
1991
2080
2076
2012
1947
1879
1895
1954
2019
2072
2108
2120
2101
2070
2005
1945
1924
1934
1983
2057
2107
2115
2098
2054
2036
2017
2023
2049
2092
2156
2212
2227
2225
2197
2172
2117
2080
2059
2059
2070
2103
2108
2099
2090
2059
2020
1967
1929
1918
1914
1933
1959
2068
2031
1956
1923
1948
1928
1943
1991
2031
2043
2044
1998
1935
1868
1791
1743
1748
1785
1863
1954
2033
2129
2166
2184
2170
2154
2146
2163
2209
2248
2271
2259
2216
2156
2089
2033
1990
1950
1949
1964
1981
1999
1989
1968
1937
1904
1886
1876
1910
1942
2004
2047
2087
2102
2108
2126
2135
2241
2152
2150
2150
2155
2187
2196
2196
2190
2145
2107
2080
2044
2008
2016
2029
2046
2141
2182
2122
2120
2097
2028
2020
2037
2066
2092
2106
2099
2059
2013
1987
1979
1976
1995
2022
2032
2044
2062
2026
2016
2012
2008
2022
2038
2161
2108
2112
2103
2072
2035
1992
1980
1968
1975
1983
1986
1981
1933
1878
1836
1788
1752
1779
1800
1848
1912
1957
2003
2007
2000
1988
1976
1970
1978
2000
2018
2022
2017
1995
1955
1891
1845
1814
1785
1771
1785
1811
1830
1823
1800
1776
1755
1760
1766
1795
1855
1915
1966
1986
1986
1978
1953
1943
1931
1950
1965
1990
2004
2018
2012
2000
1987
1972
1967
1978
1991
1990
1987
1974
1964
1941
1914
1886
1871
1850
1822
1840
1833
1861
1896
1944
1984
2006
2017
2009
1996
1990
2012
2038
2074
2130
2163
2194
2178
2169
2153
2150
2147
2157
2169
2198
2185
2205
2191
2163
2123
2073
2004
1964
1929
1904
1907
1907
1912
1910
1897
1917
1906
1923
1926
1931
1955
1991
2023
2050
2071
2068
2048
2029
2008
1986
1987
2008
2030
2057
2067
2079
2073
2062
2049
2046
2028
2006
1989
1969
1952
1923
1898
1887
1875
1855
1850
1859
1855
1852
1870
1861
1874
1876
1882
1889
1916
1945
1997
2055
2092
2127
2152
2153
2153
2145
2144
2147
2130
2135
2101
2087
2049
2021
1972
1937
1907
1888
1884
1869
1874
1856
1852
1858
1845
1858
1876
1915
1941
1988
2009
2026
2054
2056
2050
2040
2024
2025
2031
2052
2056
2064
2076
2079
2086
2069
2054
2078
2078
2097
2123
2121
2125
2113
2107
2080
2096
2105
2092
2104
2110
2121
2125
2147
2153
2150
2134
2135
2136
2129
2137
2155
2145
2104
2088
2074
2060
2024
2002
1974
1956
1920
1900
1871
1855
1850
1855
1870
1904
1920
1958
1987
2004
2035
2050
2071
2094
2114
2150
2148
2147
2119
2110
2074
2046
2051
2030
2006
2003
1980
1950
1931
1915
1906
1906
1886
1904
1921
1960
1964
1976
1986
1987
1988
1995
2017
2029
2049
2077
2108
2121
2140
2156
2146
2155
2157
2164
2166
2179
2163
2159
2143
2119
2089
2078
2057
2060
2069
2051
2036
2040
2044
2043
2038
2018
2016
2028
2035
2038
2040
2044
2060
2056
2055
2043
2031
2038
2023
2024
2027
2023
2016
2016
2015
2008
1982
1971
1971
1976
1964
1955
1944
1947
1947
1945
1940
1942
1948
1968
1983
2006
2025
2038
2047
2058
2073
2076
2073
2054
2041
2033
2036
2043
2048
2046
2025
2023
1994
1984
1975
1964
1974
1996
2007
2003
2014
1997
1992
1982
1956
1963
1953
1973
1984
2000
2008
2016
2016
1988
1962
1945
1974
1963
2018
2024
2039
2046
2054
2031
2010
2010
1994
2002
2008
2019
2016
2027
2037
2027
2024
2008
2008
2008
2008
2025
2048
2041
2032
2033
2029
1996
1976
1954
1932
1935
1935
1929
1933
1927
1952
1946
1928
1921
1895
1896
1898
1912
1920
1921
1912
1907
1924
1918
1898
1904
1919
1903
1911
1928
1927
1912
1924
1930
1948
1950
1962
1979
1970
1969
1961
1964
1948
1930
1916
1917
1911
1929
1947
1930
1933
1930
1919
1929
1944
1950
1957
1994
2001
2027
2016
2015
2014
2021
2032
2037
2040
2060
2076
2076
2076
2076
2087
2073
2083
2090
2113
2128
2136
2156
2150
2150
2140
2139
2125
2110
2106
2100
2103
2106
2111
2108
2121
2112
2117
2118
2128
2143
2155
2176
2178
2179
2168
2149
2135
2126
2142
2151
2158
2157
2144
2138
2113
2112
2124
2122
2108
2112
2099
2089
2111
2116
2096
2096
2097
2098
2098
2103
2104
2114
2126
2124
2091
2078
2077
2063
2070
2060
2044
2040
2032
2018
2019
2011
2008
1998
2012
2014
2034
2025
2009
2039
2070
2096
2102
2108
2111
2118
2125
2125
2118
2108
2104
2084
2064
2044
2042
2038
2029
2023
2015
2008
1988
1990
1985
1977
1954
1961
1988
1990
1997
2006
1992
1987
1998
1979
1995
1989
2010
2013
2019
2001
2007
2008
2004
2015
2023
2039
2056
2058
2053
2060
2046
2041
2057
2066
2068
2069
2065
2072
2057
2065
2055
2033
2036
2054
2050
2056
2033
2009
2000
2003
1990
1985
1988
1998
1999
1999
1985
1958
1955
1942
1948
1947
1949
1939
1945
1946
1942
1946
1952
1958
1966
1972
1969
1974
1982
1976
1992
1996
1990
1985
1984
2001
1990
1983
1999
1993
2008
2013
2010
2019
2041
2035
2037
2035
2057
2054
2058
2074
2072
2075
2061
2049
2038
2038
2021
2006
2024
2010
1982
1968
1959
1974
1982
1978
1987
1992
1996
1994
1995
2000
1985
1976
1984
1987
2000
2046
2053
2041
2051
2054
2011
2003
1987
1998
1996
1995
2008
1997
1991
1999
1987
1984
1974
1975
1977
1986
1974
1984
1999
1991
1990
1992
1976
1979
1984
1984
2003
1990
1981
1953
1940
1938
1908
1911
1896
1905
1924
1921
1937
1928
1918
1909
1904
1904
1893
1904
1916
1920
1917
1927
1931
1929
1920
1917
1918
1938
1945
1961
1955
1939
1940
1938
1934
1937
1936
1944
1959
1968
1965
1996
2109
2016
1988
1988
1992
1987
1998
2026
2032
2029
2029
2031
2029
2050
2062
2071
2091
2104
2109
2102
2104
2093
2096
2101
2116
2108
2100
2091
2087
2089
2089
2084
2103
2098
2110
2106
2105
2127
2124
2113
2117
2131
2115
2142
2148
2148
2166
2164
2168
2162
2159
2144
2144
2154
2153
2159
2173
2174
2165
2168
2158
2147
2133
2140
2154
2168
2180
2186
2188
2192
2191
2194
2182
2151
2153
2147
2143
2145
2123
2112
2105
2081
2078
2071
2059
2055
2053
2048
2059
2059
2081
2098
2110
2124
2132
2123
2139
2139
2126
2122
2129
2123
2115
2120
2127
2113
2107
2118
2114
2106
2116
2118
2120
2113
2122
2104
2098
2112
2098
2065
2046
2045
2064
2051
2058
2057
2069
2046
2049
2065
2048
2144
2119
2083
2087
2106
2080
2081
2081
2089
2097
2093
2095
2099
2097
2095
2084
2075
2067
2056
2065
2063
2075
2094
2090
2075
2070
2058
2033
2019
2000
1993
1991
2015
2029
2022
2028
2036
2036
1996
1982
1965
1974
2006
2037
2063
2054
2044
2036
1999
1977
1955
1927
1932
1916
1939
1961
1975
1965
1948
1929
1915
1887
1880
1905
1979
2079
2047
2041
1991
1954
1926
1888
1859
1875
1892
1945
1961
1966
1959
1924
1892
1981
2015
2021
2022
2053
2011
2006
1968
1951
1929
1951
1951
1979
2006
2020
2042
2036
2016
2006
2005
2000
2012
2019
2033
2020
2022
1991
1977
1984
1994
1950
1932
1932
1945
1951
1947
1925
1899
1900
1895
1899
1912
1928
1947
1966
1974
1962
1934
1906
1868
1859
1836
1840
1848
1871
1889
1890
1889
1878
1854
1827
1820
1826
1846
1865
1902
1915
1899
1872
1839
1808
1781
1775
1795
1836
1888
1915
1913
1875
1863
1819
1777
1778
1779
1807
1852
1880
1904
1900
1869
1847
1823
1800
1815
1831
1856
1892
1897
1885
1882
1865
1832
1816
1821
1829
1829
1859
1867
1880
1878
1871
1861
1849
1849
1870
1897
1917
1929
1921
1928
1932
1924
1927
1944
1964
1985
1996
2007
1985
1959
1953
1964
1963
1967
1999
2028
2040
2023
2014
2011
2001
1990
2003
2001
2025
2054
2071
2060
2047
2038
2022
2008
2007
2011
2027
2040
2035
2056
2035
2015
1996
1998
2006
2010
2013
2016
2035
2036
2021
2005
1995
1990
1994
1998
2010
2010
2005
1999
1973
1963
1937
1929
1948
1948
1961
1978
1980
1980
1980
1945
1942
1916
1904
1916
1924
1940
1949
1957
1946
1938
1907
1880
1891
1900
1916
1925
1948
1951
1945
1912
1903
1883
1875
1879
1888
1927
1935
1948
1937
1929
1917
1913
1923
1939
1979
2008
2036
2051
2044
2030
2016
2013
2005
2007
2044
2072
2072
2069
2064
2061
2036
2028
2021
2026
2053
2086
2081
2087
2083
2063
2036
2028
2028
2036
2057
2071
2084
2104
2099
2107
2086
2077
2075
2105
2110
2120
2128
2127
2116
2116
2107
2110
2119
2140
2163
2166
2162
2142
2140
2142
2125
2129
2123
2131
2121
2125
2136
2135
2112
2104
2074
2084
2079
2079
2072
2082
2100
2102
2097
2097
2077
2085
2071
2074
2078
2084
2110
2118
2116
2120
2114
2106
2103
2092
2081
2099
2122
2120
2117
2089
2076
2062
2055
2044
2067
2074
2099
2113
2132
2137
2125
2108
2099
2115
2126
2138
2154
2151
2168
2167
2143
2124
2110
2129
2121
2137
2143
2129
2099
2107
2106
2104
2091
2092
2104
2107
2111
2110
2092
2079
2065
2043
2040
2041
2064
2070
2082
2069
2041
2016
2019
2028
2018
2019
2031
2040
2050
2025
2012
2011
1998
2008
2012
2006
2009
2015
2024
2020
2008
1995
1985
1977
1982
1982
1991
2003
1988
2005
2003
1996
1982
1984
1991
1995
2002
1994
1993
1987
1981
1971
1980
1987
2003
2012
2021
2023
2016
2004
1998
1984
1978
1990
1988
2009
2014
2017
2022
2016
1983
1993
1988
2001
2010
2040
2063
2058
2052
2060
2038
2035
2035
2025
2053
2071
2066
2084
2079
2057
2031
2034
2027
2019
2038
2067
2078
2083
2076
2084
2083
2086
2078
2075
2095
2111
2109
2128
2120
2118
2087
2086
2080
2094
2117
2130
2111
2120
2110
2105
2087
2074
2067
2066
2078
2089
2088
2088
2062
2049
2064
2053
2049
2051
2059
2062
2080
2104
2089
2084
2083
2070
2059
2057
2048
2060
2056
2084
2095
2073
2059
2074
2067
2063
2069
2090
2087
2103
2104
2093
2080
2085
2077
2063
2078
2081
2075
2076
2077
2057
2042
2054
2044
2040
2047
2036
2054
2051
2033
2021
2011
2008
1987
1990
1987
1991
2003
2000
1984
1959
1934
1923
1921
1932
1941
1951
1957
1960
1953
1956
1948
1937
1948
1964
1980
1983
1995
2000
2012
2006
2027
2027
2024
2022
2016
2030
2051
2088
2087
2100
2085
2093
2089
2075
2085
2077
2084
2095
2084
2087
2081
2087
2083
2073
2076
2078
2073
2062
2056
2032
2015
2020
2016
2007
1997
1993
1978
1971
1963
1939
1933
1939
1920
1916
1906
1920
1922
1914
1918
1923
1913
1903
1894
1899
1904
1912
1918
1941
1956
1954
1968
1967
1964
1972
1990
1980
2008
2017
2054
2060
2077
2051
2060
2061
2060
2063
2062
2084
2075
2073
2076
2085
2086
2096
2099
2111
2115
2113
2122
2102
2096
2094
2104
2102
2104
2136
2153
2148
2161
2144
2145
2121
2093
2090
2082
2110
2117
2138
2145
2143
2127
2100
2062
2050
2057
2058
2071
2087
2093
2089
2075
2061
2068
2083
2090
2110
2125
2147
2152
2148
2126
2093
2063
2054
2041
2032
2041
2040
2044
2029
2006
1981
1971
1948
1933
1931
1932
1944
1912
1918
1924
1896
1904
1908
1894
1915
1914
1899
1872
1858
1834
1833
1840
1833
1837
1848
1840
1853
1846
1797
1776
1774
1753
1767
1781
1793
1808
1800
1802
1795
1772
1762
1764
1774
1806
1826
1854
1855
1867
1854
1849
1840
1836
1866
1900
1896
1926
1928
1951
1951
1947
1973
2000
2027
2037
2036
2063
2069
2068
2066
2046
2048
2065
2095
2126
2131
2152
2139
2133
2096
2088
2099
2095
2126
2144
2149
2128
2102
2073
2048
2022
2016
2036
2055
2070
2095
2106
2110
2085
2065
2053
2061
2085
2102
2124
2147
2168
2175
2153
2126
2106
2118
2108
2127
2135
2147
2142
2123
2103
2095
2066
2063
2091
2114
2119
2119
2123
2092
2066
2038
2023
2003
2002
2017
2037
2051
2053
2040
2003
1993
2028
1956
1916
1927
1956
1967
1977
1977
1971
2067
2087
2050
1975
2040
1993
1987
1987
1982
1967
1955
1928
1928
1925
1944
1953
1979
1981
1971
1977
1965
1981
1995
2001
2010
2001
1991
1975
1961
1935
1932
1933
2052
1956
1926
1914
1927
1940
1955
1965
1966
1960
1948
1931
1939
1942
1937
1966
1969
1953
1926
1911
1886
1867
1868
1867
1869
1870
1869
1875
1888
1867
1850
1849
1836
1839
1816
1813
1814
1819
1848
1879
1894
1896
1859
1846
1856
1870
1898
1916
1920
1912
1916
1890
1856
1834
1806
1790
1777
1784
1803
1816
1846
1846
1824
1815
1813
1842
1843
1871
1909
1942
1944
1944
1955
1974
1987
1996
1996
1976
1973
1948
1947
1969
1991
1996
2003
1999
1969
1949
1951
1955
1960
1944
1915
1894
1868
1875
1894
1884
1913
1932
1942
1935
1914
1907
1919
1954
2008
2055
2072
2054
2013
1971
1939
1935
1966
2048
2119
2194
2243
2219
2157
2051
1920
1804
1770
1775
1820
1851
1875
1848
1808
1766
1739
1743
1800
1861
1894
1905
1916
1916
1960
2011
2083
2160
2189
2187
2166
2123
2069
2051
2045
2047
2063
2088
2146
2200
2231
2228
2184
2131
2087
2083
2076
2123
2214
2346
2437
2518
2534
2484
2380
2276
2195
2163
2150
2183
2233
2255
2255
2238
2234
2235
2215
2214
2224
2248
2256
2265
2262
2236
2229
2238
2285
2345
2396
2415
2412
2371
2288
2157
2040
1996
1984
2028
2125
2255
2364
2386
2331
2215
2063
1963
1933
1984
2080
2199
2288
2305
2259
2177
2075
1987
1961
1977
1995
2055
2152
2231
2265
2282
2238
2171
2133
2076
2074
2151
2245
2311
2342
2320
2249
2177
2103
2063
2052
2087
2192
2322
2439
2505
2500
2440
2323
2200
2122
2076
2068
2118
2176
2220
2229
2154
2061
1979
1932
1918
1940
1979
1967
1921
1851
1806
1803
1848
1912
1975
2056
2056
2024
1966
1917
1853
1800
1774
1802
1860
1910
1942
1971
1952
1911
1867
1825
1840
1868
1953
2020
2074
2097
2048
1969
1900
1856
1840
1873
1959
2086
2208
2275
2298
2268
2196
2118
2027
1974
1996
2057
2132
2217
2272
2282
2245
2195
2131
2089
2044
2028
2028
2054
2091
2128
2152
2187
2196
2200
2197
2193
2184
2181
2191
2203
2230
2240
2232
2245
2248
2212
2167
2127
2105
2120
2149
2183
2222
2242
2219
2165
2087
1957
1859
1762
1713
1705
1724
1792
1842
1875
1880
1859
1799
1739
1667
1644
1623
1644
1663
1703
1753
1802
1817
1836
1822
1781
1756
1725
1688
1667
1679
1702
1738
1785
1860
1882
1906
1890
1855
1838
1812
1819
1817
1840
1876
1914
1939
1943
1908
1873
1839
1823
1812
1865
1934
1980
2026
2048
2054
1995
1902
1781
1709
1684
1707
1764
1857
1959
2031
2044
2005
1893
1777
1669
1633
1686
1789
1888
1973
2048
2062
2017
1906
1787
1702
1666
1660
1724
1790
1839
1864
1816
1767
1692
1660
1650
1679
1732
1803
1885
1918
1939
1942
1904
1860
1812
1785
1795
1839
1894
1944
1998
2027
2037
2019
2017
1987
1939
1927
1923
1925
1921
1963
2021
2100
2145
2150
2103
2072
2014
1998
1996
2002
2025
2078
2144
2189
2233
2217
2171
2127
2094
2060
2031
2050
2109
2141
2158
2151
2111
2032
1931
1844
1792
1798
1840
1892
1951
1977
2016
2035
2027
2009
1959
1896
1865
1864
1908
1977
2059
2106
2161
2192
2150
2091
2026
1968
1942
1978
2050
2131
2218
2254
2275
2253
2207
2141
2103
2103
2144
2208
2231
2270
2274
2267
2247
2200
2150
2076
2017
1980
2000
2053
2136
2216
2258
2248
2188
2110
2057
2019
1996
2041
2107
2185
2278
2290
2298
2233
2139
2024
1932
1921
1959
2011
2071
2111
2093
2019
1895
1769
1700
1700
1776
1871
1944
2000
1995
1935
1823
1701
1609
1603
1663
1784
1894
1987
2009
1945
1822
1720
1695
1720
1811
1951
2076
2148
2131
2055
1952
1848
1788
1827
1921
2067
2223
2325
2351
2295
2192
2072
1988
2007
2122
2268
2392
2476
2496
2450
2347
2219
2118
2085
2144
2219
2348
2490
2553
2546
2433
2287
2171
2116
2091
2137
2197
2243
2290
2238
2145
2057
1976
1927
1906
1937
1965
2007
2004
1971
1903
1824
1752
1700
1713
1743
1781
1815
1820
1818
1808
1779
1747
1718
1722
1699
1683
1686
1694
1715
1737
1729
1743
1767
1748
1734
1722
1696
1673
1688
1704
1736
1764
1791
1813
1785
1740
1756
1772
1840
1890
1917
1907
1861
1823
1810
1845
1895
1934
1957
1964
1972
1986
1980
1972
1964
1943
1893
1889
1910
1915
1896
1919
1987
2034
2056
2072
2056
2028
2037
2103
2192
2281
2343
2345
2300
2184
2062
1995
2028
2153
2288
2392
2388
2337
2216
2121
2049
2057
2073
2120
2194
2271
2304
2279
2203
2102
2023
1989
1990
2008
2057
2100
2130
2143
2132
2051
1947
1811
1721
1704
1778
1871
1959
2008
2010
2011
1980
1962
1984
2048
2146
2236
2273
2252
2186
2095
2041
2055
2145
2253
2315
2311
2276
2212
2172
2145
2299
2220
2224
2268
2290
2249
2198
2151
2148
2181
2275
2385
2465
2466
2419
2364
2294
2215
2127
2088
2110
2249
2253
2166
2076
1961
1894
1873
1899
1959
1993
2008
1986
1938
1877
1819
1769
1794
1859
1967
2060
2119
2086
2005
1916
1866
1881
1936
2054
2171
2223
2240
2185
2076
1989
1937
1969
2062
2191
2317
2380
2384
2328
2230
2172
2167
2252
2380
2545
2675
2716
2654
2547
2445
2417
2437
2503
2594
2682
2719
2713
2656
2567
2486
2461
2494
2591
2683
2743
2742
2700
2622
2555
2508
2527
2606
2707
2754
2738
2614
2454
2294
2175
2153
2232
2383
2510
2563
2559
2465
2336
2216
2144
2139
2215
2327
2456
2565
2509
2358
2267
2183
2150
2201
2285
2353
2402
2433
2427
2378
2320
2266
2283
2322
2405
2504
2580
2588
2587
2531
2488
2467
2504
2575
2655
2740
2776
2783
2751
2666
2600
2580
2598
2652
2680
2677
2646
2607
2558
2503
2457
2448
2479
2516
2552
2565
2540
2483
2415
2366
2336
2321
2299
2300
2290
2279
2256
2231
2211
2207
2188
2154
2111
2099
2089
2093
2155
2092
2083
2096
2087
2059
2020
1999
1984
1990
1991
1999
2019
2060
2115
2135
2113
2131
2174
2184
2096
2182
2117
2100
2083
2058
2024
1972
1959
1944
1957
1996
2035
2052
2033
2012
1973
1951
1944
1964
1970
1974
1967
1944
1905
1868
1830
1814
1790
1763
1739
1714
1700
1667
1625
1563
1505
1530
1568
1550
1553
1547
1501
1439
1372
1340
1319
1321
1350
1392
1424
1415
1370
1295
1234
1189
1191
1233
1288
1319
1315
1289
1233
1191
1157
1132
1132
1151
1195
1203
1206
1188
1183
1191
1189
1198
1191
1177
1184
1199
1218
1216
1210
1180
1162
1141
1152
1187
1197
1180
1160
1128
1136
1156
1202
1260
1259
1211
1121
1049
1017
1037
1101
1196
1254
1257
1219
1148
1095
1066
1052
1048
1080
1151
1201
1235
1228
1171
1112
1058
1007
972
970
994
1076
1203
1337
1439
1451
1394
1265
1128
1077
1083
1222
1400
1560
1607
1536
1397
1252
1205
1220
1311
1419
1515
1569
1594
1596
1593
1575
1526
1459
1416
1409
1447
1511
1594
1675
1681
1648
1582
1483
1424
1429
1464
1566
1686
1773
1783
1707
1552
1431
1359
1355
1463
1539
1579
1506
1392
1292
1216
1254
1448
1693
1810
1759
1578
1400
1315
1340
1464
1620
1745
1845
1901
1895
1799
1647
1477
1382
1415
1547
1663
1752
1758
1767
1761
1726
1725
1712
1654
1607
1524
1487
1472
1509
1572
1625
1664
1657
1593
1499
1435
1397
1413
1459
1492
1524
1533
1548
1522
1484
1450
1438
1468
1537
1619
1662
1640
1576
1509
1470
1502
1543
1624
1710
1769
1822
1880
1954
1997
2047
2091
2142
2225
2335
2463
2563
2568
2519
2496
2489
2586
2774
3038
3324
3605
3770
3800
3694
3552
3460
3490
3635
3812
3983
4092
4094
4093
3990
3867
3851
3942
4094
4094
4094
4094
4095
4094
4094
4094
4094
4033
3952
3932
3936
3925
3837
3685
3468
3256
3120
3061
3065
3110
3099
3076
2947
2760
2564
2364
2204
2091
2024
1987
1970
1936
1878
1806
1756
1728
1701
1668
1673
1712
1728
1696
1665
1603
1515
1440
1373
1374
1430
1508
1562
1620
1618
1602
1593
1633
1720
1861
2028
2178
2284
2360
2378
2360
2334
2294
2275
2304
2383
2511
2662
2818
2956
3023
3049
3065
3054
3063
3091
3123
3199
3250
3292
3275
3219
3174
3118
3091
3091
3147
3212
3274
3352
3380
3375
3301
3212
3089
2975
2902
2856
2828
2791
2743
2682
2637
2583
2546
2519
2495
2506
2540
2581
2636
2686
2699
2688
2658
2614
2584
2562
2523
2503
2504
2510
2526
2538
2546
2582
2633
2685
2697
2695
2662
2622
2598
2580
2582
2588
2568
2542
2467
2395
2325
2284
2260
2273
2302
2345
2367
2346
2332
2289
2235
2199
2181
2177
2180
2161
2099
2032
1955
1871
1808
1772
1738
1713
1692
1654
1571
1489
1406
1312
1229
1196
1159
1146
1123
1082
1029
965
917
899
893
914
941
973
1000
985
956
891
858
805
771
752
712
683
670
654
671
700
720
750
787
780
790
818
842
856
860
889
897
917
908
909
896
903
919
899
916
922
927
951
935
918
885
854
834
805
798
784
772
775
776
748
749
707
688
649
656
675
699
737
759
799
823
847
879
921
931
927
934
945
952
966
964
950
952
958
965
1007
1031
1071
1097
1115
1143
1157
1192
1203
1211
1207
1213
1223
1263
1293
1354
1403
1430
1446
1436
1438
1426
1475
1500
1556
1592
1619
1622
1601
1585
1580
1611
1656
1721
1785
1842
1868
1889
1903
1943
1945
1974
2007
2078
2134
2179
2209
2239
2261
2268
2288
2308
2327
2332
2363
2392
2403
2420
2426
2418
2412
2400
2388
2395
2396
2382
2377
2340
2332
2329
2310
2315
2311
2298
2288
2302
2303
2302
2307
2328
2365
2374
2350
2331
2291
2264
2244
2234
2225
2231
2236
2256
2306
2335
2363
2385
2404
2426
2430
2442
2475
2513
2549
2572
2616
2638
2659
2672
2673
2689
2710
2754
2777
2808
2824
2848
2844
2847
2865
2926
2962
3038
3089
3130
3180
3214
3215
3203
3207
3228
3284
3327
3363
3406
3431
3424
3441
3448
3443
3452
3470
3504
3537
3556
3576
3582
3576
3594
3606
3647
3673
3682
3678
3659
3643
3615
3584
3552
3552
3520
3454
3415
3366
3333
3294
3278
3246
3222
3216
3211
3180
3160
3129
3093
3047
3010
2993
2985
3012
3020
3027
3015
2983
2943
2912
2884
2898
2932
2979
3025
3055
3065
3047
3019
2986
2966
2980
3022
3060
3103
3109
3120
3117
3120
3121
3125
3150
3171
3200
3212
3218
3201
3163
3118
3060
2997
2941
2887
2851
2850
2840
2827
2785
2759
2708
2636
2578
2540
2498
2465
2441
2419
2364
2294
2223
2157
2089
2047
1998
1968
1933
1922
1888
1880
1861
1831
1811
1799
1811
1826
1838
1833
1818
1793
1794
1767
1775
1781
1801
1846
1875
1895
1903
1917
1930
1928
1945
1958
1994
1993
2007
2000
1964
1937
1926
1943
1971
2018
2057
2079
2074
2049
2022
2009
1992
1967
1943
1934
1915
1891
1859
1806
1743
1814
1682
1605
1577
1573
1555
1531
1500
1480
1457
1398
1339
1305
1264
1244
1221
1211
1200
1180
1144
1124
1098
1064
1040
1013
1006
981
969
947
927
897
852
809
757
709
700
696
692
687
681
668
638
592
563
546
563
587
606
624
636
642
652
648
651
672
705
729
791
819
838
872
882
903
917
925
950
971
1012
1040
1073
1089
1102
1099
1098
1098
1104
1123
1152
1182
1218
1231
1244
1244
1263
1254
1259
1252
1268
1310
1332
1368
1386
1401
1391
1396
1383
1375
1392
1411
1433
1457
1470
1472
1459
1428
1390
1375
1373
1407
1431
1460
1492
1515
1510
1528
1489
1488
1494
1516
1521
1533
1555
1588
1729
1671
1639
1629
1640
1686
1709
1738
1752
1755
1759
1750
1752
1766
1779
1813
1835
1866
1897
1916
1914
1910
1934
1926
1963
2004
2048
2127
2197
2255
2310
2312
2309
2295
2284
2272
2307
2371
2443
2499
2515
2520
2502
2452
2427
2419
2435
2474
2538
2586
2607
2582
2527
2439
2377
2354
2350
2359
2389
2433
2462
2454
2430
2363
2296
2221
2193
2186
2208
2240
2256
2279
2282
2250
2201
2146
2130
2105
2119
2155
2176
2198
2184
2183
2168
2140
2104
2085
2081
2096
2103
2104
2114
2112
2120
2107
2118
2155
2177
2201
2191
2175
2180
2203
2239
2286
2328
2358
2364
2357
2322
2285
2270
2267
2305
2348
2379
2397
2395
2335
2273
2210
2148
2103
2058
2041
2043
2034
2040
2019
2000
1962
1926
1884
1847
1849
1871
1850
1821
1820
1792
1757
1720
1668
1659
1663
1679
1689
1703
1737
1766
1776
1817
1826
1770
1679
1742
1686
1701
1742
1752
1728
1667
1609
1586
1626
1708
1813
1895
1934
1937
1903
1863
1816
1809
1825
1878
1979
2046
2116
2108
2092
2015
1912
1845
1829
1867
1948
2067
2161
2197
2155
2071
1953
1860
1832
1896
1908
2001
2133
2205
2199
2096
1959
1862
1824
1825
1852
1909
1941
1941
1872
1793
1708
1633
1623
1644
1695
1771
1786
1805
1815
1767
1728
1684
1665
1683
1705
1748
1811
1843
1868
1870
1848
1826
1783
1752
1726
1730
1711
1726
1752
1785
1776
1784
1778
1766
1775
1812
1854
1896
1945
1977
2001
1991
2008
2016
1997
2013
2025
2038
2050
2118
2144
2180
2201
2195
2170
2150
2118
2110
2125
2160
2185
2223
2206
2198
2160
2110
2080
2061
2061
2060
2075
2052
2013
1955
1874
1833
1820
1819
1829
1838
1835
1823
1772
1730
1697
1642
1612
1584
1558
1554
1525
1497
1459
1443
1422
1403
1377
1363
1344
1321
1317
1296
1287
1250
1235
1216
1231
1234
1210
1214
1208
1208
1218
1221
1229
1268
1339
1410
1454
1447
1427
1389
1361
1331
1321
1349
1395
1432
1491
1539
1534
1547
1535
1526
1528
1559
1584
1643
1692
1738
1781
1797
1798
1781
1790
1792
1820
1831
1855
1881
1916
1920
1941
1947
1950
1971
1991
2020
2036
2044
2043
2052
2076
2101
2124
2132
2136
2135
2126
2137
2161
2170
2189
2179
2200
2211
2217
2217
2243
2250
2269
2282
2264
2282
2307
2329
2379
2412
2476
2515
2542
2567
2597
2617
2656
2684
2703
2728
2742
2759
2758
2761
2758
2752
2764
2752
2776
2784
2815
2823
2825
2841
2844
2856
2873
2893
2900
2938
2966
2991
3020
3024
3023
3030
3044
3049
3056
3068
3073
3057
3048
3028
2978
2972
2959
2934
2931
2908
2909
2892
2853
2840
2822
2800
2790
2785
2791
2791
2768
2748
2728
2717
2700
2669
2654
2657
2638
2634
2599
2565
2550
2535
2507
2501
2492
2494
2474
2486
2468
2471
2480
2491
2496
2492
2488
2486
2451
2446
2459
2447
2444
2459
2471
2478
2488
2492
2498
2504
2510
2513
2541
2550
2574
2608
2638
2664
2677
2678
2659
2656
2682
2695
2700
2710
2722
2731
2716
2699
2684
2641
2614
2615
2609
2619
2604
2600
2606
2600
2593
2585
2559
2572
2564
2563
2574
2585
2598
2602
2591
2569
2551
2544
2542
2547
2536
2555
2559
2550
2537
2524
2516
2496
2480
2471
2471
2468
2480
2468
2444
2429
2432
2439
2452
2449
2446
2458
2459
2458
2452
2455
2462
2483
2503
2515
2503
2502
2487
2489
2462
2449
2430
2413
2391
2376
2340
2325
2294
2278
2252
2227
2216
2200
2160
2129
2101
2065
2043
2023
1999
1968
1960
1967
1969
1958
1954
1932
1902
1907
1893
1879
1878
1854
1835
1816
1790
1760
1760
1726
1711
1689
1651
1640
1632
1603
1586
1553
1514
1473
1454
1441
1425
1403
1391
1403
1407
1411
1400
1383
1379
1363
1359
1350
1351
1359
1369
1389
1394
1397
1404
1406
1387
1389
1370
1369
1371
1362
1359
1357
1358
1352
1337
1343
1326
1328
1339
1355
1358
1375
1377
1379
1378
1380
1381
1385
1389
1400
1404
1428
1433
1441
1467
1478
1475
1478
1486
1502
1506
1517
1519
1523
1523
1520
1506
1476
1462
1454
1428
1404
1415
1413
1398
1383
1379
1373
1345
1343
1340
1340
1351
1358
1356
1362
1376
1367
1347
1335
1341
1332
1337
1318
1297
1293
1306
1291
1303
1311
1320
1325
1331
1334
1347
1353
1388
1402
1423
1439
1436
1475
1480
1515
1533
1560
1598
1636
1648
1642
1655
1651
1671
1676
1685
1713
1769
1795
1820
1822
1844
1847
1855
1873
1891
1912
1923
1953
1959
1950
1952
1956
1926
1931
1936
1941
1967
1996
2019
2017
2023
2023
2025
2034
2047
2063
2104
2136
2180
2216
2239
2237
2248
2263
2291
2316
2344
2368
2402
2416
2439
2457
2482
2506
2515
2528
2555
2590
2608
2643
2686
2704
2720
2753
2759
2790
2796
2837
2862
2898
2921
2936
2959
2979
2988
2991
2975
2976
2975
2980
2978
2988
2979
2979
2958
2943
2950
2939
2914
2895
2862
2867
2848
2823
2816
2824
2807
2806
2795
2774
2751
2742
2725
2704
2695
2700
2691
2684
2662
2634
2593
2585
2582
2573
2562
2532
2508
2482
2457
2425
2387
2363
2332
2324
2310
2305
2294
2279
2265
2242
2206
2183
2177
2161
2164
2180
2185
2173
2174
2185
2183
2182
2178
2170
2179
2162
2156
2155
2150
2136
2135
2108
2090
2100
2059
2047
2028
2019
2021
1995
1977
1948
1907
1877
1868
1870
1859
1852
1821
1823
1806
1788
1773
1756
1749
1743
1722
1702
1679
1667
1647
1609
1567
1528
1505
1483
1448
1431
1416
1408
1376
1352
1322
1288
1278
1276
1246
1230
1223
1230
1224
1211
1201
1206
1216
1213
1223
1218
1219
1209
1198
1193
1203
1220
1221
1220
1205
1200
1189
1202
1211
1202
1189
1190
1184
1191
1176
1176
1178
1192
1165
1164
1172
1188
1194
1215
1231
1240
1241
1220
1216
1196
1199
1208
1228
1239
1258
1270
1289
1268
1254
1239
1236
1233
1229
1224
1245
1271
1276
1287
1294
1287
1299
1415
1322
1315
1333
1351
1376
1382
1386
1399
1407
1508
1550
1514
1529
1518
1478
1472
1473
1500
1504
1522
1528
1541
1540
1532
1523
1510
1545
1576
1610
1640
1691
1692
1665
1632
1620
1620
1639
1685
1755
1832
1902
1957
1968
1947
1925
1897
1872
1871
2020
2051
2121
2205
2236
2224
2204
2152
2111
2081
2101
2156
2244
2346
2436
2478
2456
2384
2288
2202
2151
2144
2210
2326
2449
2519
2513
2447
2323
2216
2146
2152
2234
2356
2484
2559
2559
2519
2412
2307
2235
2238
2284
2364
2462
2526
2574
2551
2478
2388
2316
2279
2289
2336
2402
2461
2508
2518
2506
2474
2409
2374
2362
2381
2402
2463
2488
2483
2476
2417
2376
2348
2352
2364
2411
2458
2502
2506
2471
2438
2389
2350
2351
2374
2398
2456
2503
2510
2508
2476
2429
2384
2369
2379
2412
2474
2523
2543
2534
2486
2400
2323
2281
2281
2312
2386
2468
2551
2586
2548
2463
2356
2286
2255
2264
2344
2432
2500
2531
2491
2420
2344
2275
2236
2256
2304
2355
2407
2422
2412
2392
2339
2286
2247
2252
2277
2320
2333
2380
2392
2379
2345
2305
2287
2275
2263
2294
2326
2343
2339
2322
2305
2291
2272
2268
2262
2260
2255
2234
2208
2201
2180
2152
2136
2119
2113
2122
2107
2097
2076
2061
2016
1991
1979
1964
1953
1935
1932
1913
1868
1836
1805
1779
1761
1765
1777
1784
1785
1769
1748
1720
1688
1638
1600
1574
1566
1592
1596
1600
1575
1549
1531
1495
1467
1452
1435
1460
1491
1517
1502
1492
1476
1471
1449
1439
1423
1424
1426
1443
1475
1486
1481
1479
1480
1489
1494
1483
1472
1488
1494
1501
1523
1534
1541
1579
1589
1606
1593
1560
1557
1559
1551
1588
1618
1677
1701
1710
1724
1726
1700
1687
1687
1697
1722
1770
1816
1857
1870
1865
1849
1832
1816
1822
1841
1879
1929
1963
1979
1981
1953
1939
1913
1916
1921
1955
1985
2000
2041
2027
2023
2010
2008
2013
2008
2024
2032
2049
2072
2081
2080
2086
2087
2096
2091
2097
2122
2124
2127
2127
2140
2125
2124
2131
2139
2145
2140
2164
2141
2135
2142
2164
2170
2161
2179
2202
2203
2227
2222
2218
2220
2232
2232
2232
2238
2246
2256
2274
2292
2296
2300
2294
2284
2272
2277
2270
2259
2256
2262
2272
2263
2264
2269
2278
2268
2257
2243
2222
2207
2211
2233
2259
2289
2293
2306
2300
2285
2259
2252
2281
2283
2306
2340
2355
2355
2373
2374
2369
2379
2388
2403
2411
2432
2430
2445
2444
2453
2438
2431
2428
2420
2446
2457
2479
2491
2491
2500
2496
2496
2494
2483
2482
2498
2502
2508
2531
2542
2539
2540
2536
2535
2539
2547
2554
2552
2557
2568
2540
2524
2516
2511
2508
2520
2520
2512
2521
2513
2499
2483
2479
2465
2455
2460
2462
2467
2471
2487
2478
2467
2468
2463
2458
2444
2451
2447
2451
2445
2460
2446
2443
2432
2427
2417
2401
2397
2380
2375
2364
2350
2334
2315
2299
2281
2281
2264
2237
2246
2259
2242
2236
2232
2213
2206
2207
2199
2198
2200
2192
2208
2191
2168
2183
2183
2174
2176
2168
2151
2139
2127
2104
2095
2076
2059
2055
2038
2015
1992
1984
1974
1953
1945
1921
1919
1919
1920
1908
1896
1884
1881
1844
1833
1823
1807
1800
1800
1777
1770
1767
1758
1738
1722
1695
1676
1673
1676
1667
1673
1655
1652
1642
1644
1627
1619
1593
1593
1596
1607
1612
1624
1641
1640
1625
1607
1602
1608
1619
1625
1625
1632
1636
1637
1643
1651
1659
1659
1682
1704
1701
1710
1731
1716
1724
1730
1724
1739
1758
1764
1787
1804
1799
1785
1775
1761
1739
1757
1767
1784
1799
1820
1812
1820
1821
1810
1790
1802
1808
1818
1841
1836
1845
1857
1858
1871
1866
1850
1844
1861
1875
1888
1888
1872
1875
1877
1874
1867
1875
1882
1897
1914
1926
1932
1946
1972
1974
1979
1980
1977
1983
1993
1987
2021
2023
2032
2050
2065
2066
2078
2072
2060
2072
2069
2076
2070
2078
2091
2091
2089
2085
2088
2087
2077
2091
2102
2095
2091
2094
2091
2093
2089
2100
2086
2088
2100
2096
2086
2091
2095
2112
2104
2105
2111
2120
2137
2143
2159
2140
2129
2124
2142
2145
2147
2161
2163
2154
2151
2157
2151
2162
2173
2176
2188
2198
2199
2202
2206
2191
2169
2174
2172
2174
2175
2177
2172
2179
2168
2175
2164
2171
2156
2146
2155
2158
2138
2127
2121
2113
2096
2086
2079
2079
2057
2049
2062
2063
2077
2062
2064
2057
2054
2027
2028
2036
2036
2037
2029
2022
2016
2004
1985
1956
1953
1942
1936
1947
1958
1956
1951
1952
1950
1943
1949
1944
1949
1953
1931
1934
1929
1945
1947
1937
1929
1929
1943
1927
1940
1962
1982
1967
1967
1954
1966
1959
1952
1967
1964
1981
1969
2001
2003
1996
1997
1993
1984
1996
1996
1990
2004
2000
1987
1980
1979
1957
1950
1948
1968
1956
1956
1959
1955
1967
1967
1952
1952
1948
1944
1961
1976
1973
1990
1993
1968
1959
1953
1949
1973
1980
1992
1993
2001
2008
2008
2006
2048
2097
2045
2003
2006
2020
2029
2031
2013
2025
2031
1996
1994
2003
1994
2004
1996
2007
2003
2003
1999
1995
1970
1952
1935
1933
1930
1930
1925
1900
1889
1869
1836
1823
1807
1804
1797
1791
1775
1771
1766
1759
1748
1751
1744
1743
1739
1749
1727
1723
1721
1715
1712
1688
1696
1686
1698
1706
1700
1718
1726
1742
1725
1720
1706
1696
1700
1703
1715
1730
1731
1733
1726
1703
1684
1657
1648
1655
1676
1695
1722
1751
1758
1741
1732
1698
1671
1666
1660
1671
1668
1685
1688
1690
1680
1671
1664
1648
1657
1673
1678
1713
1724
1719
1736
1718
1716
1697
1684
1648
1625
1619
1627
1647
1676
1696
1708
1711
1658
1627
1684
1656
1630
1649
1698
1703
1682
1675
1642
1639
1645
1632
1663
1688
1712
1721
1727
1716
1705
1724
1737
1735
1763
1763
1759
1766
1771
1765
1785
1793
1804
1798
1796
1776
1779
1776
1786
1807
1827
1841
1848
1859
1863
1888
1906
1907
1914
1917
1901
1905
1932
1935
1949
1967
1979
1980
1979
1979
1983
1993
1998
2007
2035
2060
2057
2071
2070
2065
2058
2070
2068
2065
2085
2090
2105
2133
2161
2202
2242
2248
2231
2229
2219
2207
2213
2219
2240
2275
2288
2308
2297
2301
2299
2305
2303
2297
2412
2344
2336
2340
2339
2336
2328
2321
2326
2307
2272
2273
2286
2294
2289
2290
2293
2376
2405
2314
2252
2308
2263
2230
2227
2213
2220
2215
2193
2178
2153
2126
2118
2120
2117
2134
2151
2168
2165
2156
2152
2124
2112
2116
2096
2096
2174
2162
2145
2145
2149
2151
2157
2158
2166
2162
2189
2188
2172
2190
2184
2179
2181
2176
2197
2212
2209
2212
2210
2209
2215
2218
2243
2249
2258
2259
2260
2242
2221
2200
2200
2201
2195
2200
2200
2219
2216
2217
2204
2188
2192
2183
2199
2179
2201
2232
2240
2232
2210
2206
2203
2176
2160
2150
2163
2168
2175
2195
2179
2172
2159
2151
2123
2109
2108
2100
2084
2070
2081
2078
2075
2076
2076
2086
2086
2087
2086
2105
2086
2097
2081
2084
2071
2086
2072
2072
2067
2054
2046
2051
2048
2051
2046
2046
2031
2031
2004
1999
1991
1982
1966
1970
1962
1946
1929
1934
1920
1919
1922
1926
1911
1913
1897
1901
1911
1892
1906
1904
1903
1889
1872
1855
1837
1823
1827
1815
1822
1835
1836
1820
1823
1828
1825
1834
1826
1815
1803
1813
1811
1818
1822
1827
1813
1820
1827
1836
1847
1849
1842
1847
1860
1871
1876
1876
1886
1884
1898
1910
1896
1881
1888
1885
1901
1908
1918
1900
1902
1904
1885
1902
1899
1888
1889
1912
1942
1947
1965
1972
1968
1959
1974
1986
2004
2046
2083
2099
2124
2128
2132
2134
2131
2135
2141
2174
2192
2187
2190
2206
2199
2182
2175
2179
2182
2182
2179
2182
2177
2181
2178
2172
2170
2188
2186
2197
2197
2220
2219
2229
2219
2203
2213
2219
2231
2226
2244
2254
2256
2240
2229
2238
2227
2214
2223
2220
2225
2242
2227
2236
2215
2219
2228
2226
2231
2248
2269
2268
2273
2286
2260
2256
2244
2255
2283
2299
2314
2351
2354
2346
2345
2324
2316
2327
2322
2309
2319
2349
2358
2351
2372
2355
2357
2354
2364
2364
2364
2374
2382
2392
2398
2403
2417
2430
2438
2456
2463
2479
2490
2492
2481
2496
2507
2510
2518
2521
2524
2511
2504
2500
2516
2521
2523
2521
2515
2510
2502
2488
2452
2428
2424
2422
2419
2431
2434
2439
2458
2449
2444
2419
2428
2429
2444
2446
2468
2480
2470
2476
2483
2469
2467
2467
2456
2468
2455
2457
2457
2440
2444
2416
2424
2429
2435
2432
2431
2413
2406
2416
2401
2376
2352
2347
2344
2346
2346
2350
2343
2343
2343
2319
2295
2295
2302
2309
2315
2288
2273
2238
2225
2203
2184
2168
2132
2131
2130
2118
2125
2112
2095
2064
2059
2041
2023
2016
1987
1987
1985
1979
1973
1971
1962
1934
1908
1901
1891
1895
1872
1868
1858
1859
1859
1876
1872
1856
1832
1827
1823
1816
1792
1792
1786
1783
1782
1793
1782
1791
1773
1757
1739
1731
1743
1719
1713
1719
1706
1695
1675
1662
1655
1640
1618
1623
1624
1636
1635
1629
1640
1614
1605
1599
1599
1599
1583
1604
1593
1585
1589
1574
1564
1539
1528
1530
1524
1527
1518
1537
1533
1529
1531
1521
1536
1557
1575
1579
1577
1571
1575
1576
1574
1587
1569
1574
1575
1580
1564
1558
1559
1560
1552
1554
1556
1548
1557
1560
1563
1555
1551
1539
1539
1545
1538
1555
1564
1558
1542
1529
1523
1534
1542
1543
1553
1557
1562
1558
1555
1555
1556
1540
1539
1540
1544
1536
1542
1539
1555
1551
1532
1523
1528
1542
1555
1584
1603
1608
1608
1593
1586
1570
1574
1591
1612
1625
1643
1654
1640
1646
1622
1632
1647
1679
1680
1695
1720
1728
1721
1708
1719
1713
1704
1710
1718
1738
1758
1770
1762
1765
1761
1765
1771
1800
1821
1833
1845
1860
1869
1850
1850
1848
1856
1862
1878
1887
1894
1934
1928
1930
1919
1900
1905
1926
1905
1931
1940
1953
1956
1939
1934
1924
1913
1920
1929
1935
1941
1947
1956
1963
1964
1957
1964
1985
2007
2020
2034
2027
2028
2011
2012
2012
2017
2027
2038
2042
2052
2029
2044
2026
2027
2022
2039
2059
2060
2087
2090
2092
2079
2083
2070
2057
2069
2071
2092
2113
2115
2115
2105
2090
2086
2098
2086
2100
2113
2136
2134
2141
2150
2134
2105
2108
2104
2107
2133
2141
2148
2157
2170
2167
2154
2148
2147
2157
2156
2155
2140
2159
2156
2147
2148
2176
2188
2175
2162
2156
2158
2150
2148
2153
2154
2166
2167
2185
2182
2172
2163
2147
2125
2139
2124
2129
2121
2108
2089
2078
2056
2049
2037
2026
2033
2051
2054
2056
2055
2061
2055
2024
1988
1979
1967
1964
1962
1980
1989
2011
1996
1983
1975
1937
1923
1916
1919
1908
1923
1944
1947
1958
1955
1949
1952
