1991
2007
2003
2006
2039
2051
2057
2034
2028
2032
2011
2032
2019
2025
2014
2030
2052
2064
2048
2044
2043
2033
2028
2018
2022
2035
2044
2045
2046
2044
2047
2043
2024
2038
2032
2032
2032
2025
2016
2022
2021
2022
2031
2020
2038
2030
2023
2016
2008
2022
2036
2019
2017
2012
2017
2021
2025
2000
2007
2004
1988
1984
1996
1995
1991
1995
1997
2011
2007
2005
2014
2020
2022
2024
2026
2033
2036
2054
2051
2043
2039
2051
2053
2068
2067
2055
2053
2061
2054
2055
2068
2059
2079
2087
2093
2108
2091
2079
2076
2070
2070
2078
2083
2092
2096
2103
2098
2094
2083
2088
2100
2115
2100
2095
2102
2103
2098
2105
2103
2086
2074
2086
2086
2102
2094
2092
2090
2072
2166
2087
2064
2064
2052
2057
2049
2036
2038
2017
2004
2106
2149
2100
2070
2075
2012
2001
1983
1981
1969
1973
1986
2001
2012
2018
1994
1985
1980
1959
1964
1970
1958
1984
1987
1981
1988
1968
1970
1968
1961
1967
1967
1961
1966
1979
1982
1959
1965
1955
1952
1963
1971
1980
1970
1966
1960
1962
2061
1983
1975
1964
1986
1968
1968
1966
1964
1974
1960
1950
1958
1963
1974
1970
1967
1969
1971
1967
1962
1955
1957
1960
1964
1972
1976
1980
1984
1974
1962
1978
1965
1944
1961
1977
1982
1976
1965
1972
1954
1960
1958
1957
1959
1969
1965
1968
1968
1968
1959
1957
1961
1972
1984
1995
1988
2016
1997
1982
1986
1982
1974
1966
1966
1976
1984
1998
1996
1993
1997
1998
1997
1999
1998
2000
2010
2021
2023
2016
2005
2004
1995
1986
2007
2029
2038
2031
2044
2039
2024
2022
2011
2030
2023
2016
2030
2038
2034
2044
2029
2012
2012
2009
2015
2028
2041
2036
2037
2027
2027
2012
2017
2025
2016
2024
2032
2031
2035
2041
2026
2024
2030
2031
2020
2018
2024
2020
2024
2026
2029
2031
2045
2060
2067
2049
2040
2021
2023
2020
2014
2026
2038
2049
2031
2036
2039
2044
2048
2028
2026
2027
2026
2022
2025
2030
2051
2046
2046
2023
2018
1998
2007
2016
2013
2012
2014
2027
2009
2011
1989
1991
1992
2011
1999
1996
2001
2009
2008
2007
1980
1984
1966
1966
1979
1995
1995
2011
2006
1979
1986
1992
1991
1982
1991
2008
2012
1999
1991
1984
1979
1987
1982
1984
1983
1988
1991
2003
2014
2001
1995
1999
1994
2004
2000
2006
2031
2033
2028
2025
1991
1999
2001
1987
2016
2021
2030
2023
2021
2015
1999
2006
2012
2014
2032
2028
2023
2028
2020
2020
2021
2025
2030
2020
2016
2014
2017
2020
2043
2049
2046
2055
2057
2051
2065
2060
2063
2060
2068
2057
2063
2055
2055
2064
2071
2076
2063
2054
2029
2016
1978
1977
2004
2087
2151
2190
2195
2218
2191
2130
2043
1964
1926
1962
2029
2103
2152
2136
2040
1916
1809
1735
1721
1803
1955
2136
2331
2418
2355
2281
2097
1954
1839
1815
1938
2088
2244
2318
2365
2337
2224
2054
1822
1594
1490
1504
1696
1923
2108
2264
2363
2425
2406
2278
2151
2047
1984
2007
2108
2161
2100
1991
1977
2084
2184
2281
2362
2443
2438
2329
2155
1953
1842
1821
1940
2143
2276
2295
2178
2007
1851
1753
1747
1784
1969
2168
2302
2282
2127
1972
1857
1756
1715
1753
1936
2164
2340
2368
2215
1906
1584
1371
1302
1345
1463
1670
1880
1977
1909
1770
1625
1552
1550
1618
1714
1787
1880
2041
2232
2375
2411
2372
2324
2290
2326
2334
2318
2276
2218
2143
2043
1923
1770
1624
1548
1585
1712
1894
2047
2115
2108
1971
1816
1645
1527
1513
1613
1784
2001
2179
2284
2259
2217
2190
2172
2209
2245
2319
2361
2358
2328
2236
2134
2031
1992
2066
2201
2401
2557
2581
2477
2244
1991
1758
1622
1600
1703
1893
2120
2311
2382
2299
2099
1859
1663
1576
1564
1649
1759
1901
2032
2115
2146
2100
2040
1978
1998
2074
2191
2345
2457
2524
2551
2551
2513
2478
2453
2460
2490
2512
2532
2491
2427
2347
2284
2184
2059
1929
1820
1779
1756
1775
1826
1917
2031
2110
2150
2154
2114
2042
1981
1954
1992
2052
2081
2102
2076
2020
1953
1879
1820
1774
1782
1812
1910
1999
2056
2044
1997
1924
1885
1859
1860
1880
1911
1962
2003
2007
1992
1972
1940
1918
1904
1898
1915
1975
2053
2114
2163
2171
2135
2059
1992
1959
1962
1993
2029
2078
2118
2156
2120
2092
2019
1952
1904
1891
1899
1929
1955
1987
1980
1991
1975
1956
1945
1931
1971
2029
2113
2200
2191
2126
2069
2009
1969
1953
1946
1939
1954
1974
1990
1978
1948
1923
1927
1987
2060
2143
2175
2146
2101
2031
1943
1863
1800
1748
1769
1821
1914
2008
2053
2076
2087
2059
2012
1986
1978
2016
2060
2104
2137
2140
2123
2073
2020
2006
2015
2027
2064
2078
2086
2103
2092
2070
2025
2019
2028
2074
2121
2185
2217
2219
2192
2158
2105
2031
1991
1945
1921
1913
1920
1912
1902
1896
1881
1863
1850
1835
1798
1789
1783
1763
1758
1743
1742
1764
1783
1832
1896
1947
1978
1985
1940
1880
1805
1725
1657
1635
1678
1755
1864
1968
2038
2097
2103
2058
2040
2012
2003
2031
2052
2079
2103
2078
2008
1940
1889
1853
1848
1860
1897
1928
1948
1937
1889
1826
1747
1725
1751
1807
1894
2003
2070
2108
2105
2083
2035
1996
1972
1986
2006
2051
2130
2200
2209
2177
2130
2062
2004
1974
1958
1980
2003
2050
2080
2086
2062
2017
1972
1935
1943
1979
2027
2075
2101
2109
2112
2058
1998
1969
1956
1943
1967
2015
2049
2073
2106
2099
2080
2051
2020
1996
1990
2007
2033
2058
2088
2088
2084
2073
2050
2009
1979
1951
1950
1952
1956
1969
1965
1950
1923
1903
1912
1931
1953
1992
2026
2074
2099
2102
2092
2031
2024
2019
2033
2043
2067
2055
2045
2018
1968
1911
1860
1851
1833
1846
1876
1881
1889
1893
1884
1864
1852
1856
1899
1935
1995
2198
2125
2104
2094
2050
2019
2001
1930
1939
1940
1958
1984
2007
2018
2004
1991
1970
1971
1972
1957
1941
1952
1933
1909
1877
1850
1820
1826
1849
1868
1905
1929
1951
1963
1984
1986
1985
2005
2036
2085
2138
2179
2197
2184
2174
2152
2148
2108
2091
2091
2115
2123
2119
2120
2108
2063
2023
1975
1945
1926
1923
1923
1932
1925
1927
1915
1880
1853
1855
1874
1907
1970
2000
2029
2056
2066
2066
2064
2039
2018
2019
2028
2035
2033
2030
2041
2004
2016
2015
2038
2028
2005
1986
1967
1935
1902
1888
1868
1858
1856
1863
1871
1874
1885
1871
1879
1873
1865
1868
1887
1909
1928
1956
2095
2129
2117
2142
2159
2203
2203
2191
2186
2196
2178
2156
2140
2113
2084
2047
2015
1993
1971
1973
1979
1975
1978
1963
1951
1943
1921
1941
1966
2002
2036
2099
2131
2151
2161
2139
2129
2119
2110
2129
2127
2136
2158
2187
2184
2200
2202
2201
2204
2214
2195
2195
2184
2177
2199
2193
2188
2171
2160
2128
2126
2216
2157
2136
2140
2149
2168
2179
2188
2177
2164
2152
2142
2147
2134
2136
2151
2241
2272
2175
2140
2124
2023
1967
1933
1934
1917
1910
1922
1919
1922
1923
1911
1930
1953
1986
2027
2061
2083
2099
2113
2117
2117
2106
2096
2095
2117
2158
2110
2103
2094
2074
2054
2018
1980
1949
1932
1918
1925
1943
1970
1998
2016
2040
2052
2046
2057
2082
2107
2134
2171
2209
2225
2252
2251
2236
2209
2214
2216
2222
2234
2233
2223
2212
2192
2156
2115
2091
2059
2041
2047
2071
2078
2077
2080
2076
2053
2030
2007
1993
1987
2006
2027
2047
2066
2074
2044
2010
2001
1988
1974
1984
2006
2017
2041
2032
2019
2007
1984
1980
1957
1954
1964
1960
1967
1964
1974
1965
1969
1963
1977
1990
2016
2040
2065
2095
2102
2103
2099
2078
2098
2084
2087
2090
2083
2092
2097
2103
2097
2087
2061
2047
2019
2016
2031
2052
2077
2082
2081
2063
2041
2016
2004
2001
2009
2017
2028
2050
2065
2060
2058
2039
2019
2011
2008
2030
2027
2049
2060
2064
2041
2033
2018
1991
1978
1998
2004
2007
2016
2023
2047
2062
2040
2029
2011
2011
2002
1996
2005
2033
2015
2006
2010
1980
1971
1950
1934
1905
1913
1942
1948
1936
1951
1946
1945
1910
1901
1888
1866
1855
1851
1864
1872
1880
1891
1899
1884
1872
1857
1863
1857
1880
1902
1920
1951
1962
1954
1954
1924
1899
1892
1898
1923
1944
1943
1945
1925
1897
1891
1875
1857
1848
1867
1892
1920
1938
1935
1925
1927
1946
1954
1973
1987
1998
2008
1994
1988
1983
1971
1977
1963
2013
2040
2049
2049
2060
2048
2024
2014
2004
1998
2005
2021
2044
2076
2096
2078
2059
2031
2022
2012
2004
2037
2068
2096
2099
2117
2122
2107
2090
2087
2073
2080
2081
2096
2104
2114
2093
2096
2079
2072
2068
2066
2058
2064
2082
2076
2067
2064
2060
2051
2048
2038
2041
2040
2055
2052
2050
2058
2070
2070
2089
2103
2115
2115
2087
2077
2081
2050
2020
2024
2033
2015
2025
2029
2024
2045
2048
2038
2055
2065
2077
2085
2100
2124
2145
2151
2143
2144
2132
2121
2115
2123
2112
2117
2107
2092
2063
2065
2064
2039
2036
2030
2035
2031
2028
2025
2014
2012
1998
1994
1993
2001
1985
2004
1999
1990
1987
1984
1979
1988
2002
1996
1987
1991
2008
2003
2000
1984
1984
1997
1991
1990
1976
1983
1969
1964
1965
1969
1965
1965
1967
1972
1980
1980
1978
1977
1982
1963
1963
1957
1928
1934
1918
1918
1920
1914
1912
1923
1913
1907
1891
1900
1903
1911
1919
1914
1914
1895
1897
1895
1911
1911
1925
1942
1947
1954
1952
1954
1953
1956
1947
1939
1950
1942
1943
1936
1951
1969
1969
1955
1953
1966
1972
1972
1966
1964
1953
1956
1953
1951
1969
1978
1960
1966
1952
1940
1932
1928
1907
1896
1897
1892
1893
1888
1887
1880
1876
1863
1840
1838
1844
1862
1888
1921
1935
1919
1916
1919
1921
1923
1924
1931
1919
1920
1941
1930
1920
1919
1903
1900
1906
1922
1928
1936
1943
1952
1964
1949
1946
1938
1937
1947
1967
1973
1967
1976
1968
1972
1961
1947
1953
1952
1948
1955
1950
1945
1937
1928
1927
1930
1924
1925
1946
1945
1943
1935
1928
1913
1931
1933
1933
1951
1964
1968
1969
1967
1977
1972
1967
1971
1968
1986
1976
1959
1968
1969
1968
1969
1966
1961
1987
1991
1993
2011
2016
2024
2007
2018
2018
2031
2024
2049
2044
2056
2059
2054
2063
2083
2075
2075
2070
2091
2110
2110
2104
2115
2107
2092
2098
2115
2116
2106
2114
2117
2115
2099
2084
2079
2082
2092
2112
2123
2130
2151
2157
2147
2170
2167
2170
2173
2185
2209
2208
2211
2204
2191
2195
2182
2190
2212
2200
2205
2221
2215
2216
2204
2200
2183
2172
2184
2197
2222
2224
2228
2241
2227
2207
2188
2155
2159
2159
2154
2163
2161
2136
2124
2108
2112
2104
2094
2089
2088
2092
2097
2099
2094
2094
2093
2096
2108
2126
2136
2161
2151
2141
2156
2139
2132
2105
2100
2104
2113
2118
2123
2115
2111
2104
2105
2099
2094
2105
2093
2108
2104
2086
2089
2084
2082
2080
2087
2086
2084
2085
2094
2106
2099
2093
2091
2106
2119
2130
2136
2137
2137
2154
2144
2149
2150
2159
2156
2158
2160
2138
2130
2142
2132
2116
2116
2115
2104
2119
2106
2111
2097
2083
2082
2077
2088
2091
2085
2083
2075
2068
2045
2030
2019
2034
2048
2054
2060
2035
2016
1999
1976
1971
1948
1932
1937
1955
1981
1974
1990
1966
1955
1924
1906
1900
1923
1951
1976
1995
1987
1970
1951
1925
1909
1926
1932
1965
1984
1975
1956
1948
1926
1903
1886
1894
1927
1951
1980
1960
1929
1912
1909
1921
1931
1970
2006
2017
2046
2061
2036
2033
2012
1986
1991
1988
2001
2014
2017
2022
1995
1946
1927
1913
1921
1943
1971
1991
1984
1971
1940
1905
1865
1864
1866
1892
1917
1938
1943
1935
1927
1892
1836
1846
1847
1861
1869
1883
1895
1896
1866
1832
1815
1797
1785
1795
1913
1921
1891
1881
1856
1834
1795
1780
1769
1769
1772
1813
1845
1862
1858
1862
1825
1799
1779
1767
1766
1782
1786
1813
1830
1844
1839
1827
1816
1799
1802
1820
1846
1859
1855
1864
1840
1819
1819
1827
1833
1836
1852
1849
1855
1867
1865
1871
1877
1907
1912
1925
1952
1963
1959
1980
1992
1993
1995
2012
2020
2036
2025
2029
2046
2057
2056
2069
2080
2094
2112
2131
2152
2153
2151
2139
2140
2167
2161
2188
2184
2197
2200
2186
2200
2180
2160
2156
2158
2159
2153
2176
2183
2188
2183
2164
2159
2136
2139
2135
2137
2147
2167
2176
2172
2152
2158
2155
2151
2162
2149
2148
2140
2137
2127
2130
2112
2116
2103
2078
2081
2062
2070
2071
2232
2115
2075
2047
2080
2051
2039
2052
2073
2071
2071
2074
2056
2048
2025
2017
2021
2012
2011
2006
1999
1991
1987
1974
1977
1976
1980
1988
1985
2004
2003
2004
1988
1980
1964
1952
1964
1971
2007
2034
2051
2044
2054
2060
2051
2060
2048
2043
2043
2040
2048
2044
2065
2070
2049
2050
2042
2040
2037
2023
2023
2151
2115
2061
2032
2012
2010
2009
2015
2026
2017
2029
1998
1989
1990
1998
1999
1993
2008
2106
2135
2072
2017
2101
2037
2009
2004
2013
1989
1984
1997
1987
1995
1984
1987
1992
1991
2006
2014
2011
2012
2002
1995
1991
1973
1960
1963
2000
2040
2009
1999
2011
2020
2018
2007
2014
2021
2008
2025
2029
2035
2041
2063
2060
2063
2057
2062
2056
2045
2024
2036
2050
2048
2047
2046
2043
2044
2031
2026
2024
2028
2032
2044
2052
2078
2081
2088
2097
2084
2068
2081
2089
2110
2131
2156
2135
2116
2107
2078
2074
2068
2074
2081
2080
2083
2083
2072
2058
2044
2047
2042
2052
2053
2075
2067
2065
2051
2041
2016
1996
1984
1985
2008
2013
2019
2031
2031
2012
1999
1985
1981
1981
1978
1985
1997
2019
2021
2007
1997
1986
1971
1960
1964
1964
1973
1987
2000
2009
2014
2001
1980
1982
1970
1961
1978
1975
1991
1991
1996
1988
1977
1952
1967
1953
1956
1966
1974
1993
1996
1985
1987
1984
1978
1977
1985
1974
1986
2010
2008
2003
2009
1994
1991
1995
2000
2015
2007
2020
2031
2041
2031
2050
2047
2037
2035
2039
2037
2034
2038
2028
2039
2030
2030
2024
2025
2033
2043
2043
2035
2052
2058
2069
2067
2060
2067
2053
2054
2058
2077
2079
2080
2076
2076
2079
2068
2040
2032
2037
2055
2052
2056
2028
2034
2056
2040
2033
2036
2019
2023
2025
2030
2032
2010
2012
2034
2037
2035
2044
2041
2044
2043
2031
2040
2038
2040
2040
2036
2034
2038
2051
2064
2053
2052
2062
2061
2072
2075
2044
2065
2059
2073
2068
2068
2053
2041
2051
2075
2082
2093
2073
2076
2062
2052
2044
2039
2031
2030
2030
2035
2034
2033
2044
2037
2026
2018
2004
1990
1975
1982
1971
1955
1951
1957
1951
1939
1939
1939
1942
1952
1967
1977
1977
1973
1961
1973
1987
1981
1985
1982
1993
2003
2008
2020
2023
2009
1991
1995
2019
2024
2032
2021
2024
2030
2043
2039
2043
2045
2054
2067
2064
2062
2065
2054
2040
2042
2049
2059
2059
2044
2045
2051
2044
2038
2006
1980
1959
1964
1974
1979
1979
1984
1981
1968
1958
1942
1933
1919
1919
1928
1934
1939
1955
1966
1964
1963
1951
1961
1964
1972
1977
1978
1991
1996
1991
1993
1987
1987
1976
1997
2016
2028
2042
2037
2031
2020
2017
2008
1985
2017
2042
2067
2070
2072
2060
2056
2041
2031
2027
2032
2052
2092
2097
2094
2083
2073
2062
2055
2029
2031
2055
2079
2105
2098
2096
2087
2049
2015
2012
2020
2032
2051
2087
2089
2088
2093
2059
2040
2029
2017
2038
2053
2073
2087
2089
2104
2095
2078
2071
2065
2074
2080
2095
2093
2117
2115
2084
2073
2054
2037
2022
2018
2028
2025
2020
2003
1992
1958
1954
1955
1968
1962
1958
1969
1964
1945
1944
1934
1918
1918
1923
1913
1920
1923
1913
1897
1888
1873
1858
1865
1868
1873
1870
1870
1851
1844
1835
1819
1812
1790
1802
1811
1827
1832
1822
1812
1798
1810
1805
1801
1799
1825
1851
1872
1876
1900
1910
1907
1909
1911
1932
1964
1980
1990
2007
2036
2036
2034
2034
2028
2028
2039
2057
2071
2082
2087
2104
2113
2127
2114
2117
2099
2097
2092
2087
2096
2087
2093
2092
2089
2086
2080
2073
2075
2073
2079
2069
2086
2103
2102
2114
2118
2128
2120
2107
2107
2104
2110
2108
2106
2121
2116
2143
2149
2137
2134
2148
2139
2151
2127
2124
2124
2108
2099
2112
2103
2097
2108
2099
2089
2068
2060
2075
2059
2063
2059
2055
2051
2042
2040
2041
2025
2023
1999
1975
1956
1934
1929
1928
1937
1944
1958
1975
1968
1963
1964
1942
1932
1939
1945
1951
1953
1960
1975
1980
1986
2007
1996
1970
1957
1951
1951
1959
1967
1991
2016
1998
1984
1963
1968
1955
1953
1941
1936
1934
1940
1951
1934
1936
1945
1956
1957
1975
1984
1999
2008
2017
2008
2001
1990
1996
2001
2002
1992
1991
1956
1943
1942
1929
1929
1921
1941
1943
1955
1940
1939
1924
1910
1894
1865
1865
1843
1843
1861
1893
1927
1955
1937
1924
1875
1872
1861
1877
1904
1913
1937
1941
1911
1891
1874
1865
1840
1828
1804
1824
1838
1844
1854
1864
1869
1857
1837
1857
1863
1894
1921
1935
1947
1953
1989
1971
1988
1988
1992
1981
1970
1966
1972
2004
2033
2035
2023
1991
1970
1932
1951
1989
2003
2011
2013
1979
1944
1940
1919
1926
1943
1988
1996
1989
1975
1982
2004
2032
2050
2060
2055
2022
1973
1951
1992
2043
2120
2167
2191
2211
2189
2121
2006
1905
1814
1763
1740
1747
1785
1795
1798
1793
1780
1777
1790
1814
1823
1828
1844
1879
1932
2027
2115
2199
2248
2232
2197
2123
2059
2016
2016
2047
2084
2128
2172
2211
2217
2177
2052
2028
2046
2094
2156
2224
2314
2386
2444
2433
2402
2351
2291
2257
2241
2234
2223
2238
2244
2218
2188
2167
2202
2216
2240
2267
2321
2325
2297
2235
2178
2136
2138
2199
2302
2396
2440
2412
2349
2248
2105
1975
1932
1934
2009
2134
2279
2432
2531
2382
2215
2052
1948
1930
1996
2077
2182
2241
2229
2176
2070
1965
1880
1850
1895
1935
2013
2108
2185
2217
2179
2135
2064
2019
2011
2034
2123
2201
2279
2318
2318
2252
2167
2088
2042
2043
2082
2183
2313
2416
2456
2456
2417
2361
2281
2183
2136
2103
2132
2145
2175
2180
2156
2113
2060
2004
1975
1962
1945
1942
1918
1856
1808
1816
1846
1920
1983
2041
2076
2066
2032
1940
1875
1844
1831
1859
1920
1981
1998
2008
2002
1950
1952
1940
1961
2001
2042
2090
2144
2166
2164
2104
2030
1966
1934
1955
2048
2169
2286
2375
2392
2362
2282
2194
2122
2076
2057
2109
2188
2281
2361
2405
2390
2342
2264
2211
2190
2160
2161
2180
2196
2191
2337
2232
2239
2238
2297
2285
2288
2287
2281
2275
2242
2224
2223
2224
2243
2248
2240
2215
2181
2174
2168
2169
2159
2155
2136
2110
2058
1998
1923
1856
1783
1737
1724
1742
1762
1797
1840
1848
1844
1811
1754
1703
1655
1621
1623
1684
1758
1842
1910
1937
1920
1835
1745
1675
1657
1655
1719
1776
1844
2022
1988
1969
1900
1839
1801
1792
1809
1847
1908
1968
1995
1955
1915
1871
1827
1784
1855
1923
1966
1940
2070
2049
2026
1980
1905
1833
1769
1717
1692
1686
1714
1754
1781
1817
1839
1835
1811
1785
1751
1730
1711
1724
1752
1794
1824
1868
1882
1864
1931
1839
1752
1683
1635
1630
1648
1671
1679
1691
1697
1697
1672
1660
1644
1635
1680
1745
1810
1867
1898
1876
1851
1801
1758
1730
1744
1784
1865
1929
1992
2022
2024
1994
1932
1906
1873
1866
1896
1943
2020
2099
2149
2161
2125
2096
2066
2020
2003
2020
2071
2116
2161
2211
2228
2196
2140
2059
1995
1980
2006
2069
2142
2155
2140
2117
2080
2035
1950
1896
1869
1871
1902
1947
1976
1977
1980
1999
1978
1953
1940
1923
1880
1851
1851
1866
1909
1948
2006
2037
2039
2023
2007
1987
1985
1982
1987
2035
2091
2141
2163
2158
2162
2120
2098
2078
2083
2105
2137
2168
2195
2236
2240
2216
2151
2084
2027
1998
1993
2051
2147
2238
2280
2265
2205
2119
2008
1960
1959
1999
2072
2132
2162
2178
2144
2077
1968
1892
1877
1926
1969
2009
2058
2048
1978
1880
1772
1703
1720
1784
1859
1950
2002
2001
1932
1815
1707
1627
1608
1676
1785
1869
1936
1946
1916
1835
1743
1708
1740
1829
1927
2018
2065
2078
2035
1956
1904
1844
1866
1944
2067
2172
2243
2264
2242
2184
2097
2014
1978
2030
2147
2263
2349
2383
2368
2288
2201
2108
2088
2105
2195
2300
2414
2481
2473
2408
2296
2200
2136
2122
2161
2230
2306
2305
2256
2164
2078
2008
1945
1926
1916
1954
1969
1994
1992
1963
1891
1777
1697
1680
1706
1803
1878
1896
1890
1859
1825
1779
1706
1671
1666
1660
1689
1710
1726
1743
1750
1735
1705
1679
1644
1643
1661
1712
1751
1747
1737
1753
1756
1754
1709
1656
1656
1719
1807
1903
1964
1932
1879
1801
1731
1735
1775
1848
1869
1926
2013
2083
2107
2036
1934
1812
1704
1694
1769
1841
1880
1977
2055
2100
2040
1952
1834
1741
1808
1985
2214
2378
2448
2463
2364
2180
1979
1860
1881
2013
2246
2442
2555
2549
2419
2224
2012
1863
1854
1947
2118
2318
2470
2504
2379
2160
1934
1777
1708
1771
1927
2097
2248
2307
2230
2067
1871
1699
1596
1611
1712
1832
1920
2033
2095
2084
2003
1912
1867
1896
1984
2089
2203
2276
2301
2273
2173
2097
2016
1972
2004
2097
2222
2324
2375
2364
2305
2222
2126
2063
2075
2126
2190
2257
2320
2339
2361
2344
2295
2272
2264
2289
2343
2327
2294
2259
2219
2186
2172
2165
2113
2044
2009
1981
1955
1937
1944
1965
2009
2020
2015
1996
1944
1921
1907
1945
1971
1986
2012
2014
2011
2008
2007
1999
2013
2024
2075
2120
2163
2185
2217
2216
2180
2140
2112
2126
2174
2249
2315
2376
2414
2415
2385
2390
2405
2446
2549
2639
2692
2701
2662
2616
2576
2584
2618
2648
2712
2757
2777
2757
2699
2643
2612
2614
2671
2704
2727
2727
2732
2730
2730
2727
2718
2723
2723
2703
2672
2595
2534
2465
2434
2432
2491
2541
2573
2554
2503
2437
2350
2280
2251
2271
2332
2391
2434
2435
2385
2275
2200
2173
2224
2282
2375
2458
2505
2519
2469
2377
2276
2209
2228
2305
2434
2542
2603
2605
2558
2484
2436
2435
2479
2563
2672
2754
2780
2744
2655
2591
2544
2526
2546
2583
2630
2655
2670
2656
2604
2556
2503
2480
2497
2536
2595
2620
2600
2538
2442
2343
2306
2283
2306
2348
2366
2401
2393
2358
2267
2179
2103
2074
2081
2098
2132
2176
2185
2165
2124
2073
2037
2017
2022
2044
2057
2075
2068
2038
2024
1993
1968
1980
1991
2016
2032
2069
2087
2072
2052
2021
1985
1968
1938
1925
1944
1969
2008
2042
2051
2054
2014
1980
1935
1925
1940
1954
1951
1940
1915
1879
1829
1799
1767
1760
1773
1790
1790
1778
1744
1698
1636
1578
1521
1488
1449
1435
1427
1440
1459
1480
1465
1430
1372
1342
1320
1329
1342
1370
1394
1406
1387
1331
1273
1201
1144
1134
1153
1191
1232
1259
1222
1174
1108
1062
1027
1023
1071
1141
1190
1209
1209
1168
1121
1083
1081
1100
1111
1173
1210
1226
1246
1227
1194
1160
1140
1140
1189
1219
1236
1229
1220
1191
1167
1143
1116
1139
1182
1233
1217
1184
1186
1187
1172
1130
1090
1071
1121
1207
1291
1329
1335
1275
1198
1084
1004
986
1023
1103
1170
1252
1323
1352
1303
1195
1095
1072
1183
1397
1580
1692
1638
1510
1365
1224
1166
1221
1353
1503
1639
1720
1728
1663
1531
1345
1206
1170
1579
1873
2022
2001
1808
1533
1279
1139
1164
1350
1599
1830
1961
1937
1796
1600
1456
1400
1377
1459
1596
1735
1849
1799
1662
1471
1303
1204
1134
1151
1232
1395
1601
1807
1902
1828
1655
1372
1179
1122
1252
1518
1827
2076
2123
1994
1745
1521
1330
1245
1288
1459
1708
1899
2005
1964
1808
1609
1432
1312
1277
1344
1528
1751
1912
1927
1726
1467
1272
1195
1222
1356
1556
1728
1821
1786
1630
1396
1206
1163
1211
1327
1639
1723
1835
1870
1784
1612
1410
1310
1306
1393
1534
1712
1857
1929
1925
1856
1744
1667
1731
1880
2071
2264
2356
2425
2438
2413
2352
2319
2337
2409
2561
2786
3007
3212
3410
3560
3598
3550
3476
3460
3535
3706
3896
4023
4074
4023
3911
3797
3719
3766
3909
4094
4094
4094
4094
4094
4094
4094
4093
4092
4094
4094
4094
4095
4089
3813
3562
3333
3171
3078
3037
3111
3164
3159
3107
2976
2774
2552
2360
2195
2104
2075
2079
2058
1984
1862
1716
1600
1535
1533
1573
1619
1663
1714
1740
1716
1636
1526
1411
1348
1331
1379
1471
1547
1574
1579
1583
1585
1598
1662
1740
1887
2025
2158
2282
2360
2370
2353
2320
2294
2311
2390
2511
2774
2858
2904
2963
3045
3052
3070
3096
3153
3195
3258
3304
3342
3334
3294
3250
3228
3212
3217
3240
3282
3310
3343
3354
3357
3335
3288
3235
3149
3091
3043
2972
2912
2815
2704
2629
2594
2612
2610
2583
2548
2520
2514
2548
2611
2667
2722
2750
2746
2712
2655
2570
2513
2462
2459
2487
2523
2636
2568
2578
2621
2636
2692
2713
2721
2717
2713
2708
2681
2643
2593
2522
2443
2457
2459
2422
2314
2385
2353
2360
2394
2401
2375
2322
2290
2266
2238
2223
2211
2168
2096
2014
1968
1904
1846
1795
1736
1671
1601
1567
1508
1439
1483
1363
1293
1221
1142
1087
1020
969
954
931
922
919
928
945
953
934
907
887
867
844
816
793
759
695
639
585
563
563
581
619
666
700
729
760
749
750
752
759
772
817
824
861
886
889
897
872
859
839
829
815
819
813
814
820
815
796
784
760
743
749
743
737
732
716
692
664
634
620
621
628
669
700
731
775
812
841
837
849
865
883
907
902
915
908
896
886
892
899
908
934
988
1049
1093
1139
1167
1174
1188
1209
1222
1230
1229
1258
1288
1310
1342
1369
1389
1400
1425
1436
1447
1480
1508
1549
1560
1563
1574
1567
1580
1578
1619
1673
1742
1792
1823
1847
1863
1897
1915
1962
2012
2081
2136
2188
2215
2233
2242
2236
2250
2257
2279
2313
2357
2371
2396
2407
2417
2410
2400
2383
2379
2397
2396
2404
2408
2377
2348
2322
2320
2290
2291
2288
2304
2344
2358
2384
2376
2377
2377
2361
2345
2317
2289
2285
2272
2299
2308
2324
2340
2340
2352
2362
2368
2373
2388
2417
2463
2508
2546
2586
2628
2618
2616
2644
2668
2675
2687
2708
2729
2736
2758
2761
2769
2775
2791
2848
2886
2935
2983
3044
3090
3113
3135
3160
3168
3167
3180
3216
3238
3288
3300
3319
3372
3404
3414
3449
3480
3500
3527
3536
3547
3557
3559
3563
3585
3603
3636
3639
3651
3646
3630
3599
3580
3567
3565
3567
3566
3548
3532
3487
3433
3379
3311
3269
3265
3273
3272
3276
3237
3191
3151
3094
3070
3033
3031
3032
3045
3066
3067
3038
2998
2936
2905
2891
2915
2950
3023
3060
3100
3111
3089
3054
3048
3052
3058
3110
3160
3178
3165
3157
3142
3139
3145
3159
3187
3264
3299
3317
3300
3252
3215
3155
3100
3058
3023
3008
3000
3011
2982
2942
2867
2808
2737
2685
2644
2634
2615
2608
2569
2516
2423
2344
2268
2211
2166
2128
2113
2072
2030
1996
1949
1904
1856
1806
1810
1828
1870
1907
1932
1931
1901
1844
1776
1746
1728
1773
1824
1888
1944
1949
1945
1918
1886
1889
1906
1954
2000
2034
2058
2068
2046
1999
1943
1915
1905
1934
1995
2057
2103
2090
2067
2022
1958
1933
1920
1932
1939
1945
1950
1920
1860
1782
1691
1606
1577
1542
1539
1550
1550
1517
1472
1407
1342
1287
1237
1194
1199
1192
1180
1156
1123
1076
1020
981
951
956
940
931
921
908
877
846
785
738
685
648
636
616
614
601
589
565
556
507
475
451
430
443
467
504
531
550
549
543
566
557
572
592
621
654
705
750
773
811
831
836
844
865
904
940
951
984
1020
1031
1025
1017
1016
1018
1028
1061
1091
1122
1163
1192
1217
1212
1199
1184
1203
1207
1225
1251
1276
1321
1343
1355
1351
1356
1355
1342
1353
1373
1382
1380
1403
1398
1385
1382
1379
1365
1380
1392
1403
1422
1446
1457
1464
1456
1477
1484
1506
1499
1527
1558
1580
1606
1610
1625
1641
1668
1690
1708
1743
1775
1791
1793
1794
1793
1803
1812
1828
1852
1899
1931
1945
1942
1951
1958
1973
1997
2033
2073
2134
2195
2268
2323
2347
2363
2359
2365
2356
2355
2375
2440
2521
2582
2608
2595
2553
2502
2479
2460
2468
2504
2544
2587
2606
2586
2528
2474
2383
2375
2369
2388
2419
2449
2438
2429
2383
2313
2257
2206
2188
2207
2218
2241
2260
2271
2258
2203
2171
2144
2137
2168
2183
2175
2167
2160
2182
2155
2152
2138
2098
2096
2087
2073
2059
2062
2074
2081
2102
2120
2128
2165
2187
2200
2183
2181
2168
2184
2223
2264
2316
2337
2345
2332
2291
2270
2278
2285
2320
2356
2371
2359
2328
2264
2211
2156
2113
2102
2086
2080
2071
2053
2030
2014
1991
1950
1909
1875
1868
1852
1856
1851
1837
1807
1751
1704
1681
1673
1656
1692
1706
1712
1712
1717
1718
1704
1676
1648
1631
1616
1634
1665
1683
1707
1704
1664
1615
1593
1608
1671
1784
1866
1891
1898
1883
1839
1818
1809
1842
1883
1965
2034
2057
2103
2091
2065
1982
1918
1903
1921
1984
2156
2195
2188
2111
2007
1928
1857
1874
1945
2061
2163
2225
2220
2140
2048
1941
1863
1841
1875
1936
1972
1969
1932
1843
1766
1672
1615
1607
1666
1744
1826
1875
1888
1845
1782
1701
1651
1641
1692
1760
1846
1895
1906
1904
1863
1831
1784
1747
1727
1736
1760
1784
1810
1799
1780
1751
1739
1721
1722
1767
1841
1904
1964
1980
1987
1988
1999
2013
2028
2058
2074
2102
2131
2165
2182
2199
2202
2200
2192
2184
2157
2174
2179
2201
2236
2228
2204
2190
2152
2120
2110
2109
2124
2147
2149
2098
2028
1963
1889
1814
1816
1804
1827
1856
1850
1848
1814
1751
1721
1774
1627
1577
1567
1557
1555
1530
1499
1457
1426
1419
1379
1359
1358
1341
1346
1326
1308
1271
1237
1219
1222
1253
1263
1270
1258
1252
1254
1272
1270
1310
1337
1392
1448
1481
1494
1474
1433
1427
1399
1411
1443
1496
1528
1561
1569
1582
1573
1555
1570
1580
1594
1643
1665
1699
1735
1744
1744
1760
1774
1786
1810
1849
1883
1888
1895
1900
1898
1907
1928
1967
1982
1991
1985
1999
2001
2008
2031
2051
2080
2095
2112
2115
2115
2110
2113
2100
2120
2136
2132
2149
2176
2176
2213
2224
2243
2239
2250
2272
2284
2324
2360
2425
2472
2522
2548
2585
2617
2631
2656
2679
2717
2754
2760
2788
2810
2806
2806
2817
2827
2813
2824
2853
2882
3025
2956
2947
2941
2986
2959
2952
2962
2971
2998
3026
3054
3085
3089
3094
3089
3080
3089
3080
3101
3092
3079
3065
3047
3016
3006
2963
2937
2936
2916
2912
2924
2929
2908
2887
2854
2821
2813
2800
2771
2752
2752
2742
2725
2719
2700
2680
2631
2606
2573
2567
2563
2548
2525
2504
2497
2489
2483
2481
2484
2479
2594
2536
2525
2524
2511
2507
2492
2472
2457
2457
2453
2439
2476
2504
2505
2507
2495
2565
2630
2639
2590
2676
2636
2633
2633
2642
2655
2659
2673
2675
2684
2705
2701
2720
2719
2715
2702
2683
2663
2658
2655
2662
2657
2656
2639
2636
2624
2633
2639
2574
2552
2544
2556
2570
2572
2579
2571
2569
2560
2555
2541
2540
2523
2529
2516
2513
2512
2515
2511
2482
2484
2463
2443
2435
2434
2435
2437
2430
2407
2392
2370
2372
2377
2375
2372
2372
2389
2398
2380
2370
2374
2382
2390
2396
2419
2428
2444
2414
2401
2380
2356
2338
2343
2333
2313
2316
2305
2279
2248
2215
2183
2152
2123
2097
2085
2076
2058
2055
2055
2034
1999
1987
1963
1954
1936
1941
1948
1953
1935
1926
1917
1878
1850
1836
1815
1804
1807
1814
1806
1769
1739
1688
1648
1609
1553
1521
1512
1502
1496
1491
1489
1457
1435
1408
1399
1378
1376
1392
1409
1417
1411
1401
1388
1366
1363
1365
1380
1383
1416
1420
1404
1395
1359
1319
1299
1294
1288
1287
1297
1329
1331
1317
1306
1304
1293
1302
1313
1324
1337
1360
1374
1367
1359
1352
1339
1353
1359
1370
1391
1404
1451
1457
1451
1453
1455
1451
1462
1463
1462
1482
1496
1501
1496
1464
1441
1407
1381
1388
1388
1378
1370
1360
1356
1336
1325
1315
1307
1306
1306
1296
1309
1312
1310
1294
1288
1272
1264
1250
1259
1278
1284
1300
1297
1292
1276
1285
1276
1271
1271
1271
1293
1311
1342
1368
1400
1433
1438
1453
1472
1476
1509
1519
1546
1567
1586
1603
1624
1635
1658
1688
1701
1739
1754
1787
1808
1819
1824
1837
1835
1844
1859
1875
1886
1914
1940
1959
1947
1943
1953
1951
1945
1959
1960
1986
2007
2033
2084
2089
2116
2119
2124
2131
2158
2189
2209
2239
2270
2294
2305
2327
2356
2364
2390
2400
2426
2464
2481
2508
2532
2536
2536
2581
2590
2600
2618
2651
2691
2707
2737
2769
2784
2808
2823
2843
2875
2902
2921
2945
2971
2991
3004
3006
2994
2992
2983
2978
2981
2980
2968
2968
2970
2973
2959
2931
2921
2893
2867
2850
2846
2824
2818
2820
2799
2801
2795
2783
2753
2733
2718
2716
2723
2716
2693
2681
2656
2626
2606
2604
2590
2582
2574
2576
2541
2504
2480
2439
2407
2387
2351
2348
2334
2313
2294
2268
2261
2243
2224
2207
2205
2203
2188
2185
2188
2189
2175
2158
2137
2133
2125
2135
2148
2168
2161
2166
2144
2123
2100
2077
2077
2052
2025
2015
1994
1985
1969
1946
1916
1898
1899
1888
1870
1849
1830
1825
1821
1805
1788
1762
1769
1758
1743
1737
1723
1686
1646
1616
1602
1582
1553
1548
1547
1496
1450
1422
1386
1352
1329
1311
1316
1304
1280
1268
1258
1210
1200
1188
1174
1175
1174
1196
1206
1187
1195
1208
1195
1197
1188
1187
1204
1210
1209
1202
1182
1171
1169
1164
1150
1156
1167
1160
1158
1170
1154
1144
1144
1152
1168
1164
1166
1177
1187
1180
1176
1173
1182
1190
1206
1247
1255
1263
1272
1282
1278
1271
1287
1286
1306
1311
1323
1313
1309
1311
1300
1294
1286
1312
1317
1338
1330
1326
1319
1302
1290
1299
1314
1334
1349
1380
1399
1401
1417
1423
1420
1403
1420
1437
1460
1493
1513
1548
1564
1565
1544
1521
1537
1543
1542
1556
1582
1612
1634
1659
1668
1677
1669
1654
1641
1658
1702
1782
1848
1909
1960
1984
2003
1989
1984
1962
1951
1975
2031
2108
2189
2256
2306
2320
2292
2235
2188
2171
2168
2211
2304
2404
2494
2530
2496
2428
2355
2271
2214
2211
2268
2364
2476
2560
2553
2480
2379
2269
2204
2203
2255
2379
2483
2569
2586
2524
2440
2326
2259
2243
2295
2368
2458
2536
2557
2544
2452
2365
2279
2247
2281
2333
2419
2473
2506
2492
2454
2401
2351
2323
2298
2329
2380
2441
2468
2453
2420
2377
2345
2316
2326
2356
2396
2433
2447
2435
2416
2388
2361
2332
2328
2339
2384
2437
2483
2511
2506
2474
2423
2372
2350
2358
2403
2473
2540
2563
2554
2493
2433
2351
2312
2307
2348
2435
2526
2606
2620
2579
2503
2411
2329
2290
2318
2395
2486
2553
2574
2572
2521
2436
2340
2312
2318
2365
2479
2508
2497
2460
2411
2345
2306
2298
2310
2335
2386
2408
2426
2407
2376
2335
2311
2308
2308
2318
2337
2339
2340
2330
2298
2270
2256
2255
2237
2251
2255
2256
2238
2213
2180
2135
2099
2097
2099
2150
2125
2115
2076
2033
2016
1993
1964
1950
1947
1956
1954
1938
1896
1848
1776
1746
1730
1737
1731
1744
1750
1760
1748
1706
1651
1593
1562
1547
1523
1529
1564
1584
1590
1585
1521
1504
1451
1428
1411
1444
1467
1494
1511
1511
1495
1462
1437
1422
1411
1411
1423
1457
1479
1500
1490
1478
1472
1451
1457
1456
1458
1457
1469
1490
1501
1505
1516
1514
1518
1526
1519
1531
1536
1519
1509
1529
1540
1574
1594
1630
1644
1649
1649
1639
1639
1664
1695
1724
1761
1808
1823
1828
1831
1827
1832
1838
1850
1870
1908
1968
1983
1972
1982
1947
1948
1941
1963
1981
1998
2016
2048
2068
2050
2045
2028
2011
2008
2016
2049
2083
2113
2141
2136
2125
2106
2102
2099
2108
2129
2147
2184
2218
2216
2190
2179
2179
2168
2164
2180
2174
2178
2206
2195
2180
2176
2195
2209
2225
2243
2251
2276
2279
2271
2251
2244
2272
2291
2296
2327
2335
2354
2382
2372
2363
2339
2328
2319
2330
2320
2315
2314
2334
2328
2334
2303
2296
2298
2290
2286
2269
2265
2276
2297
2312
2328
2328
2340
2334
2329
2327
2339
2348
2346
2350
2368
2367
2374
2396
2395
2401
2406
2436
2436
2456
2452
2463
2480
2547
2527
2571
2492
2459
2444
2427
2449
2466
2489
2495
2501
2588
2638
2617
2572
2615
2544
2528
2524
2538
2544
2560
2550
2532
2521
2509
2508
2510
2514
2514
2524
2512
2504
2485
2476
2452
2435
2432
2428
2428
2510
2497
2445
2422
2404
2390
2375
2368
2375
2385
2382
2404
2393
2413
2423
2436
2419
2392
2371
2358
2339
2349
2350
2340
2344
2341
2312
2314
2288
2279
2272
2280
2281
2282
2265
2250
2224
2213
2203
2193
2199
2197
2195
2175
2167
2160
2169
2161
2168
2173
2176
2179
2190
2173
2158
2151
2133
2121
2112
2126
2132
2131
2123
2087
2056
2048
2012
1988
1959
1962
1969
1969
1958
1963
1948
1910
1891
1875
1852
1839
1836
1838
1849
1850
1836
1831
1822
1811
1799
1778
1761
1753
1745
1729
1723
1705
1694
1664
1655
1649
1635
1633
1615
1607
1609
1589
1590
1592
1614
1610
1610
1627
1633
1623
1605
1600
1599
1607
1614
1612
1623
1637
1633
1630
1616
1624
1609
1630
1644
1676
1694
1720
1740
1743
1743
1734
1726
1758
1763
1783
1810
1821
1821
1822
1809
1797
1783
1782
1784
1798
1828
1843
1836
1845
1852
1838
1848
1855
1858
1868
1879
1899
1900
1897
1907
1892
1913
1913
1920
1929
1929
1935
1953
1949
1944
1918
1914
1913
1921
1934
1940
1964
1969
1979
1971
1968
1962
1952
1956
1980
1978
1977
1999
2008
2005
2025
2045
2031
2029
2032
2036
2046
2067
2060
2080
2087
2086
2078
2082
2080
2090
2099
2108
2115
2130
2116
2108
2083
2083
2076
2087
2093
2093
2081
2107
2104
2097
2107
2115
2110
2105
2099
2100
2091
2102
2097
2110
2108
2136
2141
2147
2153
2144
2142
2146
2145
2151
2176
2187
2193
2198
2209
2199
2194
2189
2194
2193
2192
2204
2224
2227
2241
2244
2246
2247
2255
2242
2246
2255
2241
2238
2225
2226
2219
2195
2200
2176
2167
2155
2155
2147
2123
2133
2125
2107
2093
2088
2065
2050
2043
2045
2043
2033
2031
2016
2029
2006
1993
1980
1978
1975
1959
1944
1941
1943
1929
1911
1935
1940
1931
1904
1910
1918
1919
1909
1902
1910
1891
1892
1890
1904
1895
1903
1899
1906
1912
1913
1920
1932
1931
1928
1932
1930
1917
1921
1926
1925
1926
1927
1938
1940
1947
1934
1944
1959
1952
1935
1941
1948
1949
1954
1960
1975
1962
1955
1954
1966
1952
1943
1947
1939
1935
1952
1966
1953
1963
1947
1953
1959
1966
1958
1953
1945
1952
1940
1915
1920
1918
1919
1911
1922
1929
1943
1923
1916
1925
1907
1912
1909
1904
1918
1930
1930
1932
1936
1930
1917
1935
1938
1932
1933
1922
1923
1917
1919
1915
1900
1908
1888
1879
1877
1881
1875
1852
1848
1844
1844
1824
1801
1788
1795
1784
1776
1767
1767
1770
1761
1767
1773
1766
1772
1753
1740
1742
1743
1741
1743
1751
1737
1742
1714
1704
1703
1691
1698
1705
1723
1734
1739
1751
1737
1727
1715
1701
1696
1687
1696
1718
1722
1728
1735
1722
1714
1686
1664
1652
1656
1687
1718
1757
1780
1766
1755
1730
1684
1649
1624
1632
1652
1685
1704
1717
1719
1698
1684
1666
1661
1660
1665
1677
1715
1729
1735
1743
1732
1713
1707
1688
1659
1647
1657
1675
1717
1747
1752
1766
1744
1688
1660
1636
1655
1671
1699
1727
1723
1734
1732
1739
1728
1742
1761
1771
1803
1822
1835
1827
1825
1825
1827
1844
1843
1852
1865
1854
1851
1864
1868
1874
1875
1877
1874
1878
1876
1854
1851
1854
1863
1872
1899
1910
1921
1932
1935
1943
1925
1934
1947
1960
1982
1986
1988
1976
1990
1998
2004
2016
2025
2035
2034
2049
2048
2061
2079
2082
2070
2092
2107
2126
2123
2107
2095
2088
2085
2116
2145
2193
2219
2242
2259
2264
2243
2222
2210
2219
2246
2288
2297
2300
2326
2322
2311
2304
2311
2307
2310
2328
2333
2333
2342
2338
2348
2347
2338
2307
2279
2264
2261
2272
2290
2303
2320
2335
2320
2296
2287
2268
2265
2252
2258
2241
2248
2228
2214
2201
2191
2187
2183
2171
2172
2166
2174
2179
2174
2172
2169
2168
2155
2134
2120
2115
2091
2096
2098
2104
2105
2132
2124
2140
2145
2139
2141
2136
2131
2139
2159
2163
2164
2180
2181
2171
2151
2160
2158
2166
2160
2173
2180
2196
2210
2200
2205
2203
2205
2182
2160
2164
2155
2151
2150
2164
2159
2144
2148
2144
2129
2135
2135
2152
2161
2183
2179
2177
2172
2164
2155
2161
2153
2149
2144
2163
2164
2156
