2083
2074
2081
2069
2074
2078
2083
2076
2080
2100
2106
2095
2089
2078
2080
2070
2082
2104
2104
2120
2117
2100
2089
2075
2070
2093
2095
2103
2096
2091
2082
2081
2054
2050
2049
2063
2063
2084
2084
2084
2096
2091
2083
2070
2065
2055
2073
2068
2083
2100
2105
2108
2101
2086
2072
2068
2062
2076
2071
2076
2080
2083
2082
2089
2083
2078
2089
2074
2074
2072
2067
2076
2065
2067
2076
2068
2063
2060
2061
2062
2057
2057
2191
2087
2060
2051
2044
2037
2021
2017
2008
2009
1993
1999
2009
2008
2020
2018
2009
2006
1993
1984
1974
1956
1977
1982
1988
1993
1974
1958
1956
1952
1952
1937
1938
1938
1955
1971
1949
1956
1938
1927
1920
1915
1920
1919
1935
1947
1947
1969
1951
1947
1929
1917
1923
1932
1939
1942
1962
1963
1942
1937
1955
1951
1947
1942
1939
1953
1951
1961
1957
1941
1936
1929
1913
1922
1918
1936
1930
1942
1950
1942
1928
1908
1900
1897
1905
1903
1894
1899
1907
1891
1903
1907
1909
1894
1892
1893
1900
1892
1904
1918
1924
1919
1913
1905
1912
1922
1933
1943
1956
1956
1939
1951
1961
1968
1979
1970
2111
2035
2027
1999
2032
2018
2009
2015
2012
2020
2039
2022
2022
2028
2031
2024
2032
2044
2055
2057
2058
2056
2054
2068
2065
2067
2059
2059
2062
2053
2062
2053
2032
2037
2048
2047
2061
2072
2068
2045
2057
2048
2039
2055
2035
2038
2023
2017
2024
2036
2030
2040
2038
2031
2014
2017
2006
2011
2016
2017
2127
2068
2072
2035
2026
2012
2007
2010
2022
2025
2034
2042
2037
2119
2165
2150
2047
2100
2062
2020
2014
2027
2047
2032
2027
2032
2030
2024
2012
2025
2030
2045
2054
2068
2068
2061
2054
2052
2067
2054
2042
2052
2065
2166
2099
2070
2063
2072
2070
2070
2061
2063
2055
2071
2048
2038
2053
2048
2047
2058
2052
2051
2035
2033
2042
2019
2031
2030
2023
2034
2036
2035
2022
2019
2006
1991
1978
1996
1990
1990
1994
1997
1985
1987
1985
1972
1967
1970
1968
1974
1976
1977
1974
1963
1944
1937
1933
1934
1941
1943
1961
1958
1952
1939
1918
1935
1936
1932
1942
1921
1926
1928
1920
1912
1910
1916
1916
1931
1924
1952
1957
1958
1934
1925
1926
1929
1924
1939
1930
1937
1950
1958
1956
1964
1955
1948
1948
1960
1977
1980
1985
1989
2009
2005
2016
2006
2002
1996
1996
1992
1996
1988
1999
1997
1997
1991
2011
2012
1997
1986
1990
1983
1997
2005
2012
2031
2047
2048
2045
2023
2013
2029
2027
2024
2028
2045
2045
2032
2030
2016
2022
2027
2023
2014
2002
2012
2032
2039
2039
2040
2039
2040
2016
2033
2034
2036
2035
2039
2059
2049
2035
2047
2043
2044
2040
2041
2047
2056
2073
2063
2048
2047
2043
2044
2039
2028
2033
2026
2030
2030
2037
2023
2027
2026
2028
2037
2035
2033
2040
2035
2030
2032
2035
2036
2038
2031
2037
2045
2038
2040
2026
2050
2049
2040
2053
2051
2051
2058
2047
2046
2055
2042
2054
2065
2073
2056
2055
2055
2054
2058
2051
2056
2046
2051
2051
2048
2052
2060
2044
2025
2013
2026
2049
2064
2057
2067
2066
2044
2040
2022
2007
2003
2023
2025
2044
2048
2060
2055
2043
2044
2033
2032
2039
2024
2030
2028
2044
2046
2052
2043
2030
2033
2028
2039
2048
2068
2073
2074
2055
2045
2022
2002
2009
2008
2016
2012
2014
2022
2028
2028
2012
1995
2003
1990
1992
2002
2002
2015
2014
2023
2020
2025
2022
2003
1996
1996
1997
2006
2012
2021
2028
2042
2038
2031
2021
2026
2032
2028
2035
2032
2043
2026
2041
2031
2028
2027
2026
2044
2040
2046
2044
2040
2045
2030
2023
2019
2025
2011
2032
2037
2032
2032
2028
2025
2025
2032
2012
2015
2012
2016
2019
2014
2020
2039
2024
2017
2016
2016
2018
2023
2028
2034
2039
2016
2008
2003
2000
2016
2021
2019
2031
2026
2027
2021
2028
2026
2033
2020
2040
2029
2022
2004
2025
2022
2008
1968
1935
1912
1912
1975
2046
2092
2117
2136
2150
2101
2032
1955
1902
1913
1958
2017
2068
2097
2055
1971
1833
1711
1622
1613
1697
1898
2123
2348
2435
2405
2299
2071
1894
1711
1690
1784
1976
2215
2414
2524
2451
2298
2024
1744
1508
1434
1522
1762
2006
2189
2303
2300
2204
2076
1921
1888
1920
2008
2133
2241
2348
2372
2379
2249
1985
1738
1608
1779
2123
2483
2724
2715
2511
2148
1849
1674
1653
1748
1863
1980
2120
2292
2419
2395
2240
1984
1762
1686
1821
2051
2320
2454
2454
2305
2075
1868
1735
1756
1876
2026
2135
2129
2047
1831
1579
1443
1450
1528
1615
1651
1613
1545
1491
1494
1561
1679
1811
1891
1973
1980
1972
2006
2074
2224
2350
2435
2464
2451
2503
2541
2503
2315
2008
1662
1441
1393
1531
1760
1993
2113
2097
1963
1791
1680
1628
1600
1579
1579
1628
1717
1865
2044
2176
2255
2246
2139
1963
1841
1840
1946
2157
2410
2579
2609
2484
2242
2016
1878
1851
1957
2169
2392
2547
2604
2552
2417
2204
1965
1778
1702
1737
1890
2130
2326
2397
2299
2067
1778
1570
1472
1497
1622
1773
1906
2019
2070
2094
2049
2002
1978
2047
2142
2260
2332
2415
2492
2528
2569
2553
2508
2480
2459
2485
2505
2485
2417
2305
2147
2000
1915
1872
1856
1865
1865
1829
1804
1796
1857
1971
2105
2223
2264
2238
2151
2085
2020
1993
1990
2009
2016
2022
2035
2061
2052
2000
1950
1888
1851
1835
1846
1920
1961
2009
2039
2071
2080
2060
2004
1950
1891
1877
1882
1920
1971
2029
2083
2134
2152
2154
2124
2096
2095
2092
2096
2119
2127
2100
2093
2057
2039
2022
2029
2036
2008
2000
1955
1940
1935
1962
1993
2017
2032
2006
1935
1844
1795
1778
1822
1942
2055
2172
2233
2229
2172
2062
1929
1818
1745
1744
1820
1931
2032
2102
2096
2036
1932
1794
1704
1676
1748
1918
2088
2217
2214
2108
1928
1594
1553
1619
1740
1868
2019
2091
2098
2036
1960
1908
1891
1900
1963
2031
2076
2119
2114
2067
2013
1944
1907
1908
1945
2003
2052
2079
2070
2033
2006
1972
1973
1998
2047
2124
2173
2201
2185
2150
2113
2077
2051
2040
2035
2038
2042
2027
2015
1993
1974
1944
1907
1891
1902
1937
1944
1939
1923
1902
1886
1860
1868
1878
1919
1984
2026
2052
2023
1943
1865
1786
1745
1731
1767
1836
1914
2014
2091
2148
2157
2141
2127
2119
2116
2151
2204
2247
2272
2256
2196
2121
2036
1966
1916
1918
1950
1993
2006
2024
2019
1976
1921
1842
1972
1879
1883
1917
2003
2075
2116
2114
2133
2141
2136
2136
2136
2147
2155
2189
2217
2250
2252
2211
2171
2115
2066
2030
2030
2033
2056
2064
2078
2088
2077
2045
2040
2047
2052
2082
2124
2147
2145
2131
2106
2061
2024
1995
2011
2037
2079
2108
2116
2104
2088
2093
2072
2068
2099
2120
2134
2172
2164
2150
2108
2072
2021
2003
2000
2004
2012
2014
1992
1976
1924
1870
1829
1808
1822
1845
1891
1943
2006
2030
2039
2039
2012
1988
1966
1961
1977
2002
2010
2024
2015
1973
1930
1864
1804
1763
1745
1768
1790
1819
1833
1820
1811
1787
1779
1772
1804
1996
1985
2007
2018
2021
2014
1990
1959
1942
1928
1936
1948
2009
1991
1985
1991
1971
1951
1953
1952
1942
1972
1971
1961
1949
1935
1905
1879
1845
1831
1818
1812
1834
1848
1884
1932
1967
1996
2003
2016
2011
2028
2042
2078
2116
2149
2195
2222
2235
2210
2186
2156
2143
2139
2150
2157
2160
2156
2153
2136
2079
2028
1975
1910
1940
1925
1884
1898
1908
1927
1935
1942
1943
1934
1931
1957
1998
2012
2137
2212
2207
2153
2172
2061
2026
1984
2008
2041
2062
2095
2104
2089
2076
2063
2047
2020
2019
1976
1978
1980
1971
1950
1933
1923
1913
1894
1897
1969
1932
1921
1927
1920
1936
1932
1951
1948
1979
2016
2061
2113
2153
2175
2197
2199
2177
2166
2163
2155
2172
2169
2144
2129
2094
2032
1992
1958
1938
1935
1954
1969
1963
1966
1947
1928
1928
1951
1973
2014
2057
2092
2116
2121
2109
2103
2071
2055
2048
2048
2081
2088
2105
2125
2122
2140
2115
2104
2077
2087
2107
2112
2124
2127
2138
2124
2127
2120
2113
2100
2096
2097
2109
2110
2110
2128
2119
2112
2112
2106
2105
2110
2124
2131
2113
2087
2056
2006
1975
1942
1932
1921
1896
1862
1851
1822
1806
1804
1816
1836
1862
1870
1894
1911
1929
1951
1980
1995
2018
2040
2067
2087
2076
2079
2064
2039
1990
1967
1944
1941
1927
1915
1910
1875
1865
1847
1818
1815
1819
1846
1891
1925
1948
1980
1972
1982
1982
2003
2048
2060
2109
2148
2169
2173
2160
2149
2133
2124
2124
2123
2131
2134
2136
2127
2096
2060
2030
1997
2002
2002
2027
2048
2060
2070
2061
2047
2012
1992
1976
1966
1993
2032
2070
2074
2076
2059
2032
1989
1982
1963
1965
1993
2014
2028
2032
2023
2010
1959
1913
1907
1915
1932
1939
1960
1974
1963
1946
1946
1943
1948
1963
1994
2026
2072
2091
2099
2103
2102
2088
2069
2041
2046
2054
2067
2079
2107
2097
2066
2059
2041
2039
2037
2044
2039
2057
2067
2067
2050
2041
2049
2062
2061
2060
2076
2078
2092
2086
2074
2064
2051
2056
2066
2062
2074
2093
2105
2104
2106
2105
2094
2077
2066
2048
2057
2061
2041
2042
2042
2027
2019
2028
2051
2083
2087
2087
2083
2069
2048
2036
2030
2020
2012
1999
1999
1988
1952
1950
1937
1919
1917
1939
1944
1939
1929
1930
1904
1885
1887
1894
1894
1915
1939
1950
1959
1944
1912
1904
1896
1909
1900
1906
1920
1944
1947
1964
1966
1955
1956
1953
1937
1942
1941
1932
1936
1926
1912
1887
1875
1861
1871
1891
1912
1924
1928
1925
1931
1935
1938
1956
1970
1976
1991
1998
2002
1998
2000
1991
1979
1981
2001
2008
2020
2024
2051
2048
2044
2024
2031
2035
2045
2079
2084
2104
2116
2091
2079
2057
2036
2035
2030
2039
2056
2083
2095
2100
2087
2070
2058
2075
2087
2107
2122
2136
2141
2115
2100
2081
2081
2071
2093
2101
2113
2117
2129
2127
2124
2089
2082
2094
2101
2113
2122
2144
2147
2148
2156
2147
2128
2135
2141
2154
2147
2163
2153
2140
2128
2094
2086
2067
2064
2049
2046
2049
2040
2032
2040
2040
2043
2029
2037
2042
2062
2094
2103
2121
2123
2125
2121
2123
2126
2121
2113
2104
2085
2084
2085
2062
2048
2021
2011
2004
1995
2001
1990
1965
1962
1981
1976
1990
1993
1991
1997
1991
1993
1983
1969
1961
1957
1976
2006
2003
2003
1987
1968
1946
1950
1974
1991
2016
2039
2031
2028
2012
2008
1976
1964
1984
1986
1993
2003
2001
1998
2000
2001
1984
1984
1968
1963
1970
1976
1973
1981
1965
1967
1960
1956
1944
1931
1921
1921
1900
1898
1901
1900
1903
1900
1914
1912
1907
1910
1907
1909
1914
1913
1925
1936
1939
1953
1960
1956
1934
1937
1919
1899
1907
1902
1915
1939
1939
1951
1975
1985
1970
1982
1980
1984
1974
1976
1991
2006
2018
2015
2032
2024
2000
1985
1993
2002
1996
1974
1990
1987
1976
1967
1977
1962
1973
1952
1962
1961
1966
1976
1991
1992
1986
1990
1988
1996
2016
2017
2016
2021
2023
2035
2016
2017
2022
2032
2031
2026
2022
2024
2010
2009
1998
1995
1996
2005
2022
2034
2038
2049
2052
2041
2021
2016
2034
2020
2013
2017
1998
2003
2000
1999
1995
1988
1971
1960
1966
1963
1977
1988
1995
1989
1992
1991
1976
1969
1979
1971
1952
1950
1970
1956
1973
1991
1990
1976
1971
1977
1961
1948
1946
1943
1962
1962
1963
1955
1959
1965
1952
1957
1953
1953
1964
1970
1986
1991
2008
2002
2014
2015
2014
2027
2029
2024
2037
2040
2047
2054
2082
2087
2087
2076
2074
2074
2070
2077
2073
2092
2107
2116
2095
2082
2084
2073
2077
2075
2060
2070
2092
2110
2124
2143
2142
2155
2153
2143
2142
2148
2142
2158
2164
2176
2174
2222
2187
2166
2152
2131
2124
2142
2140
2151
2152
2156
2168
2180
2176
2176
2180
2187
2186
2187
2179
2174
2172
2147
2137
2122
2120
2096
2079
2051
2047
2046
2044
2047
2046
2065
2061
2052
2039
2051
2047
2052
2066
2062
2063
2067
2079
2076
2083
2083
2083
2086
2075
2082
2155
2094
2094
2080
2092
2065
2056
2066
2054
2139
2184
2177
2099
2139
2051
2016
2001
1996
2008
2014
2023
2030
2045
2044
2034
2033
2040
2034
2048
2065
2080
2104
2118
2118
2106
2089
2080
2184
2126
2122
2140
2148
2134
2127
2127
2108
2096
2081
2080
2086
2087
2108
2085
2092
2069
2059
2031
2019
2017
2030
2057
2089
2110
2135
2125
2094
2073
2035
2013
2003
2012
2026
2030
2044
2047
2033
1994
1953
1920
1900
1900
1944
1968
1997
2012
1996
1954
1909
1882
1875
1888
1907
1954
1992
2008
2008
1975
1935
1892
1871
1880
1919
1969
1993
2008
1990
1955
1919
1888
1890
1907
1943
1972
1982
2018
2013
2003
1983
1965
1964
1972
1992
2010
2025
2044
2025
2000
1990
1968
1965
1970
1997
2008
2025
2007
1990
1948
1924
1912
1904
1906
1911
1927
1944
1963
1974
1966
1945
1918
1925
1912
1924
1931
1929
1935
1939
1927
1899
1849
1836
1819
1809
1831
1857
1870
1891
1894
1883
1855
1818
1793
1797
1808
1819
1871
1888
1895
1875
1853
1832
1807
1792
1791
1804
1838
1857
1878
1895
1883
1852
1831
1804
1810
1812
1831
1846
1860
1869
1876
1850
1850
1840
1833
1838
1846
1861
1867
1871
1874
1883
1886
1868
1871
1883
1887
1905
1895
1911
1917
1912
1895
1904
1918
1937
1936
1961
1964
1959
1959
1959
1944
1969
1982
1991
2014
2022
2019
2022
2016
2010
2014
2038
2042
2081
2110
2131
2124
2118
2120
2117
2104
2096
2082
2098
2113
2123
2139
2116
2111
2099
2087
2055
2067
2059
2066
2071
2084
2095
2096
2092
2099
2087
2088
2086
2092
2100
2097
2102
2091
2075
2070
2059
2051
2057
2051
2047
2048
2033
2016
2022
2019
2008
2008
2024
2031
2012
1989
1992
1968
1956
1947
1957
1960
1987
1998
1996
1996
1996
1971
1939
1934
1940
1942
1959
1957
1959
1973
1969
1948
1916
1910
1904
1907
1916
1939
1964
1973
1991
1974
1975
1967
1967
1980
1989
1997
2010
2022
2025
2011
2006
2003
2008
2018
2034
2059
2071
2079
2087
2068
2046
2052
2058
2072
2082
2105
2108
2112
2095
2069
2055
2041
2045
2054
2067
2088
2088
2102
2088
2078
2088
2071
2080
2084
2086
2099
2131
2128
2123
2116
2102
2098
2095
2088
2100
2104
2120
2134
2126
2122
2118
2117
2095
2085
2080
2089
2096
2099
2083
2084
2099
2072
2062
2033
2048
2051
2049
2070
2088
2085
2098
2087
2073
2079
2072
2082
2091
2080
2085
2099
2095
2096
2084
2093
2087
2100
2097
2096
2091
2094
2067
2073
2064
2060
2056
2067
2083
2070
2098
2098
2094
2087
2078
2086
2084
2079
2083
2085
2104
2115
2117
2127
2108
2097
2105
2097
2096
2099
2106
2111
2103
2088
2086
2084
2076
2068
2059
2043
2040
2042
2036
2052
2040
2041
2024
2005
2020
2019
2015
2002
1983
1980
1973
1963
1955
1974
1976
1996
1997
1996
1984
1982
1980
1988
2006
2019
2035
2037
2040
2029
2001
1985
1993
1992
1995
2008
2017
2025
2033
2023
2024
2014
2019
2011
2018
2030
2019
2028
2023
2028
2025
2035
2026
2023
2034
2030
2019
1999
2018
2017
2016
2024
2029
2029
2026
2041
2043
2048
2035
2042
2053
2071
2062
2078
2080
2063
2046
2040
2040
2047
2042
2057
2059
2075
2062
2053
2041
2038
2031
2046
2028
2028
2026
2017
2020
2033
2052
2054
2046
2050
2073
2078
2062
2064
2050
2038
2039
2049
2057
2063
2062
2073
2075
2060
2047
2035
2048
2028
2025
2043
2053
2080
2092
2103
2096
2099
2100
2094
2090
2081
2079
2094
2111
2123
2134
2121
2110
2103
2102
2091
2111
2104
2130
2144
2139
2120
2112
2094
2076
2081
2080
2088
2097
2095
2101
2109
2091
2055
2038
2031
2016
2001
2017
2015
2029
2046
2047
2040
2040
2042
2019
1997
2010
1986
1983
1977
1968
1984
1968
1954
1959
1962
1968
1968
1962
1964
1968
1953
1959
1948
1933
1967
1975
1984
1985
1996
1998
2006
1993
2014
2025
2037
2052
2071
2085
2088
2078
2064
2062
2047
2038
2034
2056
2060
2068
2073
2049
2036
2026
2023
2017
2016
2018
2016
2044
2042
2028
2022
2002
1992
1997
1978
1992
1991
1983
1989
1973
1961
1921
1907
1898
1899
1910
1919
1921
1928
1902
1889
1888
1868
1857
1874
1896
1918
1906
1916
1920
1900
1894
1904
1907
1932
1958
1984
1995
2017
2011
2015
2008
1998
1993
2008
2009
2040
2061
2052
2058
2048
2033
2024
2011
2006
2026
2044
2042
2060
2060
2024
2008
1995
2001
2011
2032
2059
2076
2095
2099
2074
2055
2062
2055
2055
2074
2081
2090
2094
2102
2091
2074
2054
2046
2048
2041
2059
2061
2054
2039
2028
2015
2012
2012
2017
2023
2038
2047
2067
2059
2048
2016
1996
1999
2012
2036
2020
2035
2031
2024
2008
1988
1965
1955
1950
1948
1944
1942
1952
1945
1930
1921
1908
1878
1873
1871
1880
1863
1889
1883
1871
1862
1840
1810
1785
1779
1776
1800
1818
1811
1820
1812
1820
1810
1970
1862
1854
1842
1834
1827
1835
1823
1827
1840
1838
1849
1863
1863
1864
1858
1860
1857
1879
1891
1916
1949
2000
2031
2044
2045
2031
2012
2004
1988
2011
2041
2042
2044
2059
2066
2050
2050
2035
2029
2029
2049
2076
2083
2114
2112
2114
2099
2085
2073
2043
2030
2032
2044
2052
2062
2078
2088
2083
2081
2083
2087
2117
2126
2146
2154
2153
2145
2134
2137
2137
2151
2176
2195
2203
2188
2174
2182
2169
2147
2131
2126
2138
2147
2164
2157
2141
2151
2132
2121
2092
2076
2072
2074
2069
2061
2033
2029
2024
2000
1990
1980
1971
1970
1962
1954
1946
1955
1966
1959
1975
1980
1976
1966
1968
1964
1973
1976
1974
1970
1973
1964
1958
1948
1936
1943
1948
1959
1984
1984
1982
1983
1981
1992
2006
2001
2016
2022
2019
2000
1999
1988
2002
1980
1974
1971
1957
1939
1942
1948
1967
1971
1984
1998
2010
1992
1987
1963
1941
1942
1943
1971
1976
1998
1985
1964
1963
1952
1942
1928
1917
1921
1921
1912
1904
1887
1863
1837
1816
1825
1836
1844
1847
1841
1839
1827
1847
1838
1858
1884
1929
1957
1978
1959
1925
1891
1862
1857
1851
1853
1852
1852
1846
1856
1838
1831
1824
1822
1827
1846
1853
1878
1886
1894
1886
1899
1922
1956
1975
2009
2028
2022
2044
2049
2046
2054
2071
2070
2074
2056
2022
1999
1982
1964
1952
1949
1932
1928
1937
1944
1949
1954
1975
1964
1957
1955
1970
1996
2039
2061
2083
2065
2052
2025
1992
1988
2001
1989
2003
2012
2051
2092
2135
2193
2220
2215
2178
2074
1963
1863
1834
1836
1818
1817
1798
1783
1769
1749
1765
1774
1823
1856
1890
1897
1928
1958
2003
2057
2134
2163
2154
2139
2108
2063
2035
1996
1964
1936
1943
1971
2027
2096
2163
2185
2155
2102
2079
2067
2072
2118
2186
2311
2440
2563
2580
2557
2438
2293
2155
2060
2045
2105
2209
2288
2316
2340
2335
2291
2227
2188
2166
2196
2236
2273
2294
2289
2275
2296
2318
2328
2349
2345
2319
2310
2249
2171
2120
2105
2122
2150
2355
2323
2345
2334
2308
2247
2181
2127
2115
2131
2152
2175
2229
2204
2194
2191
2146
2102
2060
2035
2019
2032
2092
2161
2226
2259
2236
2181
2110
2059
2037
2075
2129
2206
2256
2290
2272
2240
2176
2120
2104
2123
2197
2323
2420
2480
2499
2436
2323
2199
2105
2030
2034
2050
2104
2138
2154
2171
2134
2071
2032
1987
1943
1924
1918
1900
1882
1864
1886
2020
1971
1988
2011
2025
2006
1964
1923
1871
1854
1846
1880
1951
1998
2100
2151
2113
1970
1923
1933
1870
1891
1955
2032
2078
2072
2024
1933
1852
1780
1769
1827
1952
2131
2277
2338
2296
2214
2094
1966
1871
1842
1888
1975
2073
2159
2246
2258
2234
2191
2129
2071
2027
2030
2054
2175
2129
2115
2116
2144
2165
2183
2185
2183
2188
2192
2180
2157
2142
2168
2209
2246
2252
2246
2207
2175
2134
2115
2101
2096
2131
2161
2172
2126
2070
1982
1888
1796
1728
1703
1704
1768
1850
1902
1913
1902
1869
1815
1722
1669
1662
1676
1705
1751
1776
1825
1845
1873
1879
1861
1817
1782
1747
1729
1752
1767
1804
1827
1867
1876
1871
1883
1875
1867
1852
1831
1854
1886
1926
1969
1963
1948
1923
1869
1845
1811
1798
1815
1888
1970
2022
2024
1996
1924
1829
1737
1658
1647
1658
1728
1843
1957
2034
2052
2011
1924
1852
1791
1778
1805
1873
1965
2022
2052
2040
1987
1900
1804
1746
1728
1733
1758
1794
1819
1796
1750
1715
1680
1656
1663
1689
1728
1791
1823
1849
1829
1807
1769
1763
1775
1802
1823
1844
1860
1849
1852
1843
1852
1870
1887
1928
1943
1944
1968
1974
1951
1968
1995
1999
2009
2038
2041
2057
2100
2148
2188
2210
2184
2147
2083
2064
2028
2050
2075
2073
2084
2089
2095
2104
2091
2057
2031
2024
2006
2012
1999
1977
1955
1943
1955
1966
2002
2041
2046
2020
2007
1999
1999
1989
1974
1996
1983
1981
1996
2032
2040
2047
2035
2040
2057
2068
2085
2064
2056
2072
2052
2080
2094
2107
2100
2108
2145
2184
2211
2222
2215
2182
2144
2096
2060
2072
2127
2195
2251
2262
2249
2225
2157
2097
2087
2124
2179
2213
2267
2296
2273
2200
2109
2001
1959
1959
2016
2100
2172
2217
2189
2107
1974
1864
1804
1806
1871
1974
2054
2094
2042
1952
1850
1728
1640
1625
1671
1763
1847
1852
1817
1748
1695
1646
1639
1659
1708
1765
1834
1851
1819
1788
1752
1724
1719
1742
1780
1876
1955
2016
2030
1995
1961
1957
1982
2035
2118
2214
2260
2275
2251
2223
2186
2136
2131
2190
2267
2371
2407
2428
2394
2359
2305
2257
2225
2246
2295
2352
2368
2346
2251
2136
2059
2020
2014
2033
2051
2089
2091
2057
2005
1921
1846
1798
1818
1846
1895
1934
1948
1907
1828
1731
1632
1617
1656
1703
1705
1697
1681
1671
1656
1625
1597
1562
1554
1577
1589
1576
1576
1540
1522
1519
1528
1554
1604
1675
1694
1658
1620
1628
1682
1728
1788
1808
1767
1724
1725
1763
1823
1894
1928
1962
2019
2129
2193
2148
2049
1956
1888
1805
1772
1777
1863
2076
2264
2409
2409
2223
1943
1709
1694
1893
2195
2460
2671
2712
2605
2363
2013
1772
1769
1975
2268
2564
2751
2732
2528
2254
2009
1857
1827
1901
2080
2321
2535
2605
2527
2328
2076
1866
1746
1775
1908
2118
2320
2449
2409
2173
1837
1587
1484
1576
1790
2023
2209
2295
2249
2126
1947
1811
1752
1822
2011
2238
2394
2466
2412
2244
2071
1933
1920
1998
2139
2291
2383
2414
2419
2386
2307
2204
2135
2116
2156
2215
2290
2400
2462
2477
2452
2383
2300
2232
2231
2330
2442
2492
2502
2452
2366
2241
2085
1944
1864
1865
1963
2123
2240
2294
2292
2180
1996
1812
1690
1674
1771
1891
2018
2108
2156
2117
2012
1887
1795
1789
1871
2034
2195
2311
2349
2307
2208
2082
1975
1956
2019
2167
2328
2427
2443
2414
2312
2215
2124
2124
2198
2344
2533
2698
2785
2764
2675
2536
2456
2423
2472
2568
2678
2748
2767
2748
2720
2667
2590
2519
2491
2508
2557
2617
2684
2745
2780
2749
2670
2591
2517
2472
2445
2457
2514
2503
2470
2422
2398
2428
2440
2431
2371
2261
2157
2125
2141
2206
2286
2330
2323
2267
2187
2115
2055
2055
2115
2219
2334
2413
2421
2358
2245
2169
2148
2169
2226
2280
2369
2446
2487
2465
2377
2310
2275
2321
2401
2478
2524
2567
2645
2693
2663
2585
2523
2498
2557
2579
2610
2640
2649
2652
2630
2606
2546
2481
2428
2421
2473
2560
2657
2686
2640
2556
2433
2328
2276
2255
2283
2350
2449
2519
2503
2415
2283
2136
2046
2040
2083
2181
2295
2371
2400
2343
2220
2084
1966
1931
1980
2054
2150
2208
2238
2211
2114
1995
1903
1866
1889
1981
2093
2183
2207
2112
1981
1860
1833
1832
1862
1951
2021
2099
2134
2121
2061
1969
1877
1823
1850
1893
1962
1995
2006
2008
1914
1829
1779
1763
1758
1774
1819
1833
1839
1801
1757
1694
1622
1579
1551
1548
1517
1490
1489
1464
1439
1425
1419
1435
1472
1512
1510
1440
1379
1328
1319
1309
1310
1319
1320
1312
1315
1321
1315
1257
1212
1190
1207
1214
1215
1187
1164
1148
1146
1165
1187
1222
1256
1299
1318
1315
1258
1208
1292
1154
1110
1133
1200
1287
1333
1330
1292
1253
1270
1225
1136
1185
1211
1244
1308
1340
1303
1228
1147
1047
982
987
1034
1176
1281
1355
1372
1291
1200
1119
1061
1021
1053
1112
1195
1273
1332
1321
1286
1183
1046
975
992
1103
1287
1487
1600
1636
1566
1419
1349
1172
1074
1113
1241
1403
1536
1636
1632
1570
1484
1364
1308
1276
1347
1488
1649
1796
1844
1803
1681
1521
1399
1324
1329
1411
1553
1696
1825
1867
1797
1664
1541
1502
1504
1534
1579
1641
1687
1653
1591
1508
1414
1346
1273
1252
1286
1410
1587
1779
1825
1704
1436
1179
1073
1148
1357
1647
1935
2100
2063
1888
1634
1425
1279
1283
1420
1653
1887
2006
1984
1818
1603
1422
1346
1403
1555
1683
1777
1795
1770
1650
1479
1324
1241
1239
1327
1456
1607
1695
1688
1593
1412
1248
1162
1177
1254
1346
1429
1515
1592
1632
1599
1515
1408
1313
1263
1268
1329
1424
1551
1668
1731
1747
1726
1694
1738
1828
1934
2036
2160
2267
2364
2442
2449
2417
2376
2370
2454
2630
2854
3119
3396
3564
3621
3552
3444
3386
3420
3540
3704
3846
3912
3906
3854
3763
3703
3725
3860
4080
4094
4094
4094
4094
4094
4094
4093
4079
4032
4028
4032
4001
3910
3768
3585
3393
3216
3112
3102
3142
3183
3184
3151
3045
2850
2636
2403
2199
2065
1980
1978
1983
1970
1892
1774
1652
1578
1563
1569
1597
1633
1680
1673
1640
1564
1482
1413
1371
1353
1367
1403
1459
1501
1560
1601
1627
1676
1727
1802
1881
2004
2131
2235
2306
2343
2341
2338
2322
2380
2440
2502
2611
2714
2805
2905
2988
3060
3123
3174
3204
3233
3246
3250
3271
3262
3253
3225
3212
3203
3212
3208
3246
3293
3347
3377
3364
3303
3231
3152
3081
3017
2994
2958
2904
2814
2710
2611
2534
2507
2524
2557
2584
2608
2645
2670
2699
2691
2671
2649
2652
2650
2644
2627
2608
2605
2595
2582
2567
2563
2592
2659
2724
2781
2816
2800
2769
2708
2661
2633
2633
2627
2621
2587
2532
2444
2345
2299
2285
2302
2358
2433
2485
2498
2467
2373
2271
2218
2196
2175
2166
2168
2180
2156
2063
1971
1870
1768
1708
1683
1639
1610
1564
1507
1411
1304
1204
1105
1039
996
987
984
995
988
961
932
912
886
884
883
897
912
911
899
855
812
743
689
628
590
593
614
675
732
799
823
813
802
782
771
806
840
891
934
958
963
952
946
952
952
980
1001
1036
1058
1070
1057
996
959
902
875
871
882
893
911
919
897
856
793
751
698
650
646
649
698
755
778
809
817
838
843
867
891
896
907
917
927
936
939
946
930
953
966
967
994
1030
1071
1108
1144
1165
1192
1184
1175
1156
1170
1176
1213
1255
1294
1348
1392
1417
1433
1437
1437
1449
1480
1511
1539
1563
1567
1579
1575
1589
1594
1616
1668
1711
1743
1768
1793
1806
1838
1892
1956
2015
2053
2073
2103
2121
2131
2163
2200
2240
2278
2320
2343
2347
2367
2366
2374
2382
2383
2383
2388
2390
2362
2362
2337
2336
2307
2315
2300
2299
2292
2294
2283
2293
2291
2299
2317
2357
2396
2405
2401
2369
2329
2276
2243
2234
2240
2253
2283
2305
2319
2315
2295
2286
2274
2286
2317
2371
2411
2482
2531
2562
2565
2571
2564
2567
2575
2590
2622
2658
2715
2759
2786
2781
2763
2744
2749
2763
2811
2887
2974
3046
3091
3122
3120
3131
3123
3127
3169
3205
3260
3294
3335
3375
3399
3410
3418
3421
3404
3427
3461
3489
3520
3540
3541
3539
3555
3563
3578
3591
3622
3624
3628
3600
3590
3576
3553
3526
3496
3479
3465
3431
3387
3337
3324
3308
3288
3276
3260
3233
3193
3167
3144
3139
3110
3072
3050
3034
3004
3004
3010
2995
2984
2980
2971
2969
2972
2973
2995
3004
3044
3040
3025
3016
3026
3050
3080
3112
3102
3089
3087
3113
3112
3136
3170
3187
3200
3209
3220
3203
3193
3191
3160
3113
3059
3013
2971
2932
2895
2836
2784
2737
2718
2685
2651
2618
2583
2561
2517
2475
2401
2330
2254
2193
2160
2137
2115
2089
2033
1989
1955
1919
1871
1831
1795
1800
1810
1827
1851
1860
1833
1791
1760
1728
1739
1769
1828
1901
1927
1926
1915
1900
1902
1893
1920
1959
2017
2055
2100
2109
2099
2074
2039
2003
2003
2011
2037
2087
2139
2145
2135
2119
2084
2047
2022
2008
1992
1984
2000
1987
1958
1915
1851
1774
1701
1654
1612
1603
1608
1605
1595
1552
1485
1436
1361
1300
1257
1255
1255
1267
1254
1220
1175
1119
1080
1039
1006
1015
1024
1012
999
962
909
857
803
744
727
727
727
736
738
719
696
650
605
561
540
548
570
609
617
641
632
633
630
629
640
683
722
768
797
825
840
855
862
876
894
940
986
1016
1053
1076
1083
1084
1097
1105
1093
1105
1116
1136
1161
1191
1205
1216
1215
1220
1222
1232
1227
1256
1271
1275
1303
1320
1345
1358
1351
1357
1378
1376
1377
1528
1452
1412
1393
1382
1374
1355
1352
1357
1361
1385
1395
1391
1395
1386
1387
1415
1422
1432
1470
1486
1503
1510
1516
1539
1564
1576
1596
1610
1629
1655
1680
1708
1723
1723
1721
1740
1744
1752
1760
1795
1823
1845
1848
1854
1881
1910
1943
1976
2016
2060
2086
2130
2178
2207
2248
2288
2316
2336
2339
2339
2326
2364
2421
2457
2482
2500
2492
2507
2491
2504
2503
2512
2524
2516
2530
2502
2480
2456
2447
2431
2440
2432
2425
2403
2374
2340
2313
2302
2294
2299
2301
2297
2267
2220
2209
2190
2197
2192
2191
2186
2169
2151
2142
2129
2129
2147
2180
2174
2168
2156
2139
2132
2119
2079
2060
2052
2063
2081
2132
2161
2198
2207
2286
2263
2181
2161
2221
2228
2288
2332
2354
2370
2343
2294
2251
2232
2238
2319
2396
2433
2435
2408
2330
2255
2176
2134
2110
2121
2124
2125
2107
2096
2050
1987
1927
1884
1863
1849
1856
1876
1891
1881
1876
1827
1749
1690
1660
1643
1670
1707
1756
1773
1773
1766
1734
1692
1656
1635
1654
1728
1710
1751
1784
1792
1780
1721
1658
1607
1613
1679
1765
1859
1915
1951
1938
1992
1972
1891
1818
1914
1980
2028
2087
2135
2136
2099
2024
1935
1873
1859
1961
2059
2174
2211
2183
2112
1991
1906
1861
1864
1942
2063
2156
2230
2236
2160
2039
1915
1844
1852
1907
1987
2060
2039
1963
1849
1745
1660
1619
1622
1695
1793
1883
1920
1898
1849
1768
1673
1603
1609
1661
1762
1879
1931
1954
1934
1888
1830
1779
1752
1746
1757
1782
1827
1859
1861
1829
1800
1773
1727
1717
1735
1811
1883
1955
2019
2046
2056
2055
2063
2060
2056
2059
2082
2126
2163
2207
2210
2214
2236
2222
2203
2172
2164
2174
2191
2202
2222
2230
2211
2192
2134
2092
2079
2087
2085
2092
2063
2014
1936
1867
1807
1772
1781
1815
1846
1838
1830
1798
1727
1680
1696
1608
1568
1535
1512
1488
1481
1460
1433
1431
1415
1393
1369
1352
1350
1327
1308
1270
1232
1181
1168
1173
1204
1217
1218
1213
1213
1206
1223
1244
1264
1323
1373
1418
1457
1467
1448
1426
1400
1394
1386
1404
1449
1472
1496
1482
1508
1503
1528
1540
1567
1615
1636
1665
1706
1700
1720
1728
1741
1752
1772
1807
1827
1856
1886
1899
1908
1908
1905
1912
1921
1951
1973
1995
2023
2024
2021
2031
2034
2036
2039
2051
2061
2068
2083
2115
2133
2138
2140
2129
2118
2131
2136
2163
2206
2246
2255
2233
2234
2244
2256
2288
2340
2390
2443
2494
2542
2564
2600
2614
2617
2633
2662
2692
2719
2734
2766
2765
2763
2751
2736
2741
2757
2785
2819
2862
2880
2892
2899
2896
2887
2904
2917
2950
2993
3027
3074
3100
3099
3093
3083
3078
3075
3076
3094
3096
3084
3086
3043
3017
2979
2948
2926
2910
2918
2891
2897
2896
2886
2855
2840
2796
2791
2767
2758
2755
2732
2708
2695
2667
2658
2645
2630
2601
2602
2567
2519
2508
2494
2496
2490
2487
2464
2463
2462
2462
2438
2457
2461
2459
2444
2433
2437
2403
2400
2399
2403
2412
2414
2435
2448
2449
2470
2470
2480
2487
2506
2522
2549
2576
2598
2607
2615
2606
2620
2649
2660
2665
2668
2678
2690
2679
2662
2646
2632
2620
2613
2617
2616
2614
2612
2606
2598
2575
2568
2546
2538
2539
2523
2544
2579
2584
2576
2551
2534
2519
2480
2486
2489
2502
2520
2519
2517
2492
2453
2421
2400
2390
2404
2419
2415
2420
2417
2400
2375
2331
2320
2315
2324
2351
2348
2364
2366
2355
2343
2357
2356
2355
2371
2379
2380
2400
2391
2389
2363
2345
2326
2308
2300
2309
2304
2294
2270
2235
2204
2174
2150
2104
2097
2084
2062
2038
2013
1975
1965
1952
1915
1914
1907
1904
1895
1900
1894
1868
1842
1825
1795
1810
1801
1803
1779
1756
1735
1719
1685
1650
1630
1614
1582
1574
1548
1510
1489
1465
1448
1427
1415
1411
1415
1426
1420
1415
1415
1382
1372
1371
1361
1359
1369
1392
1418
1412
1423
1425
1421
1392
1395
1408
1400
1412
1429
1418
1411
1390
1386
1379
1361
1360
1374
1383
1382
1383
1407
1407
1402
1406
1418
1411
1413
1413
1411
1429
1440
1451
1460
1468
1492
1516
1517
1537
1546
1564
1564
1569
1584
1584
1578
1580
1559
1543
1529
1515
1497
1505
1497
1495
1492
1502
1474
1458
1456
1439
1442
1447
1454
1468
1457
1463
1483
1500
1482
1468
1454
1452
1440
1429
1435
1439
1437
1428
1426
1406
1410
1408
1413
1419
1439
1463
1506
1529
1548
1569
1570
1564
1556
1575
1608
1625
1654
1677
1705
1705
1710
1712
1722
1742
1764
1802
1836
1848
1880
1880
1873
1864
1874
1902
1918
1941
1941
1955
1966
1960
1955
1958
1940
1935
1943
1968
1983
2017
2031
2044
2046
2054
2070
2086
2104
2120
2137
2164
2181
2202
2210
2240
2255
2273
2301
2328
2345
2361
2392
2421
2439
2454
2468
2487
2500
2513
2527
2546
2576
2608
2636
2658
2681
2710
2734
2765
2800
2820
2849
2868
2884
2918
2946
2958
2970
2976
2977
2969
2971
2950
2951
2942
2924
2918
2919
2919
2910
2893
2890
2856
2835
2819
2797
2793
2779
2776
2774
2773
2785
2771
2752
2731
2723
2701
2670
2656
2657
2664
2657
2669
2647
2618
2590
2546
2530
2513
2504
2481
2461
2464
2433
2405
2383
2381
2353
2338
2328
2317
2317
2313
2297
2267
2254
2247
2230
2231
2224
2234
2249
2236
2248
2240
2237
2218
2204
2207
2198
2200
2193
2193
2178
2169
2148
2121
2106
2081
2058
2037
2025
2018
2006
1984
1980
1949
1930
1927
1915
1891
1896
1892
1865
1841
1822
1794
1766
1740
1731
1718
1695
1663
1652
1628
1595
1554
1527
1489
1456
1430
1395
1372
1353
1320
1285
1260
1248
1220
1214
1202
1198
1180
1170
1168
1138
1136
1133
1149
1147
1164
1163
1157
1164
1171
1160
1161
1160
1166
1158
1166
1168
1169
1144
1130
1118
1124
1135
1136
1142
1137
1121
1124
1111
1103
1117
1106
1130
1181
1182
1177
1166
1179
1181
1191
1209
1224
1237
1262
1251
1277
1268
1267
1258
1256
1260
1249
1253
1256
1263
1267
1265
1299
1283
1272
1289
1287
1305
1316
1319
1337
1351
1357
1387
1406
1428
1441
1465
1479
1477
1483
1476
1478
1504
1520
1533
1545
1562
1573
1571
1552
1540
1522
1520
1537
1577
1624
1661
1679
1679
1660
1637
1641
1643
1663
1718
1807
1897
1966
1987
1983
1959
1930
1923
1907
1930
2003
2096
2204
2272
2318
2288
2236
2190
2132
2114
2146
2227
2337
2448
2524
2542
2497
2424
2345
2260
2224
2263
2352
2482
2570
2631
2564
2471
2369
2273
2207
2244
2343
2464
2561
2604
2575
2501
2377
2300
2268
2278
2331
2419
2535
2601
2599
2552
2457
2393
2339
2327
2353
2406
2450
2491
2493
2468
2417
2446
2394
2332
2337
2405
2451
2480
2496
2463
2409
2376
2417
2448
2412
2424
2524
2488
2448
2421
2391
2350
2319
2302
2313
2332
2368
2400
2428
2438
2406
2375
2322
2289
2292
2312
2375
2433
2478
2488
2460
2405
2321
2272
2272
2336
2339
2410
2492
2550
2555
2497
2396
2310
2255
2239
2272
2354
2425
2484
2504
2477
2428
2349
2293
2272
2286
2336
2366
2422
2439
2420
2372
2317
2269
2260
2247
2264
2296
2331
2356
2343
2330
2308
2282
2257
2262
2277
2289
2305
2303
2286
2257
2247
2236
2229
2219
2216
2190
2173
2166
2150
2135
2119
2107
2087
2092
2075
2068
2062
2023
2006
1975
1942
1931
1920
1924
1921
1916
1897
1889
1847
1806
1769
1737
1740
1750
1739
1740
1705
1684
1676
1639
1598
1560
1538
1524
1520
1511
1512
1498
1502
1481
1462
1439
1403
1402
1405
1417
1427
1442
1437
1439
1430
1419
1418
1409
1413
1425
1432
1444
1450
1456
1452
1468
1462
1470
1474
1488
1484
1465
1472
1487
1508
1520
1525
1533
1555
1536
1508
1518
1510
1527
1550
1570
1604
1618
1621
1644
1662
1660
1663
1652
1665
1674
1684
1716
1747
1759
1804
1816
1806
1795
1801
1802
1831
1884
1919
1965
1971
1962
1952
1933
1927
1929
1933
1953
1976
1996
2031
2043
2042
2040
2028
2034
2027
2039
2078
2085
2095
2115
2119
2121
2107
2106
2115
2132
2134
2161
2171
2200
2220
2218
2211
2209
2210
2227
2211
2208
2219
2231
2214
2228
2222
2219
2221
2246
2252
2272
2272
2275
2267
2275
2277
2270
2271
2294
2312
2327
2345
2343
2351
2346
2331
2307
2282
2281
2273
2277
2282
2294
2293
2303
2275
2260
2245
2236
2226
2243
2253
2263
2282
2297
2296
2288
2283
2265
2269
2284
2302
2313
2323
2359
2364
2350
2344
2362
2355
2352
2355
2383
2419
2443
2436
2446
2437
2450
2456
2473
2478
2486
2499
2501
2503
2506
2494
2496
2487
2513
2505
2504
2524
2550
2572
2574
2575
2569
2569
2571
2579
2588
2577
2590
2593
2607
2593
2608
2607
2584
2559
2561
2550
2556
2561
2565
2570
2564
2564
2561
2552
2544
2539
2543
2542
2522
2525
2514
2516
2530
2531
2518
2519
2524
2528
2515
2511
2521
2513
2509
2470
2466
2447
2425
2413
2388
2396
2397
2371
2369
2341
2336
2335
2308
2281
2272
2255
2259
2273
2286
2276
2265
2265
2243
2252
2244
2237
2212
2223
2230
2218
2209
2195
2186
2176
2163
2145
2124
2131
2108
2119
2115
2104
2083
2061
2028
1998
1979
1940
1949
1935
1926
1928
1921
1899
1883
1869
1861
1840
1833
1826
1818
1819
1811
1791
1779
1763
1749
1733
1724
1702
1688
1679
1661
1638
1635
1620
1600
1605
1607
1604
1600
1589
1583
1571
1548
1541
1541
1542
1551
1558
1577
1575
1587
1582
1579
1579
1571
1580
1596
1609
1624
1630
1625
1612
1616
1615
1611
1620
1638
1646
1673
1708
1726
1730
1723
1703
1705
1725
1731
1757
1778
1796
1793
1786
1789
1774
1779
1785
1788
1802
1816
1823
1837
1840
1842
1844
1844
1847
1871
1869
1880
1873
1869
1873
1878
1887
1884
1878
1879
1905
1916
1921
1931
1932
1933
1920
1916
1936
1955
1964
1983
1997
2001
1996
1998
2001
1987
1994
2001
1999
2010
2057
2064
2079
2075
2081
2080
2064
2072
2066
2077
2066
2067
2073
2080
2095
2086
2081
2083
2086
2104
2097
2102
2090
2104
2115
2109
2116
2110
2104
2107
2100
2096
2106
2121
2132
2146
2155
2163
2179
2160
2158
2142
2144
2147
2159
2163
2190
2193
2207
2191
2202
2193
2195
2173
2186
2186
2212
2233
2240
2261
2261
2254
2253
2240
2237
2243
2252
2261
2282
2288
2283
2271
2248
2243
2241
2236
2240
2254
2254
2253
2235
2209
2182
2169
2142
2134
2140
2141
2156
2140
2123
2116
2096
2076
2070
2051
2060
2075
2089
2087
2075
2057
2028
2008
2012
1993
1987
1987
1990
1971
1970
1967
1955
1954
1949
1934
1938
1951
1943
1954
1960
1963
1944
1940
1937
1943
1935
1946
1951
1956
1960
1985
1986
1987
1971
1951
1961
1978
1973
1963
1980
2031
2268
2342
2323
2081
2004
1977
1944
1940
1942
1936
1939
1936
1948
1948
2143
2269
2283
2103
1978
1941
1934
1926
1911
1917
1913
1910
1906
1905
1904
1899
1891
1902
1907
1916
1928
1939
1940
1933
1935
1919
1923
1908
1905
1923
1923
1926
1935
1943
1946
1940
1915
1905
1905
1899
1912
1940
1951
1962
1968
1959
1953
1940
1926
1916
1922
1918
1906
1896
1903
1906
1899
1886
1857
1856
1868
1854
1843
1829
1819
1792
1779
1748
1732
1717
1693
1699
1715
1712
1707
1710
1689
1658
1644
1633
1638
1628
1640
1655
1654
1641
1628
1615
1604
1601
1593
1603
1607
1612
1632
1638
1641
1651
1655
1649
1653
1654
1661
1659
1649
1638
1645
1648
1675
1671
1661
1645
1632
1612
1623
1625
1630
1635
1640
1664
1691
1696
1689
1667
1639
1601
1590
1576
1568
1581
1600
1617
1621
1620
1612
1615
1593
1593
1600
1606
1604
1622
1637
1652
1652
1656
1625
1584
1563
1560
1571
1584
1624
1667
1680
1656
1624
1550
1545
1568
1604
1635
1654
1661
1657
1651
1654
1638
1664
1706
1736
1747
1756
1751
1756
1756
1776
1772
1792
1806
1812
1803
1816
1832
1838
1832
1843
1822
1832
1840
1856
1870
1888
1892
1888
1886
1876
1881
1899
1947
1968
1993
2011
2016
2026
2027
2072
2137
2072
2060
2059
2068
2084
2078
2084
2081
2077
2085
2096
2103
2121
2147
2150
2136
2140
2154
2172
2170
2179
2181
2201
2215
2235
2251
2275
2308
2303
2304
2296
2273
2282
2308
2319
2338
2340
2340
2336
2345
2355
2361
2360
2380
2396
2370
2363
2358
2339
2344
2363
2386
2400
2385
2377
2387
2460
2366
2351
2377
2360
2357
2377
2364
2357
2347
2339
2333
2311
2319
2313
2319
2305
2291
2292
2278
2262
2262
2256
2248
2247
2245
2243
2240
2228
2226
2213
2193
2179
2160
2154
2151
2176
2168
2183
2183
2173
2160
2159
2148
2164
2171
2160
2177
2190
2191
2185
2182
2159
2154
2150
2143
2153
2163
2157
2163
2187
2187
2175
2171
2188
2288
2240
2238
2169
2150
2131
2132
2126
2117
2121
2104
2123
2109
2114
2114
2131
2131
2140
2185
2247
2295
2203
2171
2223
2152
2119
2121
2130
2139
2147
2138
2132
2145
2125
2108
2085
2091
2090
2084
2082
2095
2088
2076
2070
2059
2042
2034
2044
2030
2128
2079
2068
2048
2076
2082
2076
2072
2048
2032
2023
2024
2027
2018
2004
2037
2023
1993
1960
1958
1955
1938
1928
1923
1912
1903
1906
1894
1888
1856
1857
1843
1829
1831
1815
1819
1818
1831
1822
1838
1836
1837
1828
1821
1792
1764
1772
1767
1766
1752
1773
1776
1771
1763
1754
1754
1741
1743
1750
1761
1782
1794
1823
1817
1802
1791
1803
1808
1824
1836
1853
1859
1856
1867
1860
1870
1888
1871
1892
1909
1920
1920
1923
1920
1932
1934
1928
1929
1921
1925
1920
1930
1934
1945
1944
1951
1964
1964
1982
1992
2001
2000
2009
2028
2038
2046
2056
2068
2081
2104
2128
2149
2168
2174
2180
2176
2172
2174
2159
2155
2166
2176
2182
2188
2192
2173
2158
2155
2155
2158
2159
2193
2217
2215
2220
2209
2206
2190
2180
2176
2194
2202
2230
2235
2232
2237
2233
2213
2196
2196
2216
2210
2235
2258
2266
2272
2259
2242
2225
2235
2218
2212
2227
2223
2236
2225
2227
2219
2232
2230
2256
2259
2257
2261
2273
2281
2289
2306
2308
2311
2306
2337
2347
2359
2374
2379
2378
2365
2360
2368
2375
2376
2384
2391
2402
2403
2408
2388
2382
2392
2414
2430
2434
2444
2447
2452
2456
2466
2471
2482
2496
2515
2540
2561
2556
2539
2520
2512
2507
2524
2527
2532
2540
2560
2556
2548
2516
2511
2496
2508
2502
2508
2503
2483
2488
2476
2455
2447
2448
2441
2453
2481
2486
2502
2496
2497
2490
2475
2460
2461
2472
2484
2500
2508
2500
2496
2489
2466
2451
2439
2450
2448
2470
2461
2468
2469
2443
2437
2428
2390
2381
2375
2369
2367
2368
2375
2365
2358
2328
2312
2316
2300
2285
2296
2292
2294
2282
2270
2248
2236
2209
2200
2192
2189
2189
2180
2145
2135
2106
2089
2056
2046
2030
2041
2035
2032
2006
1993
1972
1947
1930
1924
1915
1915
1895
1889
1888
1873
1855
1852
1855
1852
1849
1847
1838
1850
1848
1819
1806
1796
1784
1785
1796
1798
1799
1779
1764
1746
1731
1709
1714
1695
1697
1699
1705
1702
1678
1656
1651
1638
1624
1635
1628
1622
1625
1617
1604
1594
1576
1561
1558
1558
1571
1582
1590
1595
1587
1570
1546
1539
1516
1524
1523
1524
1535
1551
1530
1505
1484
1482
1474
1462
1479
1497
1510
1516
1518
1506
1494
1491
1502
1495
1514
1524
1542
1556
1556
1546
1532
1519
1511
1499
1494
1504
1521
1521
1540
1541
1534
1526
1532
1525
1523
1533
1518
1524
1540
1540
1542
1562
1560
1565
1547
1555
1564
1572
1576
1567
1567
1555
1556
1556
1564
1567
1559
1560
1551
1532
1528
1539
1537
1559
1576
1587
1597
1587
1582
1580
1582
1582
1590
1607
1626
1650
1660
1666
1688
1679
1677
1684
1675
1689
1708
1734
1748
1766
1776
1780
1779
1779
1776
1790
1802
1809
1815
1813
1829
1823
1838
1840
1852
1860
1863
1878
1875
1893
1912
1909
1907
1902
1926
1927
1941
1957
1974
1968
1935
1944
1955
1968
1953
1959
1951
1955
1979
1985
1985
1968
1964
1948
1943
1948
1943
1944
1966
1976
1981
1999
2007
1979
1987
1980
1984
1993
1996
2015
2003
2016
2000
2014
2017
2004
2001
2000
2021
2029
2025
2040
2045
2051
2054
2053
2038
2044
2040
2043
2067
2090
2089
2095
2089
2098
2095
2091
2081
2086
2095
2101
2102
2107
2102
2103
2112
2098
2103
2099
2131
2142
2153
2166
2152
2148
2136
2111
2114
2119
2134
2145
2147
2152
2160
2163
2140
2136
2140
2123
2131
2151
2158
2184
2182
2175
2169
2171
2141
2135
2145
2161
2154
2160
2163
2151
2131
2129
2113
2083
2070
2072
2080
2099
2106
2110
2098
2077
2048
2019
2014
2024
2032
2051
2064
2091
2068
2033
2015
1996
1978
1962
1968
1984
2001
2004
1998
1981
1971
1961
1935
1935
1937
1939
1955
1953
1935
1933
1916
1912
1929
1944
1939
1965
1988
2002
2020
2002
1984
1977
1971
1980
1991
2007
2022
2024
2030
2022
2008
2002
2007
1996
1987
1984
1986
2002
2006
2001
1993
2005
1993
1991
1991
2009
2025
2040
2040
2043
2051
2058
2050
2040
2024
2031
2028
2039
2033
2054
2063
2073
2067
2071
2037
2044
2038
2039
2055
2086
2104
2122
2140
2142
2115
2099
2100
2100
2119
2131
2134
2153
2164
2168
2175
2178
2176
2170
2168
2181
2175
2207
2211
2211
2218
2204
2200
2194
2196
2197
2205
2227
2228
2207
2211
2191
2185
2191
2189
2169
2170
2176
2187
2199
2198
2200
2198
2200
2192
2178
2166
2158
2142
2144
2163
2176
2188
2192
2203
2194
2188
2164
2171
2159
2156
2150
2152
2146
2148
2142
2145
2158
2150
2160
2164
