1952
1961
1956
1953
1967
1972
1980
1980
1979
1982
1968
1982
1999
1996
1986
1974
1958
1951
1971
1961
1968
1976
1969
1972
1960
1969
1978
2080
2022
1991
1979
1967
1952
1952
1956
1954
1957
1944
1941
1937
1955
1966
1967
1976
1982
1968
1975
1969
1954
1944
1948
1950
1964
1980
1977
1991
1995
1973
1972
1978
1968
1973
1989
1973
1985
1975
1968
1976
1991
1988
1989
1997
2003
2007
2004
1994
1993
1977
1995
2003
2016
2014
2011
2029
2024
2020
2016
2002
1989
1996
2023
2029
2045
2059
2054
2035
2036
2044
2036
2019
2028
2041
2053
2044
2043
2054
2036
2023
2024
2018
2009
2029
2040
2045
2046
2035
2042
2037
2030
2033
2028
2007
2023
2029
2028
2028
2033
2040
2032
2021
2032
2034
2037
2038
2026
2029
2036
2039
2016
2020
2037
2032
2028
2022
2027
2019
2014
2145
2067
2039
2040
2037
2016
1999
1992
1979
1970
1977
1978
1980
1974
1961
1961
1969
1971
1981
1987
1965
1966
1969
1970
1987
1971
1980
1998
1983
1987
1994
2003
2010
2011
2000
1993
2008
1978
1985
1980
2003
2014
2022
2030
2028
2017
2012
2001
2010
2024
2029
2050
2048
2050
2065
2065
2049
2048
2043
2038
2038
2033
2040
2063
2073
2068
2060
2063
2062
2047
2050
2027
2044
2067
2065
2080
2095
2080
2066
2057
2041
2028
2033
2022
2001
1975
1976
2106
2108
2144
2181
2210
2224
2200
2132
2055
1951
1908
1922
1976
2055
2104
2114
2064
2049
1971
1836
1807
1890
1953
2124
2278
2392
2375
2317
2156
1976
1879
1822
1913
2072
2224
2332
2364
2356
2243
2069
1797
1529
1417
1444
1652
1952
2186
2363
2433
2458
2424
2297
2127
1987
1935
1963
2107
2191
2143
2051
2028
2121
2215
2296
2347
2397
2414
2343
2234
2058
1921
1860
1909
2096
2217
2252
2183
2044
1897
1744
1715
1785
1969
2183
2308
2281
2114
1972
1876
1783
1735
1777
1943
2154
2286
2311
2152
1873
1575
1365
1280
1289
1409
1633
1854
1990
1978
1822
1664
1516
1448
1480
1631
1837
1930
2105
2279
2405
2401
2287
2156
2106
2174
2260
2327
2290
2203
2101
2004
1873
1740
1561
1456
1491
1638
1871
2047
2123
2088
1942
1747
1569
1427
1442
1579
1788
2034
2207
2280
2249
2176
2139
2136
2182
2262
2323
2379
2372
2305
2216
2136
2072
2059
2126
2242
2424
2569
2609
2486
2227
1955
1712
1568
1596
1735
1966
2219
2409
2467
2340
2072
1796
1603
1559
1631
1747
1895
2005
2105
2156
2161
2093
1998
1968
1992
2115
2295
2441
2519
2557
2539
2508
2454
2418
2403
2457
2531
2583
2588
2538
2440
2331
2226
2120
2021
1920
1861
1838
1837
1849
1889
1945
2017
2062
2099
2115
2112
2108
2086
2048
2062
2110
2148
2161
2153
2119
2055
1992
1929
1863
1836
1877
1968
2084
2154
2134
2088
1998
1941
1895
1891
1894
1928
1992
2067
2119
2112
2074
2003
1929
1892
1893
1910
1962
2079
2188
2260
2261
2206
2110
2024
1983
1961
2015
2073
2124
2183
2184
2144
2069
1964
1865
1804
1806
1828
1875
1924
1957
1970
1979
1982
1958
1927
1913
1926
1999
2105
2154
2164
2081
2005
1953
1926
1910
1915
1908
1917
1916
1921
1909
1869
1823
1836
1907
1988
2057
2104
2080
2019
1951
1861
1792
1743
1733
1755
1840
1929
2016
2080
2100
2079
2055
2025
1990
2009
2056
2118
2190
2210
2189
2109
2028
1963
1957
1976
2024
2079
2109
2136
2108
2083
2028
1971
1963
1971
2006
2095
2174
2218
2215
2183
2112
2053
1978
1928
1877
1876
1894
1917
1932
1912
1888
1852
1827
1808
1815
1811
1813
1815
1805
1788
1770
1760
1762
1774
1840
1907
1967
1989
1956
1901
1839
1740
1667
1631
1637
1691
1782
1883
1974
2053
2083
2083
2062
2048
2037
2047
2049
2089
2122
2126
2087
2022
1929
1882
1872
1887
1921
1948
1955
1963
1932
1872
1808
1744
1694
1728
1805
1925
2022
2092
2103
2067
2037
1995
1957
1954
1971
2016
2114
2177
2222
2226
2187
2137
2075
2011
1979
1975
1982
2004
2028
2028
2026
1993
1950
1912
1912
1936
1976
2008
2059
2072
2072
2054
2011
1959
1933
1934
1958
1988
2016
2042
2065
2067
2059
2041
2011
1987
1992
2007
2022
2044
2055
2064
2072
2051
2039
2013
1991
1951
1923
1928
1947
1948
1951
1952
1951
1922
1926
1939
1950
1966
1997
2031
2071
2108
2108
2089
2063
2061
2047
2061
2077
2090
2083
2055
2017
1973
1937
1887
1880
1886
1896
1904
1910
1914
1899
1886
1882
1897
1906
1947
1996
2040
2089
2117
2115
2114
2111
2095
2068
2031
2001
1984
1967
1979
2006
2026
2049
2060
2060
2068
2061
2050
2028
2008
1990
1977
1948
1923
1904
1894
1887
1904
1937
1946
1975
1984
2003
2024
2039
2044
2067
2083
2102
2112
2141
2159
2152
2150
2132
2131
2114
2086
2080
2074
2072
2079
2064
2056
2032
1987
1943
1888
1881
1873
1865
1870
1877
1885
1876
1871
1853
1864
1879
1892
1914
1948
1966
2000
2022
2023
2019
2014
2014
1988
1990
1993
2010
2022
2034
2028
2030
2049
2048
2043
2007
1982
1935
1928
1899
1923
1918
1900
1892
1897
1895
1882
1873
1888
1899
1900
1912
1924
1919
1923
1953
1979
2025
2074
2124
2153
2167
2191
2189
2192
2191
2185
2176
2173
2164
2134
2090
2047
1999
1979
1956
1961
1955
1963
1971
1961
1932
1902
1904
1893
1908
1952
2016
2065
2104
2128
2115
2110
2101
2081
2051
2051
2060
2086
2121
2144
2166
2176
2162
2149
2146
2122
2104
2100
2119
2135
2135
2154
2162
2146
2131
2112
2095
2088
2092
2120
2152
2173
2185
2204
2208
2190
2179
2182
2168
2164
2155
2141
2142
2153
2143
2109
2078
2050
2012
2000
1976
1968
1976
1987
1984
1987
1996
2000
1971
1964
1991
2021
2052
2071
2091
2126
2145
2153
2136
2117
2104
2092
2083
2083
2089
2084
2061
2068
2035
2016
1982
1936
1936
1910
1925
1953
1949
1965
1993
2008
2017
2041
2050
2084
2093
2138
2154
2191
2209
2214
2211
2197
2173
2160
2181
2188
2192
2205
2193
2178
2137
2097
2070
2057
2055
2069
2087
2086
2102
2099
2104
2077
2036
2005
2003
2018
2044
2064
2100
2114
2108
2100
2083
2065
2036
2036
2036
2073
2077
2085
2081
2072
2039
2000
1983
1963
1967
1975
1996
2008
2034
2036
2035
2027
2025
2012
2013
2026
2042
2058
2073
2083
2106
2104
2095
2084
2102
2058
2046
2043
2045
2044
2052
2053
2056
2060
2039
2003
1980
1993
1999
2011
2122
2054
2035
2020
1993
1971
1957
1951
1944
1965
1984
2081
2163
2177
2077
2140
2048
1998
1977
1993
1998
1994
2007
2014
2002
1984
1977
1958
1947
1939
1955
1982
1984
1991
1997
1996
2000
1991
1991
1991
1986
2019
2040
1991
1979
1963
1950
1921
1895
1877
1866
1870
1870
1886
1912
1928
1922
1916
1910
1884
1868
1849
1850
1883
1892
1899
1910
1904
1903
1900
1876
1863
1863
1871
1893
1918
1936
1951
1947
1933
1917
1887
1858
1868
1865
1877
1904
1898
1895
1874
1858
1858
1842
1836
1852
1859
1888
1917
1948
1949
1951
1939
1934
1926
1954
1960
1984
1998
2009
2002
1996
1988
1998
2008
2026
2038
2051
2049
2041
2040
2033
2040
2052
2044
2074
2108
2108
2111
2110
2080
2060
2060
2043
2050
2069
2107
2118
2147
2160
2150
2136
2120
2121
2116
2118
2136
2155
2161
2140
2134
2119
2129
2122
2117
2140
2154
2152
2140
2129
2125
2102
2093
2097
2118
2108
2115
2125
2147
2129
2110
2104
2079
2079
2097
2120
2131
2152
2156
2148
2117
2069
2043
2033
2020
2020
2047
2062
2050
2035
2014
2011
1991
2004
2031
2042
2078
2106
2113
2099
2090
2086
2070
2079
2080
2091
2096
2105
2103
2088
2079
2057
2028
2022
2022
2011
2027
2025
2011
2022
2000
1999
2002
2011
2007
2012
2011
2007
2006
1997
1995
2008
2010
2016
2021
2025
2040
2040
2067
2073
2072
2092
2085
2093
2076
2071
2067
2060
2063
2064
2063
2047
2071
2065
2054
2068
2051
2040
2037
2019
2013
1981
1996
1993
2000
1996
1999
1998
1987
1972
1989
1984
1961
1946
1916
1942
1951
1936
1936
1921
1916
1912
1889
1886
1907
1913
1932
1929
1945
1941
1937
1944
1937
1916
1925
1927
1932
1933
1950
1946
1939
1916
1920
1914
1912
1916
1903
1905
1912
1914
1908
1916
1921
1914
1934
1941
1940
1943
1950
1950
1960
1953
1949
1929
1916
1897
1873
1870
1866
1880
1879
1877
1898
1889
1905
1891
1855
1849
1867
1881
1898
1911
1910
1907
1912
1908
1907
1911
1891
1888
1888
1879
1883
1880
1882
1875
1863
1872
1872
1868
1854
1863
1875
1880
1876
1878
1878
1870
1862
1859
1843
1849
1857
1861
1859
1855
1863
1868
1867
1851
1843
1842
1838
1835
1841
1846
1848
1852
1856
1875
1876
1873
1879
1886
1879
1888
1884
1892
1895
1915
1925
1936
1935
1942
1947
1952
1945
1953
1947
1952
1954
1936
1961
1964
1967
1980
2006
2010
2017
2032
2024
2035
2057
2064
2063
2073
2085
2087
2094
2106
2104
2107
2110
2114
2121
2140
2168
2180
2188
2190
2187
2174
2169
2175
2167
2174
2182
2179
2194
2191
2189
2188
2169
2156
2179
2163
2163
2180
2204
2205
2230
2240
2249
2262
2251
2247
2247
2238
2243
2233
2225
2243
2236
2222
2203
2198
2199
2203
2201
2202
2209
2236
2234
2232
2238
2230
2240
2234
2231
2228
2217
2211
2209
2180
2188
2183
2167
2161
2138
2118
2115
2102
2098
2096
2093
2102
2097
2113
2127
2124
2115
2111
2103
2111
2121
2132
2124
2130
2140
2143
2141
2137
2118
2108
2104
2100
2096
2092
2085
2095
2096
2088
2075
2095
2084
2068
2052
2046
2041
2044
2046
2040
2059
2059
2068
2063
2058
2065
2046
2038
2035
2043
2054
2058
2062
2052
2056
2068
2062
2046
2051
2069
2064
2065
2051
2060
2057
2055
2065
2070
2046
2044
2031
2022
2017
2005
2002
1999
2009
2030
2012
2014
2034
2020
2016
1987
1956
1974
2000
2000
2010
2025
2036
2014
2009
1987
1968
1971
1955
1964
1984
1991
2019
2025
2007
1973
1948
1933
1932
1954
1970
2005
2008
2012
2007
1980
1940
1927
1936
1953
1984
2006
2040
2051
2047
2012
1994
1958
1956
1984
2005
2051
2066
2067
2035
2020
1997
1984
2009
2035
2072
2099
2119
2116
2108
2076
2051
2044
2036
2046
2078
2095
2106
2083
2042
2004
1973
1960
1969
1996
2012
2019
2032
2030
2004
1966
1944
1918
1929
1914
1951
1977
1989
1966
1940
1905
1898
1899
1902
1911
1909
1935
1926
1920
1907
1875
1860
1845
1840
1843
1863
1897
1916
1931
1923
1903
1885
1862
1833
1823
1841
1856
1880
1913
1924
1912
1904
1871
1844
1832
1832
1854
1873
1881
1900
1905
1874
1852
1835
1829
1833
1855
1885
1910
1914
1912
1895
1878
1864
1832
1850
1863
1864
1870
1889
1881
1884
1881
1875
1891
1900
1897
1908
1913
1927
1940
1939
1931
1939
1939
1932
1948
1972
1971
1959
1959
1954
1949
1949
1947
1986
2020
2046
2071
2079
2063
2062
2049
2057
2065
2090
2099
2119
2128
2140
2131
2130
2121
2104
2092
2100
2104
2142
2154
2152
2151
2163
2143
2139
2125
2131
2129
2155
2173
2187
2179
2175
2161
2173
2160
2153
2149
2164
2159
2175
2167
2174
2154
2142
2124
2107
2120
2093
2087
2090
2092
2089
2093
2069
2056
2061
2051
2037
2040
2055
2048
2042
2032
2014
1997
1984
1992
1994
1996
1998
2006
2016
1987
1969
1954
1942
1925
1925
1922
1934
1940
1951
1955
1934
1936
1927
1928
1933
2119
2018
2006
2013
1998
1995
1990
1972
1976
1982
1985
1995
2014
2016
2015
1989
1997
1990
2002
1996
1996
1992
1990
2010
2011
2006
2015
2011
2001
2018
2000
1994
2000
2011
2008
2025
2030
2022
2036
2044
2040
2038
2039
2035
2028
2018
2026
2039
2066
2069
2055
2061
2049
2051
2050
2046
2027
2034
2041
2035
2046
2043
2036
2009
2000
1974
1971
2059
2079
2022
1994
1983
1984
1990
1982
1975
1972
1971
1975
1968
1974
1985
2003
1992
1991
1972
1973
1964
1962
1970
1984
1979
1984
1984
1996
2022
2020
2004
1994
1988
1996
1976
1978
1978
1999
2012
2016
2006
2009
2000
2019
2024
2030
2019
2019
2080
2130
2078
2060
2061
2038
2033
2017
2019
2022
2032
2038
2049
2039
2036
2028
2031
2038
2040
2058
2064
2048
2043
2044
2041
2028
2016
2016
2011
2005
2015
2026
2027
2024
2017
2020
2021
2009
2028
2032
2045
2038
2047
2048
2023
2003
2013
2005
2001
2007
2026
2044
2073
2070
2057
2029
2074
2090
2040
2031
2031
2023
2043
2039
2035
2016
1995
1985
1969
1971
1963
1980
1979
2086
2131
2083
2027
2108
2035
2010
2008
2012
2012
2024
2031
2016
2013
2003
2013
2010
1996
2003
2012
2014
2041
2038
2049
2056
2056
2055
2050
2045
2075
2095
2048
2034
2028
2009
2026
2016
2016
2008
2008
2025
2025
2023
2030
2031
2067
2083
2095
2088
2080
2070
2073
2078
2067
2067
2079
2066
2071
2085
2088
2097
2087
2085
2077
2072
2079
2070
2076
2080
2079
2096
2089
2087
2075
2072
2083
2094
2092
2100
2098
2088
2088
2089
2072
2068
2057
2060
2056
2071
2071
2075
2065
2051
2043
2046
2026
2023
2020
2032
2030
2027
2043
2042
2042
2044
2030
2034
2020
2010
2003
2004
2007
2005
1990
1968
1962
1955
1960
1952
1944
1952
1964
1945
1951
1939
1931
1925
1934
1926
1913
1912
1918
1920
1932
1925
1923
1907
1903
1893
1884
1899
1920
1927
1946
1976
1978
1983
1983
1985
1987
1982
1979
1992
2015
2038
2037
2065
2076
2076
2091
2083
2096
2103
2105
2127
2134
2134
2117
2109
2102
2087
2071
2077
2085
2086
2078
2090
2089
2067
2055
2030
2029
2019
2020
2004
1990
1979
1972
1970
1951
1958
1953
1946
1952
1950
1931
1920
1917
1912
1904
1911
1908
1908
1908
1908
1912
1916
1918
1931
1923
1939
1951
1960
1967
1964
1967
1989
2009
2006
2026
2051
2052
2054
2048
2048
2070
2070
2081
2087
2085
2097
2111
2111
2108
2112
2103
2104
2108
2117
2111
2115
2116
2118
2127
2114
2128
2131
2120
2128
2133
2148
2160
2168
2156
2162
2158
2136
2132
2120
2131
2119
2115
2118
2114
2116
2120
2112
2089
2088
2074
2063
2073
2077
2084
2104
2110
2108
2104
2099
2090
2087
2079
2092
2099
2090
2105
2079
2067
2075
2065
2039
2022
1994
2005
1969
1980
1987
1979
1953
1941
1931
1922
1926
1921
1908
1897
1893
1904
1911
1910
1897
1881
1872
1862
1856
1854
1834
1838
1831
1830
1820
1817
1793
1782
1780
1787
1800
1814
1820
1822
1811
1809
1833
1828
1821
1821
1825
1844
1836
1857
1863
1884
1879
1875
1853
1863
1891
1886
1895
1922
1947
1957
1984
1994
2011
1992
2004
1999
1991
2017
2054
2071
2082
2067
2071
2064
2041
2040
2035
2047
2068
2092
2094
2130
2151
2142
2134
2117
2088
2057
2038
2041
2039
2045
2066
2071
2083
2079
2073
2072
2091
2106
2118
2153
2194
2195
2200
2170
2145
2131
2125
2132
2156
2163
2185
2185
2174
2157
2124
2118
2115
2127
2121
2160
2179
2192
2204
2196
2172
2146
2118
2086
2073
2077
2087
2083
2079
2083
2081
2048
2038
2033
2029
2003
2005
1986
1975
1982
1971
1974
1975
1969
1974
1978
1987
1984
1998
2004
1996
1986
1993
1991
1987
1985
1991
1980
1984
1995
1990
1984
1980
1966
1964
1971
1979
1961
1976
1973
1963
1950
1921
1896
1891
1911
1890
1884
1899
1881
1907
1908
1918
1931
1935
1931
1917
1909
1912
1892
1911
1936
1960
1956
1944
1934
1920
1900
1885
1876
1894
1901
1925
1943
1930
1920
1905
1889
1865
1848
1846
1847
1850
1864
1885
1892
1904
1913
1920
1913
1907
1897
1905
1927
1963
1986
2004
2006
1981
1945
1927
1904
1897
1895
1903
1909
1929
1922
1918
1910
1902
1900
1895
1914
1945
1978
1997
1999
2018
2006
2003
2024
2041
2065
2089
2091
2110
2122
2121
2108
2108
2095
2068
2017
1984
1971
1985
2016
2023
2026
2017
1978
1950
1932
1928
1951
1982
2016
2017
2010
1966
1950
1945
1983
2020
2033
2035
2016
1963
1924
1923
1959
2021
2100
2165
2212
2220
2179
2097
1974
1867
1783
1745
1735
1738
1752
1780
1805
1811
1792
1783
1760
1764
1793
1811
1823
1854
1958
2061
2166
2220
2243
2202
2114
2049
1992
1961
1964
2032
2098
2122
2159
2194
2175
2140
2079
2027
2011
2041
2087
2124
2176
2276
2380
2434
2446
2416
2345
2263
2201
2172
2144
2179
2188
2189
2165
2131
2147
2178
2208
2220
2227
2212
2215
2196
2169
2154
2145
2204
2262
2298
2337
2335
2306
2240
2146
2022
1951
1923
1979
2051
2166
2279
2337
2335
2243
2113
2010
1962
2005
2111
2210
2278
2298
2255
2156
2072
1977
1912
1914
1945
2024
2121
2207
2251
2251
2185
2110
2061
2040
2057
2104
2204
2281
2303
2317
2301
2252
2193
2126
2125
2122
2172
2262
2398
2476
2496
2441
2356
2260
2178
2120
2120
2122
2147
2174
2178
2153
2107
2041
1988
1945
1944
1966
1991
1998
1968
1905
1841
1810
1838
1916
1994
2036
2072
2077
2038
1960
1888
1841
1803
1831
1900
1966
1990
2001
1960
1923
1882
1871
1886
1927
1983
2038
2081
2100
2068
1995
1908
1846
1840
1878
1987
2104
2231
2297
2309
2240
2128
2022
1932
1917
1959
2040
2151
2239
2275
2287
2248
2169
2131
2089
2081
2083
2113
2145
2154
2130
2134
2127
2167
2195
2244
2260
2283
2283
2271
2251
2227
2212
2236
2255
2275
2273
2261
2227
2187
2154
2136
2130
2165
2183
2175
2143
2078
2003
1888
1951
1779
1714
1690
1726
1784
1825
1851
1834
1800
1758
1705
1651
1632
1637
1648
1664
1710
1749
1777
1806
1806
1777
1725
1710
1698
1707
1752
1779
1815
1831
1822
1832
1834
1826
1817
1817
1829
1845
1884
1904
1908
1895
1870
1873
1846
1835
1808
1812
1817
1876
1949
2008
2018
1983
1923
1855
1785
1718
1647
1655
1716
1779
1891
1974
1998
1976
1895
1812
1753
1705
1905
1871
1915
1980
2019
2004
1951
1868
1795
1736
1704
1705
1743
1797
1811
1806
1772
1736
1675
1630
1624
1656
1707
1786
1873
1923
1926
1873
1798
1734
1712
1711
1771
1830
1876
1891
1905
1901
1873
1877
1882
1877
1884
1911
1944
1990
2017
2019
2030
2024
2008
2128
2017
1999
2037
2120
2139
2172
2152
2104
2042
1996
1992
1983
2024
2056
2070
2081
2081
2088
2087
2067
2045
2031
2019
2024
2022
2002
1979
1964
1992
2008
2044
2076
2100
2081
2040
1983
1946
1943
1943
1982
2009
2041
2071
2084
2088
2078
2059
2030
2047
2088
2127
2142
2154
2130
2116
2164
2179
2131
2121
2138
2166
2212
2246
2252
2233
2172
2119
2107
2088
2108
2163
2238
2380
2420
2308
2215
2211
2121
2079
2111
2178
2236
2215
2196
2151
2086
2043
1993
1983
2023
2074
2107
2122
2131
2055
1956
1852
1774
1787
1847
1920
1989
2011
1980
1914
1809
1715
1655
1646
1696
1751
1818
1845
1956
1832
1704
1616
1587
1639
1718
1821
1887
1901
1871
1822
1751
1731
1708
1764
1887
1988
2068
2108
2074
2031
1957
1930
1926
2012
2131
2243
2320
2363
2339
2260
2166
2093
2060
2111
2227
2363
2472
2520
2500
2387
2272
2164
2113
2120
2216
2344
2450
2491
2437
2310
2128
2003
1960
1989
2051
2152
2214
2208
2159
2051
1895
1755
1656
1663
1737
1886
2004
2038
2004
1871
1725
1614
1564
1596
1654
1720
1764
1785
1750
1689
1603
1544
1526
1523
1593
1643
1681
1708
1671
1617
1567
1519
1515
1564
1631
1679
1724
1762
1791
1808
1796
1741
1681
1666
1700
1763
1817
1872
1902
1932
1984
2067
2115
2091
2033
1973
1945
1903
1864
1882
1941
1958
1941
2000
2047
2097
2140
2155
2157
2138
2152
2150
2216
2258
2316
2366
2351
2324
2254
2247
2278
2330
2348
2342
2313
2280
2247
2200
2183
2190
2227
2279
2294
2302
2261
2189
2125
2100
2086
2114
2134
2111
2083
2040
2008
1986
1960
1932
1927
1908
1875
1828
1800
1788
1797
1852
1940
2002
2047
2073
2093
2071
2039
1986
1974
2035
2129
2197
2251
2233
2151
2047
2007
2047
2162
2269
2355
2361
2310
2207
2134
2093
2091
2122
2203
2296
2422
2495
2498
2436
2324
2225
2180
2204
2276
2350
2409
2442
2373
2257
2152
2058
1978
1934
1957
2022
2100
2124
2109
2074
2008
1968
1915
1890
1862
1871
1901
1951
2022
2015
1967
1926
1876
1871
1892
1967
2041
2119
2167
2211
2200
2127
2073
2039
2050
2084
2147
2230
2310
2353
2332
2293
2244
2222
2243
2305
2359
2452
2533
2577
2611
2607
2537
2474
2438
2442
2508
2609
2686
2708
2707
2664
2588
2499
2447
2416
2464
2589
2706
2786
2800
2754
2657
2531
2437
2371
2371
2442
2558
2643
2674
2633
2524
2402
2314
2262
2287
2340
2406
2468
2472
2414
2319
2206
2140
2135
2180
2276
2389
2432
2400
2348
2301
2254
2230
2243
2305
2369
2402
2441
2433
2412
2364
2319
2316
2335
2388
2445
2518
2557
2561
2526
2471
2445
2460
2489
2568
2603
2616
2609
2553
2511
2476
2448
2461
2502
2538
2565
2583
2555
2521
2492
2465
2455
2475
2523
2514
2492
2434
2341
2271
2236
2235
2279
2327
2361
2386
2365
2295
2195
2103
2035
2022
2083
2166
2221
2252
2245
2185
2111
2054
2036
2058
2113
2167
2204
2192
2139
2081
1988
1920
1894
1927
2000
2062
2128
2165
2160
2104
2014
1931
1897
1895
1949
2014
2069
2124
2115
2083
2042
2005
1959
1932
1923
1936
1938
1934
1927
1935
1933
1923
1901
1871
1841
1815
1799
1807
1792
1812
1814
1780
1740
1703
1643
1571
1532
1500
1499
1548
1587
1617
1598
1551
1474
1405
1368
1374
1410
1470
1528
1574
1559
1505
1408
1345
1301
1287
1321
1346
1371
1367
1352
1313
1273
1238
1204
1219
1234
1263
1267
1283
1296
1293
1275
1241
1224
1207
1219
1236
1259
1287
1298
1296
1282
1268
1239
1210
1183
1159
1159
1179
1204
1270
1305
1298
1266
1224
1180
1177
1188
1223
1266
1290
1308
1296
1268
1235
1238
1274
1257
1241
1221
1243
1290
1336
1322
1309
1314
1279
1239
1175
1137
1151
1259
1470
1658
1752
1688
1507
1281
1121
1089
1176
1368
1598
1784
1850
1782
1614
1372
1167
1081
1123
1279
1546
1847
2048
2038
1832
1497
1165
995
1019
1239
1535
1811
1946
1943
1809
1572
1328
1179
1234
1460
1715
1888
1921
1864
1683
1467
1267
1164
1188
1262
1344
1436
1484
1567
1649
1722
1668
1536
1336
1223
1254
1391
1593
1788
1945
1984
1903
1750
1583
1462
1372
1405
1520
1695
1896
1983
1959
1814
1601
1416
1315
1329
1450
1640
1842
1949
1891
1683
1411
1206
1134
1227
1401
1590
1742
1801
1699
1466
1182
999
977
1097
1306
1526
1695
1776
1717
1585
1392
1244
1160
1199
1316
1482
1657
1775
1811
1734
1599
1473
1431
1536
1749
1999
2197
2334
2376
2352
2295
2222
2182
2225
2320
2482
2668
2888
3108
3288
3425
3486
3443
3401
3417
3516
3655
3813
3923
3965
3947
3885
3808
3732
3740
3857
4047
4094
4094
4094
4094
4094
4094
4093
4094
4094
4094
4094
4094
4015
3782
3585
3425
3302
3193
3146
3111
3099
3056
2991
2894
2764
2621
2478
2336
2208
2103
2023
1939
1823
1690
1565
1472
1425
1452
1479
1502
1532
1552
1559
1555
1539
1486
1438
1410
1372
1372
1378
1375
1367
1379
1406
1476
1540
1613
1712
1786
1890
2008
2108
2219
2295
2319
2345
2380
2401
2435
2471
2531
2618
2684
2756
2857
2949
3036
3126
3208
3239
3229
3195
3145
3154
3162
3208
3246
3267
3284
3273
3228
3204
3179
3145
3140
3179
3211
3221
3138
3059
2952
2835
2727
2643
2610
2596
2627
2654
2628
2562
2472
2414
2397
2428
2513
2608
2699
2780
2815
2796
2705
2608
2512
2443
2456
2483
2521
2551
2599
2643
2671
2699
2683
2659
2664
2655
2669
2680
2704
2687
2637
2546
2432
2329
2252
2224
2202
2253
2352
2433
2470
2463
2396
2323
2268
2257
2239
2240
2225
2187
2115
2039
1938
1848
1777
1710
1848
1693
1616
1575
1513
1424
1338
1261
1176
1099
1054
1035
1028
1008
985
954
923
893
891
889
902
929
948
943
925
876
835
778
721
682
643
627
640
670
700
728
775
806
803
810
803
815
839
906
950
994
1014
998
984
975
955
919
931
914
931
930
953
939
894
864
818
789
779
780
800
806
811
792
872
766
650
602
588
587
593
641
687
732
749
766
775
792
809
834
884
919
957
950
935
901
864
849
852
861
905
967
1057
1120
1160
1195
1212
1219
1225
1242
1246
1270
1292
1315
1349
1395
1438
1457
1459
1463
1476
1510
1559
1599
1632
1666
1672
1668
1662
1675
1670
1695
1735
1790
1840
1866
1871
1884
1897
1927
1967
2042
2105
2165
2225
2247
2230
2351
2297
2294
2312
2349
2358
2392
2418
2451
2457
2435
2426
2406
2395
2388
2471
2532
2566
2455
2483
2447
2364
2332
2335
2311
2292
2291
2317
2353
2370
2398
2411
2424
2414
2376
2356
2326
2322
2296
2327
2321
2333
2317
2309
2406
2336
2305
2300
2319
2352
2390
2442
2488
2523
2531
2566
2583
2611
2631
2649
2667
2672
2707
2712
2720
2727
2727
2727
2758
2790
2811
2863
2931
3017
3054
3096
3117
3126
3103
3110
3137
3158
3205
3252
3285
3296
3307
3329
3353
3372
3393
3418
3453
3507
3553
3555
3556
3544
3532
3515
3524
3559
3566
3574
3579
3574
3580
3555
3551
3536
3532
3523
3504
3483
3459
3403
3324
3289
3257
3234
3218
3216
3197
3170
3147
3111
3094
3065
3033
3010
2995
2992
2996
2980
2978
2947
2907
2885
2900
2910
2955
3002
3030
3038
3027
3009
2982
2978
3008
3037
3072
3098
3084
3056
3051
3050
3068
3079
3121
3160
3197
3216
3201
3186
3143
3104
3064
3028
3003
2992
2991
2985
2937
2867
2800
2742
2687
2672
2651
2630
2616
2594
2548
2492
2412
2326
2268
2213
2174
2148
2112
2079
2049
2014
1959
1903
1838
1812
1796
1799
1851
1888
1927
1930
1902
1836
1776
1740
1729
1761
1812
1869
1911
1923
1930
1909
1891
1888
1899
1944
1991
2051
2085
2110
2093
2041
1970
1907
1888
1922
1985
2069
2128
2151
2137
2090
2035
2000
1989
1984
1999
2010
2019
2012
1938
1859
1784
1705
1672
1641
1626
1615
1624
1596
1551
1501
1439
1371
1314
1288
1298
1311
1304
1297
1243
1189
1120
1088
1054
1031
1029
1036
1027
1025
1006
973
898
823
783
756
752
737
734
726
713
691
669
630
604
567
563
585
599
631
652
664
670
660
674
678
686
718
748
780
815
854
872
891
923
937
956
984
1011
1039
1059
1081
1091
1099
1112
1127
1142
1144
1164
1165
1147
1153
1176
1186
1212
1236
1259
1277
1291
1293
1291
1298
1327
1327
1351
1366
1378
1393
1385
1392
1390
1406
1407
1429
1434
1455
1459
1462
1461
1444
1448
1434
1430
1415
1432
1453
1468
1483
1501
1521
1528
1553
1555
1539
1548
1565
1593
1626
1655
1675
1712
1701
1720
1715
1724
1742
1757
1787
1811
1827
1845
1858
1850
1863
1859
1863
1901
1970
2025
2071
2081
2092
2111
2124
2138
2159
2218
2284
2339
2386
2392
2400
2396
2433
2452
2468
2453
2460
2456
2454
2484
2504
2513
2525
2520
2512
2488
2460
2423
2406
2401
2420
2431
2424
2401
2358
2319
2269
2234
2227
2224
2233
2209
2194
2161
2127
2094
2092
2103
2096
2090
2095
2101
2093
2084
2073
2039
2038
2041
2049
2051
2043
2025
2004
1995
1947
1944
1958
2000
2065
2100
2115
2111
2092
2062
2040
2044
2092
2138
2209
2238
2269
2255
2224
2183
2159
2168
2215
2287
2356
2403
2396
2347
2267
2187
2097
2072
2082
2092
2100
2119
2084
2025
1968
1902
1840
1811
1815
1832
1850
1860
1848
1822
1773
1730
1673
1606
1574
1580
1595
1641
1676
1682
1678
1678
1668
1641
1620
1595
1580
1579
1603
1633
1668
1681
1693
1674
1632
1600
1575
1567
1609
1699
1792
1851
1865
1863
1822
1793
1764
1790
1849
1914
2008
2056
2092
2076
2040
2000
1944
1924
1947
2016
2092
2141
2152
2097
2048
2002
1969
1968
2018
2055
2121
2175
2196
2188
2151
2084
2015
1974
1977
2026
2065
2067
2022
1963
1873
1799
1736
1720
1731
1776
1853
1918
1945
1930
1880
1820
1764
1731
1750
1833
1912
1997
2034
2036
2006
1952
1907
1872
1840
1843
1841
1875
1897
1911
1912
1914
1909
1883
1853
1843
1886
1939
2006
2065
2113
2122
2136
2137
2148
2158
2160
2191
2204
2230
2253
2271
2278
2282
2294
2294
2279
2262
2244
2227
2240
2272
2275
2294
2289
2262
2227
2186
2152
2134
2120
2108
2098
2071
2033
2004
1944
1917
1902
1885
1860
1852
1814
1804
1790
1773
1731
1696
1633
1593
1555
1533
1515
1497
1485
1477
1472
1439
1422
1390
1365
1336
1320
1281
1275
1255
1233
1219
1229
1235
1238
1241
1251
1235
1238
1260
1283
1314
1340
1373
1409
1430
1435
1435
1429
1432
1436
1431
1423
1439
1435
1443
1463
1475
1509
1525
1538
1556
1580
1575
1607
1622
1664
1685
1717
1745
1774
1785
1794
1810
1823
1846
1852
1862
1878
1896
1924
1949
1951
1940
1937
1933
1932
1942
1968
2003
2038
2049
2046
2065
2079
2084
2108
2120
2108
2123
2131
2150
2163
2175
2206
2243
2265
2288
2291
2318
2332
2368
2407
2440
2497
2534
2563
2590
2620
2641
2683
2717
2750
2773
2776
2772
2796
2810
2823
2817
2824
2834
2837
2854
2866
2875
2878
2906
2927
2956
2969
2982
2983
3020
3036
3055
3068
3094
3106
3115
3092
3080
3069
3058
3048
3037
3004
3000
2985
2991
2983
2967
2938
2921
2894
2874
2852
2825
2826
2816
2801
2798
2777
2744
2710
2694
2667
2643
2623
2615
2599
2581
2568
2555
2544
2523
2500
2489
2469
2435
2415
2417
2400
2390
2409
2416
2410
2409
2391
2383
2376
2368
2348
2348
2332
2502
2401
2383
2392
2404
2413
2411
2420
2426
2444
2451
2470
2511
2519
2526
2540
2546
2544
2542
2549
2622
2680
2620
2612
2609
2599
2570
2546
2530
2523
2508
2511
2516
2493
2483
2481
2470
2464
2441
2437
2438
2436
2453
2480
2488
2490
2505
2494
2471
2444
2429
2407
2417
2433
2455
2466
2450
2436
2424
2392
2377
2366
2355
2353
2373
2387
2395
2381
2366
2345
2338
2341
2337
2352
2360
2386
2393
2398
2391
2392
2392
2376
2388
2420
2436
2460
2468
2468
2443
2413
2391
2384
2380
2362
2351
2325
2317
2286
2253
2216
2181
2159
2127
2119
2108
2084
2068
2047
2144
2079
2002
1965
1988
1943
1933
1936
1949
1941
1912
1887
1872
1854
1833
1821
1798
1770
1768
1755
1724
1698
1672
1654
1641
1606
1568
1547
1534
1514
1499
1488
1475
1456
1441
1438
1430
1434
1420
1415
1416
1401
1382
1396
1386
1395
1407
1404
1400
1392
1375
1392
1380
1374
1374
1371
1372
1459
1387
1351
1326
1332
1334
1334
1337
1339
1343
1351
1344
1347
1360
1385
1398
1386
1500
1530
1489
1441
1546
1496
1479
1487
1487
1516
1531
1563
1567
1588
1592
1599
1608
1616
1601
1581
1565
1547
1544
1530
1532
1519
1534
1523
1512
1499
1481
1486
1476
1472
1468
1473
1489
1496
1490
1484
1460
1450
1440
1422
1426
1427
1429
1430
1438
1426
1417
1405
1380
1371
1386
1386
1411
1436
1471
1478
1498
1489
1485
1490
1514
1520
1551
1605
1637
1651
1654
1655
1647
1666
1670
1686
1726
1772
1800
1828
1841
1845
1856
1872
1865
1878
1896
1931
1948
1958
1974
1953
1955
1948
2051
1984
1969
1959
1987
2001
2016
2006
2025
2035
2032
2048
2063
2084
2104
2135
2129
2154
2192
2188
2203
2227
2241
2282
2310
2348
2368
2388
2408
2423
2435
2430
2449
2467
2479
2495
2508
2537
2586
2604
2623
2659
2680
2694
2716
2726
2740
2777
2804
2846
2872
2892
2905
2917
2924
2936
2921
2909
2910
2910
2914
2904
2899
2892
2875
2855
2847
2824
2796
2789
2787
2785
2791
2781
2748
2748
2739
2726
2724
2712
2703
2698
2686
2682
2676
2668
2638
2627
2618
2616
2595
2565
2559
2546
2532
2520
2524
2504
2507
2465
2433
2426
2386
2366
2337
2326
2332
2307
2316
2302
2274
2255
2245
2228
2235
2219
2227
2224
2233
2245
2240
2235
2242
2234
2224
2221
2216
2205
2190
2176
2144
2131
2115
2078
2048
2025
2011
1987
1970
1960
1941
1920
1899
1895
1860
1844
1813
1814
1782
1773
1764
1738
1729
1714
1688
1671
1649
1639
1623
1593
1567
1549
1524
1487
1460
1428
1407
1381
1356
1339
1314
1283
1264
1247
1233
1206
1200
1188
1180
1167
1151
1148
1143
1136
1132
1139
1125
1133
1136
1132
1135
1131
1133
1145
1132
1148
1161
1155
1151
1134
1128
1139
1157
1151
1152
1145
1123
1120
1119
1107
1109
1119
1134
1154
1142
1166
1177
1188
1209
1222
1222
1222
1215
1225
1241
1251
1263
1268
1288
1298
1283
1272
1272
1268
1270
1282
1306
1297
1304
1308
1306
1309
1293
1294
1294
1294
1303
1316
1348
1371
1389
1430
1449
1443
1452
1456
1450
1471
1501
1522
1561
1579
1588
1606
1612
1633
1620
1603
1600
1594
1609
1622
1661
1703
1741
1735
1728
1729
1729
1718
1735
1783
1851
1918
1998
2044
2068
2060
2054
2012
1996
2007
2034
2109
2215
2322
2385
2410
2399
2340
2270
2216
2211
2232
2324
2441
2531
2600
2591
2526
2439
2352
2289
2276
2323
2422
2537
2636
2662
2599
2516
2397
2297
2254
2293
2381
2499
2602
2643
2619
2528
2412
2319
2259
2272
2355
2459
2567
2627
2616
2547
2440
2344
2283
2271
2292
2375
2450
2502
2509
2473
2411
2367
2339
2317
2315
2358
2412
2451
2448
2421
2369
2316
2286
2273
2308
2375
2421
2463
2467
2450
2404
2346
2313
2318
2328
2364
2416
2456
2496
2493
2441
2387
2323
2294
2296
2353
2418
2507
2532
2524
2479
2398
2332
2264
2250
2284
2369
2455
2551
2599
2594
2523
2425
2329
2290
2292
2337
2426
2500
2532
2544
2492
2425
2344
2290
2275
2303
2350
2404
2429
2447
2413
2371
2311
2272
2251
2255
2270
2316
2345
2369
2366
2364
2317
2280
2258
2258
2262
2258
2281
2294
2271
2257
2219
2209
2203
2191
2178
2164
2144
2151
2113
2104
2084
2065
2055
2069
2059
2042
2032
2019
1968
1962
1936
1932
1918
1906
1898
1896
1883
1861
1825
1790
1753
1733
1712
1704
1713
1720
1716
1691
1655
1611
1580
1553
1526
1523
1516
1527
1522
1538
1541
1513
1479
1444
1425
1404
1395
1398
1417
1446
1465
1462
1456
1446
1424
1418
1399
1390
1404
1429
1436
1458
1470
1466
1446
1442
1432
1447
1443
1447
1439
1460
1487
1484
1491
1500
1512
1508
1499
1490
1496
1492
1516
1528
1567
1600
1619
1623
1630
1632
1634
1635
1654
1642
1698
1728
1765
1806
1833
1849
1853
1826
1817
1816
1849
1884
1922
1963
1997
2024
2011
1993
1974
1974
1968
1991
2032
2047
2082
2103
2095
2073
2057
2053
2057
2065
2091
2097
2140
2165
2171
2170
2160
2150
2160
2171
2177
2199
2214
2236
2255
2244
2232
2227
2241
2234
2230
2245
2236
2224
2242
2215
2219
2242
2255
2265
2287
2294
2292
2287
2299
2287
2281
2273
2298
2317
2319
2343
2364
2363
2361
2341
2320
2319
2312
2299
2296
2304
2308
2307
2310
2316
2301
2268
2264
2260
2255
2241
2242
2266
2268
2302
2304
2313
2302
2295
2307
2296
2303
2302
2332
2357
2388
2400
2396
2393
2405
2390
2409
2426
2439
2446
2463
2481
2503
2506
2503
2495
2497
2491
2486
2491
2503
2512
2521
2537
2538
2536
2524
2528
2544
2554
2566
2567
2570
2570
2566
2574
2549
2543
2534
2537
2539
2530
2534
2533
2533
2522
2517
2497
2468
2475
2484
2473
2469
2471
2475
2456
2454
2451
2438
2452
2456
2430
2428
2424
2420
2428
2421
2412
2428
2440
2435
2437
2437
2412
2388
2367
2366
2370
2359
2383
2359
2362
2345
2317
2288
2267
2252
2245
2249
2242
2262
2251
2229
2266
2207
2189
2179
2166
2167
2177
2178
2188
2188
2176
2185
2174
2150
2145
2158
2156
2158
2165
2163
2187
2135
2124
2089
2076
2073
2055
2040
2044
2029
2003
1964
1932
1924
1904
1896
1894
1896
1902
1888
1873
1866
1845
1842
1826
1811
1812
1806
1787
1785
1757
1735
1728
1705
1664
1651
1652
1633
1631
1648
1640
1632
1600
1596
1597
1581
1565
1568
1574
1582
1583
1607
1603
1614
1739
1626
1607
1584
1580
1580
1576
1585
1607
1615
1631
1695
1758
1788
1694
1670
1739
1667
1651
1670
1678
1693
1709
1713
1718
1724
1741
1733
1756
1762
1779
1799
1807
1795
1784
1760
1753
1776
1778
1779
1860
1857
1841
1841
1840
1830
1819
1831
1838
1856
1863
1878
1888
1900
1895
1880
1855
1845
1859
1854
1852
1881
1883
1894
1890
1901
1903
1907
1898
1915
1930
1947
1955
1948
1953
1934
1932
1945
1956
1967
1966
1971
1977
1984
1982
2000
1994
2000
2012
2028
2023
2041
2024
2032
2021
2027
2021
2021
2036
2027
2035
2044
2035
2025
2033
2053
2052
2049
2073
2087
2094
2083
2074
2083
2071
2060
2072
2081
2090
2083
2114
2111
2130
2115
2113
2118
2130
2150
2151
2178
2187
2205
2192
2198
2209
2199
2216
2210
2219
2232
2248
2253
2282
2288
2285
2302
2290
2281
2296
2303
2296
2309
2296
2281
2275
2268
2263
2267
2260
2262
2261
2244
2243
2225
2216
2187
2179
2162
2161
2175
2171
2156
2133
2123
2104
2088
2084
2075
2064
2067
2061
2029
2036
2037
2029
2000
2010
1985
1982
1979
1973
1971
1951
1959
1959
1940
1945
1918
1901
1908
1930
1911
1932
1923
1922
1918
1920
1929
1934
1943
1952
1952
1947
1952
1949
1950
1963
1967
1972
1988
1993
1986
2003
1991
1991
1987
1984
2000
1991
1993
1991
1966
1973
1965
1959
1959
1968
1959
1976
1994
2001
1981
1998
1991
1987
1973
1968
1985
1993
2003
2008
2006
2013
1995
1993
1974
1975
1962
1966
1975
1976
1973
1984
1992
1975
1965
1955
1936
1948
1955
1956
1949
1947
1947
1965
1961
1952
1949
1965
1970
1949
1955
1955
1948
1945
1936
1938
1925
1919
1922
1921
1920
1908
1888
1884
1881
1871
1871
1867
1861
1858
1861
1847
1822
1794
1777
1770
1755
1755
1766
1761
1756
1752
1761
1732
1730
1731
1719
1708
1707
1708
1708
1722
1721
1735
1705
1678
1679
1675
1685
1687
1683
1695
1686
1706
1703
1705
1681
1662
1650
1659
1652
1663
1657
1669
1666
1653
1643
1627
1609
1601
1612
1621
1645
1657
1681
1678
1681
1669
1628
1616
1595
1587
1595
1600
1620
1620
1620
1594
1590
1590
1599
1601
1605
1615
1634
1644
1639
1642
1639
1632
1635
1603
1597
1579
1572
1595
1596
1626
1670
1667
1648
1621
1609
1612
1614
1628
1651
1686
1660
1656
1647
1656
1667
1676
1708
1739
1763
1775
1768
1765
1747
1748
1771
1801
1833
1831
1834
1828
1834
1847
1858
1852
1864
1866
1873
1884
1888
1882
1873
1872
1877
1891
1920
1936
1939
1977
1984
1972
1955
1953
1952
1962
1984
1995
2012
2016
2032
2026
2043
2050
2052
2067
2063
2078
2078
2108
2118
2114
2114
2128
2131
2128
2155
2161
2172
2178
2177
2186
2208
2252
2267
2286
2279
2261
2256
2247
2262
2277
2284
2304
2319
2322
2331
2324
2343
2345
2361
2366
2391
2394
2384
2362
2357
2364
2383
2422
2417
2398
2388
2376
2352
2345
2355
2352
2353
2363
2360
2363
2343
2352
2320
2311
2309
2304
2305
2302
2284
2275
2264
2237
2215
2215
2224
2236
2244
2240
2247
2245
2223
2203
2191
2179
2144
2166
2153
2177
2169
2166
2183
2163
2162
2173
2177
2167
2168
2187
2201
2203
2186
2193
2194
2182
2188
2184
2183
2187
2197
2191
2211
2188
2183
2191
2177
2195
2199
2203
2212
2191
2176
2167
2152
2145
2132
2129
2145
2144
2136
2136
2120
2129
2114
2124
2122
2132
2144
2163
2165
2157
2146
2136
2129
2130
2131
2151
2168
2165
2152
2145
2138
2120
2099
2094
2097
2102
2100
2096
2095
2087
2079
2072
2062
2048
2074
2080
2089
2095
2091
2088
2100
2079
2063
2078
2083
2072
2076
2066
2051
2039
2020
2012
2003
2005
1987
1987
1991
1998
1985
1965
1946
1912
1905
1892
1888
1881
1874
1873
1881
1866
1875
1850
1836
1841
1856
1864
1879
1879
1867
1836
1806
1769
1747
1726
1729
1753
1784
1788
1800
1781
1765
1750
1728
1736
1744
1766
1762
1790
1797
1787
1788
1785
1761
1779
1790
1792
1833
1854
1874
1871
1888
1879
1897
1907
1895
1909
1931
1936
1940
1958
1965
1950
1944
1947
1945
1953
1968
1990
2008
2024
2017
2012
2004
2000
2011
2019
2055
2078
2092
2114
2114
2129
2108
2121
2133
2147
2160
2183
2196
2220
2198
2207
2200
2190
2194
2193
2193
2201
2202
2210
2200
2185
2174
2164
2180
2192
2209
2211
2213
2227
2219
2206
2188
2199
2199
2183
2200
2189
2197
2211
2209
2204
2188
2191
2176
2188
2196
2213
2228
2222
2224
2209
2194
2182
2188
2183
2193
2220
2227
2241
2247
2244
2220
2216
2208
2217
2236
2244
2255
2281
2301
2297
2292
2295
2290
2308
2308
2302
2322
2335
2340
2339
2335
2324
2314
2317
2343
2345
2372
2383
2379
2372
2363
2358
2360
2368
2374
2400
2421
2428
2420
2434
2451
2451
2462
2450
2480
2492
2484
2489
2480
2497
2484
2474
2485
2489
2494
2494
2496
2490
2469
2464
2459
2606
2503
2483
2457
2450
2456
2448
2445
2434
2431
2436
2443
2445
2451
2456
2461
2470
2461
2454
2446
2460
2462
2468
2473
2480
2474
2469
2458
2450
2435
2433
2437
2456
2472
2467
2481
2476
2459
2438
2428
2416
2419
2447
2434
2420
2429
2415
2409
2387
2362
2368
2366
2366
2363
2348
2350
2320
2314
2289
2261
2240
2247
2249
2248
2242
2236
2233
2208
2182
2145
2124
2117
2119
2102
2093
2082
2067
2044
2006
1992
1959
1949
1939
1934
1913
1914
1904
1891
1885
1863
1844
1840
1837
1815
1808
1801
1800
1800
1799
1794
1793
1767
1759
1742
1733
1722
1724
1869
1761
1728
1714
1704
1691
1681
1683
1662
1649
1651
1636
1632
1621
1612
1616
1628
1621
1601
1571
1644
1622
1560
1543
1564
1557
1557
1548
1556
1551
1531
1517
1535
1547
1520
1504
1519
1504
1507
1502
1491
1470
1463
1449
1447
1455
1460
1482
1494
1496
1495
1487
1481
1497
1503
1495
1503
1489
1504
1516
1516
1518
1510
1505
1506
1481
1492
1494
1496
1493
1505
1516
1526
1518
1505
1492
1494
1495
1510
1520
1520
1535
1539
1539
1529
1615
1566
1532
1531
1526
1539
1539
1545
1555
1566
1563
1565
1552
1566
1654
1678
1598
1632
1615
1584
1579
1578
1576
1572
1584
1600
1603
1590
1604
1599
1608
1619
1630
1639
1653
1671
1685
1695
1703
1700
1715
1797
1792
1755
1757
1745
1747
1756
1749
1766
1775
1781
1790
1793
1803
1814
1830
1846
1836
1853
1851
1864
1874
1868
1884
1884
1887
1893
1902
1903
1919
1937
1941
1934
1943
1944
1932
1954
1942
1945
1956
1963
1985
1997
1981
1958
1952
1951
1947
1935
1942
1958
1971
1985
2007
2003
2005
2020
1999
2001
2012
2014
2022
2010
2015
2028
2037
2033
2024
2009
2002
1997
2008
2020
2021
2025
2033
2028
2015
1995
1995
2007
2005
2008
2024
2019
2034
2050
2075
2048
2059
2072
2080
2061
2067
2064
2070
2060
2063
2075
2073
2075
2079
2082
2073
2084
2099
2123
2114
2110
2119
2104
2102
2091
2097
2094
2104
2132
2141
2138
2143
2143
2153
2145
2127
2142
2140
2147
2159
2168
2176
2174
2174
2169
2156
2155
2151
2141
2140
2152
2160
2165
2151
2137
2105
2076
2060
2067
2064
2065
2067
2063
2055
2025
2018
1996
2013
2012
1995
2008
2018
2018
2018
2010
1989
1970
1952
1951
1947
1943
1952
1955
1968
1952
1934
1928
1904
1899
1899
1903
1905
1902
1921
1913
1915
1896
1885
1903
1904
1920
1934
1962
1963
1966
1975
1985
1991
2001
2012
2023
2039
2047
2044
2031
2011
2022
2007
2000
2022
2043
2065
2078
2078
2083
2072
2059
2048
2040
2044
2073
2084
2105
2113
2112
2116
2097
2097
2085
2078
2086
2092
2119
2136
2134
2140
2134
2118
2105
2100
2117
2144
2140
2145
2158
2154
2146
2127
2118
2115
2115
2130
2160
2180
2182
2206
2203
2193
2178
2161
2158
2168
2175
2183
2195
2189
2192
2192
2196
2207
2212
2210
2210
2220
2220
2208
2201
2193
2195
2192
2182
2183
2200
2205
2207
2215
2212
2210
2196
2192
2184
2179
2179
2191
2216
2220
2212
2206
2193
2187
2182
2179
2175
2185
2182
2173
2176
2166
2163
2174
2177
2163
2155
2187
2182
2203
2199
2191
2182
2179
2168
2157
2158
2163
2159
2160
2164
2158
2139
2135
2142
2134
2131
2138
2152
2148
2145
2123
2124
2119
2136
2144
2159
2148
2138
2137
2140
2146
2148
2134
2119
2124
2127
2121
2109
2112
2103
2105
2095
2092
2092
2078
2063
2041
2055
2048
2048
2046
2052
2056
2048
2044
2063
2063
2074
2073
2064
2050
2048
2042
2056
2068
2056
2048
2051
2036
2039
2043
2022
2019
2027
2028
2040
2016
2007
1996
1992
1973
1967
1956
1955
1962
1978
1964
1955
1961
1968
1959
1952
1932
1914
1923
1940
1946
1948
1964
1942
1932
1920
1921
1920
1919
1923
1924
1943
1954
1952
1945
1944
1942
1950
1958
1955
1953
1951
1958
1969
1976
1974
1969
1963
1955
1959
1974
2014
2043
2041
2053
2051
2041
2037
2044
2031
2038
2041
2046
2046
2050
2028
2038
2032
2027
2021
2021
2036
2048
2048
2044
2043
2039
2032
2037
2047
2048
2056
2042
2056
2052
2048
2041
2033
2045
2070
2060
2068
2060
2068
2079
2060
2054
2040
2037
2046
2056
2052
2067
2066
2058
2068
2060
2043
2038
2025
2022
2031
2039
2036
2039
2049
2039
2040
2052
2050
2048
2025
2038
2050
2067
2060
2060
2054
2045
2048
2040
2050
2064
2067
2076
2086
2085
2079
2083
2077
2083
2083
2089
2089
2105
2108
2108
2112
2129
2125
2111
2114
2114
2115
2123
2131
2133
2152
2158
2164
2158
2171
2168
2156
2151
2155
2164
2163
2163
2162
2161
2163
2156
2165
2185
2195
2190
2204
2192
2184
2195
2207
2192
2199
2212
2204
2219
2218
2222
2217
2205
2204
2193
2195
2219
2218
2249
2244
2241
2228
2243
2223
2209
2203
2215
2220
2229
2227
2227
2221
2193
2193
2199
2195
2214
2215
2218
2237
2243
2236
2244
2243
2224
2223
2219
2216
2208
2215
2209
2219
2217
2206
2205
2202
2189
2193
2188
2201
2211
2219
2216
2195
2180
2168
2162
2152
2156
2157
2169
2163
2158
2155
2148
2146
2147
2152
2160
2151
2135
2128
2123
2117
2131
2140
2118
2120
2100
2085
2103
2077
2057
2062
2070
2073
2076
2076
2072
2070
2067
2067
2049
2034
2024
2019
2031
2035
2028
2033
2021
2006
2003
2000
1983
1997
2000
1991
1989
1974
1971
1955
1939
1951
1942
1945
1927
1948
1955
1955
1952
1947
1929
1900
1891
1891
1895
1886
1909
1895
1882
1873
1850
1838
1833
1830
1827
1807
1799
1798
1795
1782
1767
1765
1759
1761
1772
1763
1768
1760
1746
1746
1717
1710
1693
1705
1721
1718
1727
1709
1716
1699
1684
1680
1656
1665
1678
1672
1670
1685
1682
1679
1684
1654
1674
1679
1679
1672
